98.1153
98.8315
98.0656
98.4705
98.3252
97.0883
99.156
98.1575
98.3027
98.4045
99.4817
98.8196
98.3462
98.6824
96.5136
98.773
98.14
97.7302
98.8542
96.7613
98.1447
98.7878
99.4541
99.0178
98.8164
98.036
96.7633
99.2087
99.3285
96.507
98.4008
98.4217
99.0456
98.6364
98.1431
98.8213
98.7059
99.6521
98.5229
98.2964
98.3324
98.7872
99.0692
98.3266
97.0297
96.6002
98.5262
98.7802
99.6697
98.3636
98.1258
96.7787
96.8068
99.1162
98.4617
97.724
98.6056
98.2636
98.43
98.7468
96.4838
99.0849
96.7711
98.3439
98.2851
98.7278
99.7062
99.5044
98.0482
97.3394
98.0515
97.4323
98.0396
98.1149
98.9153
97.7126
98.9552
98.1688
99.4641
98.8813
99.4815
98.1675
98.9468
99.3454
99.4458
98.7702
98.765
98.6539
99.4803
99.1182
96.8056
98.9747
98.4175
98.3264
98.5998
98.0816
98.5045
98.249
98.6892
99.3227
98.4212
98.3796
98.244
98.317
98.2747
97.2426
98.2367
98.2536
99.7845
98.347
98.076
98.9543
99.0023
98.4508
98.105
97.8198
98.6209
99.3811
97.7165
98.753
98.071
98.268
98.7206
98.5625
98.3198
98.8678
98.285
99.0078
98.9136
99.4748
97.989
98.7257
98.6246
98.6774
98.3142
98.2417
98.0772
99.955
97.566
98.3252
96.7148
99.1501
98.2589
98.6897
97.9145
98.3034
98.8738
98.8173
99.2301
98.8633
98.4499
99.192
98.8291
98.4826
99.2629
98.3461
99.5186
98.8003
97.6588
98.3041
99.6962
98.278
98.9513
98.8103
97.746
98.7265
99.8386
99.2565
97.223
99.323
98.8207
96.571
98.7143
98.5478
99.4199
96.8134
97.7173
96.7271
96.6266
98.163
96.6151
96.6106
99.482
96.8004
98.4066
99.6195
98.3192
98.7906
98.5017
98.2382
98.1905
97.9787
98.8662
98.3065
96.5073
99.1002
99.2877
99.9288
98.2453
97.7022
98.8585
96.5885
98.2734
96.7054
98.4584
98.7951
98.9926
99.1108
98.9326
99.988
98.2002
98.5052
98.3294
99.5436
98.8103
97.6188
99.2128
98.246
98.6254
96.6299
98.8608
98.4464
98.2874
98.4159
98.1924
97.0706
98.3494
98.4641
99.0219
98.3319
98.6525
98.1066
98.9134
97.4982
98.6975
98.497
98.304
98.0826
98.6906
96.6645
98.4294
99.0254
98.2727
98.8706
99.1882
97.9027
99.0499
98.6386
98.9092
98.2204
96.635
98.4185
98.7118
98.3122
98.1342
98.1169
97.2096
96.6862
98.1109
98.3772
98.5227
98.4059
98.7486
98.6681
98.3622
97.1532
98.6789
97.9004
96.8064
98.2148
99.2261
99.022
98.8502
98.669
99.4143
98.6438
98.3604
98.3272
96.6687
98.1907
99.0065
98.4838
98.28
99.344
99.3634
96.6766
98.7414
99.6195
98.1147
96.6608
98.4213
98.8976
98.6385
99.405
98.0649
96.5779
98.2223
98.6193
98.7226
98.9899
98.8023
98.8872
99.501
98.75
97.9999
99.5588
97.0965
99.2757
99.0538
99.184
98.9345
98.2735
98.2143
98.2402
98.9884
98.3397
98.5094
96.751
98.8408
96.6904
99.0443
98.4211
99.23
98.516
98.7779
98.7495
98.8427
99.2097
96.7077
99.5447
98.7365
97.1297
98.3796
98.6121
98.8697
96.7437
98.2577
98.464
98.1926
99.1203
99.4866
98.5582
99.4816
98.6882
98.4512
98.7279
98.7617
97.9482
99.4905
98.1172
96.6335
96.7705
98.7378
96.6998
98.3701
97.2437
98.7523
99.1562
98.336
97.7186
97.9004
98.3575
98.7575
98.2553
98.2758
98.3499
98.1711
99.7451
98.6401
98.8715
98.4648
98.296
98.3703
98.7997
97.776
98.4349
99.0347
98.6028
99.2417
99.3676
98.3376
96.7094
97.1064
98.9036
99.4388
98.4472
96.5749
96.8155
98.2681
98.8329
98.6774
97.617
98.7642
99.2159
98.95
98.1121
99.0286
99.2769
97.7883
98.5273
98.4644
98.351
98.776
98.372
98.2931
98.2696
99.6195
98.2538
98.4113
96.5612
98.8896
98.7578
96.9833
99.3164
99.4585
98.3868
98.4174
99.2685
98.513
98.2256
98.4006
98.3588
98.7478
96.6137
99.2514
97.6305
96.6386
99.4668
98.4463
98.6244
98.3884
96.6763
98.9503
98.4259
96.752
98.228
98.8466
98.4108
97.0919
99.482
99.044
98.6345
99.296
98.4106
98.8365
98.9453
98.6685
98.5808
98.7764
98.2344
98.2393
98.2114
98.7093
98.0317
98.1771
99.4373
98.6816
98.2206
98.1607
96.6473
96.6346
97.9615
98.3808
99.2806
98.5338
98.9386
99.4091
98.0894
99.6312
96.7846
98.893
99.269
99.0238
99.4916
98.3293
99.1046
96.7188
98.4582
98.8394
98.0043
98.7243
98.6879
98.6949
99.4742
97.9859
97.6757
96.7846
98.8822
98.4592
98.2657
98.3438
98.803
98.8037
96.6696
98.5227
98.8614
98.8736
98.6749
98.3262
98.976
97.1283
99.9408
98.9756
99.3475
96.7349
99.0123
96.4983
98.7419
98.345
98.8159
98.4229
98.8426
98.7722
98.3422
98.6719
98.9789
98.3635
98.7913
98.1551
98.3719
98.8209
98.6559
98.3257
97.5149
99.3092
98.2811
96.4988
99.4035
98.6636
99.3498
98.9063
98.3493
99.3701
98.4213
96.6567
96.6341
99.5897
98.7227
98.7417
96.6534
96.6413
98.2404
98.2623
98.69
98.2917
98.2194
98.9889
96.8734
99.4481
98.9471
98.3974
97.0635
99.0016
99.0649
98.9283
98.8956
97.1108
98.4107
96.6517
98.4622
99.4942
97.8136
99.2452
98.343
98.4992
99.0729
98.3106
99.4816
98.8569
99.031
96.607
98.0205
98.827
98.2498
99.4072
99.3396
96.7386
98.0826
98.896
99.2343
98.7309
98.7793
98.3746
97.7392
99.8071
98.7512
98.3187
98.3237
99.5842
98.8384
98.9842
98.4066
98.959
98.7968
97.9118
97.9831
98.825
98.291
98.1619
98.2423
99.4173
98.5565
98.1306
97.1168
98.7174
97.0407
98.9141
99.8081
98.7894
97.8035
98.8855
96.7466
99.2131
98.2823
98.7885
96.7075
96.6991
98.6065
98.2226
98.2047
98.7699
98.3388
98.4068
98.851
98.8897
98.9536
98.1174
98.6659
98.8929
99.8276
99.2324
96.7607
97.7089
99.8615
98.2348
98.7412
98.2538
98.9679
98.821
98.6561
99.1519
98.3803
98.3252
98.4064
96.6827
97.0571
98.3497
99.6503
98.6394
98.2693
98.6509
98.337
97.7782
98.1823
98.7524
98.2518
98.2297
97.0262
98.7039
98.812
98.2808
98.5546
99.0136
96.6489
99.4438
96.7335
98.2087
98.1363
98.6074
98.1036
98.5675
99.8266
97.7764
99.4357
97.0695
96.7418
98.8034
98.9428
98.1943
98.1751
98.4234
98.9291
99.995
98.3381
96.6074
99.4158
98.1819
99.4866
97.7497
98.3631
98.9528
98.0497
98.7
98.3328
98.8216
99.2863
98.6503
98.113
98.694
99.4433
99.5307
98.5956
97.9738
98.4317
98.2742
96.6698
98.346
98.1794
96.7549
98.2977
98.9642
98.3424
98.7127
96.6973
98.6768
96.6913
98.3741
98.998
98.7386
98.1332
99.5604
99.3084
96.6608
98.2932
98.7021
99.1546
98.8866
98.1572
99.4856
98.6163
96.6876
99.4853
98.1985
98.8544
99.091
99.2582
98.7988
96.7613
97.7173
98.3939
98.78
99.5622
98.6736
98.3393
98.3229
98.8199
98.1372
96.8211
99.4907
99.4372
98.8346
98.1577
98.3311
99.0485
98.7265
98.909
98.8332
98.7541
96.6121
98.3653
98.3983
98.2856
98.5165
99.2731
98.0798
99.8539
96.6646
98.3156
98.735
98.2872
98.9216
99.308
98.2105
97.0876
98.2152
98.7525
98.3469
99.4963
98.3455
98.4178
97.3298
96.6635
98.7389
99.5247
96.7294
98.372
98.8388
98.4294
98.1344
99.8049
98.8112
98.8343
97.7464
98.517
98.226
99.4573
98.1135
98.6559
98.3943
98.216
99.025
98.8653
98.1874
96.6547
98.0518
98.4149
98.7329
98.7745
97.6061
98.3397
98.8252
98.8047
96.611
98.3635
98.1713
98.2742
98.7651
98.8627
98.3768
98.3472
98.9608
98.9015
98.2555
98.5485
96.6769
98.0777
96.6308
98.7341
97.776
98.6946
98.4773
96.6631
99.0387
98.2256
96.6764
98.4992
98.3246
98.4402
98.3862
96.629
98.2819
98.4306
98.5869
98.8204
98.629
98.7998
96.5571
99.3098
96.843
99.4189
96.8067
98.7302
98.7575
98.1183
98.3799
98.8771
96.6949
99.0055
99.3906
98.8485
99.4149
98.0902
98.2759
98.3804
99.2621
96.6068
98.645
98.3491
99.5523
96.4221
98.182
96.6868
99.5805
98.5045
98.2492
97.5252
98.1625
98.9848
98.1799
98.0709
98.2131
98.56
99.2054
99.3945
96.7322
96.7007
98.8264
96.7981
98.4113
98.761
98.1941
98.8774
98.4066
98.3578
99.3338
98.1701
97.9682
98.1998
98.4526
98.045
98.369
96.5178
96.794
98.4826
96.4759
99.3919
98.0884
98.3946
98.3177
97.7268
99.408
97.6295
96.6205
98.7364
99.2585
96.9773
98.6695
98.7265
98.3566
99.3543
98.4016
98.4116
98.7657
99.3665
98.2304
98.0536
99.3198
96.6008
96.7275
98.9191
96.8068
99.4993
96.6944
98.4656
99.0063
98.7974
98.9448
98.9024
99.3416
98.3893
98.3941
96.7003
99.4405
98.9182
98.9194
98.1346
98.0283
98.9297
98.7569
98.4898
98.9625
99.0535
96.7121
98.9036
96.7133
96.5668
98.8651
98.7782
98.928
99.4903
98.248
98.3585
96.772
98.4129
99.5475
99.6399
98.9146
98.3317
98.8691
99.2989
98.9278
98.3824
98.7847
98.3837
99.1035
98.1702
98.2114
98.3652
98.3383
99.1143
98.8502
99.5138
96.7302
98.7156
98.9633
96.3896
98.8221
98.1585
98.2226
99.6962
99.6707
98.2033
98.7585
99.4236
98.3169
97.2299
98.3183
98.9121
98.9069
98.5953
98.3277
96.6609
98.1701
98.7849
96.9782
98.3185
98.3469
98.3772
98.4164
98.4385
98.1604
96.5579
98.8619
98.6989
96.6348
97.1532
98.633
97.062
98.6619
97.9804
98.8643
96.7118
99.5844
99.4556
98.306
98.3683
99.0837
96.8146
98.3177
97.0936
96.7469
98.2983
98.6723
98.3363
98.9226
99.2031
98.7853
96.6327
98.6471
97.8533
98.1588
97.8379
97.7971
98.5035
96.6725
98.8786
98.3879
98.3689
98.6335
98.7991
97.9585
98.3483
98.4225
98.0533
98.4147
99.1793
98.3741
98.3948
98.82
97.7635
98.8082
99.2381
98.933
98.4464
97.6072
98.7239
98.7883
98.2633
98.1095
99.0523
99.3367
97.0086
98.2897
99.3681
97.3544
98.4472
98.9645
98.9026
99.1429
96.6458
98.8165
98.3785
98.3104
98.6562
99.2619
96.7225
99.1697
98.7188
98.9312
98.7841
98.9999
96.685
98.3874
99.2246
98.8093
97.9309
98.497
98.2931
98.6896
98.3687
98.6021
97.0164
98.4037
98.2487
97.0165
99.4709
98.2607
96.7383
98.2572
98.6958
96.9782
98.3799
98.2947
98.269
98.7611
98.306
99.325
97.1036
98.4801
98.3378
98.8858
98.867
98.6826
98.7035
98.8527
96.5235
97.2674
99.2128
99.0711
99.3028
96.7859
98.5622
98.7232
98.6579
98.9405
98.2516
98.224
98.126
98.1931
99.519
99.1064
98.8117
99.2513
98.754
98.9
98.8734
98.7253
99.1081
98.3406
98.3019
97.1085
98.6564
98.8964
96.5627
98.6283
98.2018
98.7814
99.0355
98.4435
96.7175
98.4455
98.7397
96.6121
96.6493
98.3732
98.3911
97.731
98.1818
99.4384
99.0304
98.2584
98.2237
98.3142
98.2798
98.2623
98.9619
98.0697
96.7331
96.8056
98.7021
98.3642
98.7144
99.1051
98.3108
97.5934
99.1929
98.2652
98.5338
98.7756
98.9197
98.3939
98.9396
98.8631
97.0973
98.3764
99.5814
99.5928
98.143
98.4119
98.9696
98.7402
98.1353
97.0747
98.2931
98.209
98.2697
99.3626
98.6003
99.6191
98.3463
96.6481
98.8255
98.3187
98.2323
98.8227
97.921
97.7595
98.2939
98.3097
98.2978
98.9117
97.8722
98.4115
99.5798
99.4997
98.3892
97.6897
99.6916
98.8971
98.2659
98.1712
98.2875
98.7705
98.8681
98.0967
99.8799
98.8943
99.0225
98.9822
98.2675
98.3584
98.8868
98.3262
98.6844
96.5605
98.4928
98.2164
99.0748
96.6967
98.1258
98.9173
98.1365
96.6925
98.4695
96.7008
96.6994
99.259
96.6811
98.2533
98.8053
99.3456
96.6344
97.0204
97.0512
98.9095
98.3481
99.484
96.7862
98.4446
98.9645
98.0763
98.4546
98.328
98.7397
98.8447
98.3432
98.5125
97.2558
97.7041
97.7184
96.8173
97.2178
99.6884
98.8225
98.2337
99.4446
98.7202
98.239
98.7646
98.5112
99.624
98.4368
99.0677
96.6236
98.5069
98.7078
96.7514
97.6605
98.0182
98.7482
97.8204
98.1971
98.2661
99.3027
98.3315
98.7737
98.4361
98.6996
98.164
99.4714
97.4967
96.5832
98.9421
98.0121
99.2834
98.7407
99.3132
98.4471
99.3361
99.4712
97.6388
98.7339
98.3321
96.7761
98.3759
98.5865
98.8775
98.4142
98.2855
98.5284
99.2892
99.8716
98.7168
96.7039
98.3657
99.29
98.801
98.2659
98.9914
99.5869
98.3867
98.3766
98.6759
98.8722
98.8192
96.4759
97.5586
96.4169
98.26
98.0215
98.2883
97.2924
97.0261
99.1357
99.1466
99.5006
96.8878
98.6044
98.2125
98.9533
97.1216
99.8313
99.0934
98.0251
98.3199
98.9338
98.481
98.8928
98.241
99.847
98.4936
99.3636
99.5206
99.3718
99.0976
99.3658
99.3249
98.7378
98.2779
98.8202
98.7591
98.7356
99.5739
98.2651
99.5154
99.5474
98.2892
99.4427
98.3071
98.4245
98.3102
98.5919
99.7203
98.5571
98.3499
96.7285
96.6756
98.3324
98.782
98.3669
98.213
99.3071
96.7748
98.329
98.8803
98.5213
98.2689
96.7426
98.2304
96.7567
98.8279
97.705
98.3502
98.019
96.7363
98.8641
98.8558
98.992
98.7636
98.666
96.6586
98.2825
98.4953
98.1646
99.2555
96.6056
98.4935
98.348
98.4388
98.1753
98.1612
98.9162
96.6455
96.6486
96.7535
98.0892
98.3569
98.2474
98.0386
98.1997
97.7371
98.2919
98.163
99.7253
96.5938
99.462
98.8556
96.5575
99.3896
98.312
99.2374
98.9975
98.2424
98.2175
98.8209
99.4472
99.1026
98.7641
99.1015
98.6801
99.2225
98.7096
98.7926
97.0605
98.3264
99.3593
98.4184
99.0204
98.2784
98.2924
96.727
98.0387
99.2976
97.55
99.3765
96.7216
98.3611
96.7644
99.2908
99.3535
98.6574
99.182
98.0668
98.9732
97.7168
98.5989
98.3036
98.2122
96.739
99.7535
98.2531
98.1294
98.2506
98.1992
98.4429
97.7365
99.2765
98.9152
96.6391
98.2661
98.9273
98.7501
97.1037
99.448
99.4891
98.6902
98.8548
99.4389
98.4229
99.4197
98.8012
98.7159
99.2673
96.6242
96.7627
98.5974
98.0357
99.584
98.3355
98.1933
97.1171
98.9641
98.3382
99.5655
98.8436
97.7111
97.5675
99.0093
99.1156
98.7841
97.7149
98.4064
98.3621
98.3303
96.7746
98.1602
98.688
98.354
98.2684
96.9682
99.0821
98.337
96.4805
99.6069
97.0431
98.2945
97.1364
98.2693
98.9289
96.6704
97.9962
97.0821
98.2742
99.4601
98.1512
98.3424
98.4257
98.3136
98.4115
96.4907
98.7874
98.6711
96.7094
98.0244
98.1629
96.7456
96.7094
98.737
98.465
96.8348
96.7896
98.4018
99.1313
96.6699
98.24
99.4938
97.8796
98.3844
98.3065
97.0422
98.803
98.7015
98.353
96.7119
98.7133
98.208
98.3878
98.8096
98.9603
98.4157
96.6297
98.4015
99.4584
98.7337
98.2234
99.075
98.9241
98.8701
98.3145
98.0623
96.7778
98.8312
97.1035
98.3555
98.8768
96.6892
98.9898
99.1438
98.8436
98.668
98.9331
99.6199
97.9533
99.8266
98.3127
98.3154
98.1262
98.3718
98.9018
99.1714
98.2473
98.1814
99.4234
96.5872
98.8838
98.7745
99.8266
98.3096
97.7577
98.331
99.325
98.4485
96.635
98.4145
98.7
97.1244
98.832
98.9628
99.9618
98.7405
98.2175
99.2921
98.6989
98.2858
99.3397
96.5767
98.6832
98.8721
99.7036
98.2536
97.761
98.3399
99.2225
98.7418
97.0752
98.7611
99.3192
98.7489
96.802
98.2727
99.449
98.2906
98.5968
98.1958
99.3845
98.3391
99.14
98.3456
98.7807
98.8616
99.0414
97.9976
97.8363
98.8342
98.6872
98.7297
99.2867
97.837
98.2941
98.6116
98.1859
96.6468
98.415
96.6516
99.3456
96.6779
98.706
98.3138
98.2844
98.7201
96.6757
98.2976
99.0639
96.7075
99.3435
97.0858
98.2425
99.4817
97.1897
98.329
98.3932
96.5171
99.547
98.6637
98.3055
98.4334
96.7405
96.949
98.8794
98.9597
96.6708
99.5034
99.0494
98.3508
98.6766
99.2877
98.9143
96.6782
98.196
99.3573
96.7635
99.0142
98.2258
98.752
98.1827
99.3978
98.215
98.306
98.9258
98.7984
98.6906
99.2007
98.7463
99.1859
98.4931
97.7479
99.4644
96.3827
98.5986
98.0623
98.8332
98.9033
99.5005
99.4875
96.5299
98.2028
98.7836
97.9758
98.9058
98.9908
96.7474
98.4336
98.3828
99.629
98.7908
96.6487
98.6777
99.1495
98.8953
98.2408
98.6798
99.0426
98.2565
98.3642
99.5954
99.1433
98.8836
97.2622
98.7231
99.0992
98.7638
99.3469
98.3425
99.7289
98.4416
98.288
99.3929
99.4578
98.5828
98.0719
96.6678
99.0263
98.731
97.5528
98.7223
97.1283
96.6232
96.7151
98.8421
96.7117
99.6842
96.609
98.8286
98.2491
98.8484
99.1359
99.318
98.8713
98.7815
98.4849
99.5457
99.3008
96.6547
98.3206
98.6253
98.8065
98.8658
98.3157
99.2365
99.0147
96.6979
98.2259
99.4207
99.4248
98.1304
98.7212
98.5937
99.3238
98.3348
98.4198
97.0841
98.9695
97.9818
96.569
99.7311
98.828
98.7074
98.3412
98.4615
97.6351
96.9387
98.3561
96.6789
98.2954
98.4269
98.1561
98.1699
99.4463
98.251
98.4869
98.7757
96.5597
98.8044
98.9194
98.2605
97.0885
97.6851
98.4092
98.6635
99.7746
98.4008
98.347
98.3555
98.1462
99.5017
96.5206
96.8584
99.5844
99.4527
99.4478
99.407
96.6204
98.382
98.7306
98.739
96.708
99.6885
97.4777
99.2585
96.7167
97.7893
97.0292
98.7628
96.7885
99.4947
98.3414
98.4029
98.732
98.2434
96.7447
97.7659
96.7851
99.3753
98.9141
98.2966
98.7589
98.23
98.3672
97.8627
98.1771
98.737
98.3653
98.7327
98.91
99.367
98.431
98.5826
98.7639
98.1134
98.4354
99.2318
96.7309
99.5614
98.6088
98.2314
99.6182
98.3349
98.3635
99.1704
99.1451
96.5372
98.1751
98.4126
98.8423
98.4454
96.6266
96.6379
98.5649
98.2359
98.5562
99.7344
98.4096
98.7155
98.9915
98.233
99.5219
98.8449
99.4639
99.05
97.1224
97.9654
96.7211
96.6493
97.7389
96.9254
98.3382
99.2067
98.7313
97.7731
98.7672
97.2024
98.8138
98.9674
98.7374
97.5844
98.3482
99.4815
99.3703
98.3945
97.7893
98.2533
98.8506
98.9704
99.0361
98.0304
98.4352
99.3335
98.4515
98.3784
96.4706
98.1766
98.2501
98.2582
98.577
98.6535
98.7695
99.7342
98.3773
98.6364
98.8966
99.3847
96.7659
98.8066
98.2896
99.4061
98.1141
98.1761
96.7408
96.5571
98.2954
98.9458
98.8752
99.364
98.2913
98.7238
98.4703
98.9235
96.7545
98.4318
99.4159
98.1815
98.1334
98.8235
99.8365
98.2195
96.6038
96.6384
98.4525
98.8612
96.6858
98.0034
98.7727
99.0967
98.9145
98.9096
97.271
96.8432
98.2659
98.6667
98.3214
98.7615
96.6569
98.6774
99.3325
98.2057
98.3027
98.0386
99.2462
98.6927
98.1943
98.7097
98.8202
98.3853
98.2424
97.0702
99.9812
98.4161
98.9631
98.2771
98.3092
99.4539
99.5294
98.3754
98.5958
98.5256
98.1847
97.0742
98.2674
98.2884
98.5449
98.5748
98.2752
98.159
98.4476
98.2174
96.7916
97.1994
98.3649
99.3488
97.8492
99.4549
98.1118
99.0537
98.4351
98.2874
96.7228
98.295
98.2546
98.8682
98.9046
99.5535
99.7533
96.6832
99.2286
98.8278
98.2794
98.8587
96.5353
96.6412
98.2312
96.7443
98.1893
98.3737
98.216
99.301
97.3033
98.7493
98.1141
98.6336
98.3301
98.7051
98.4191
98.2872
98.4071
98.5948
99.9922
99.3639
98.8305
97.6614
98.955
98.7587
96.547
98.6678
98.4216
98.1982
97.9153
98.727
97.9799
99.1702
97.9404
99.0345
98.1423
97.6898
98.7284
99.3713
98.258
98.9669
98.4175
96.7137
98.7036
98.6809
96.6409
98.3608
96.6074
98.6892
97.626
96.5663
98.2763
99.0141
98.5838
99.4184
99.0796
98.2609
96.7386
98.9613
98.2827
98.8283
99.2579
99.0458
97.0877
98.2578
98.8065
97.6284
98.0778
98.8766
98.2927
97.7421
98.3829
96.6655
96.5928
96.7164
98.3335
99.2044
98.4213
97.5546
97.9359
99.7094
99.3207
98.7365
98.964
98.3927
98.7084
99.147
97.8664
98.2487
98.8318
96.6369
98.3623
99.4382
97.0717
96.5338
98.3507
99.0407
98.6009
98.6733
99.3585
98.7494
96.7025
98.7881
98.4017
98.2478
99.2901
96.6875
98.2445
99.3468
98.7777
98.3872
98.7551
98.8058
98.3579
98.4002
98.9105
99.8276
96.7229
97.5577
98.3462
98.2791
98.7418
98.4746
98.2495
96.6957
98.2704
96.665
98.2896
98.3996
97.7262
99.011
98.7546
98.2908
98.1593
98.8384
98.1593
98.2023
98.2805
98.3637
98.6928
98.9627
99.1871
98.9065
97.7229
97.8023
98.3981
96.7727
98.8447
98.6504
98.9916
98.8912
99.0688
99.5026
98.1676
98.3613
98.7247
99.5852
98.0661
96.6999
97.8296
96.6915
99.3733
98.1101
96.555
98.7651
98.8532
98.8539
99.1533
98.7537
99.3354
97.8298
96.6091
96.6295
99.6629
98.3793
98.326
98.5533
97.0723
96.7209
98.8375
98.3453
98.6089
99.6838
97.0596
98.6074
98.36
98.3313
99.3219
98.3298
98.3978
98.5163
98.3432
98.2214
98.2316
98.3355
99.1023
98.6449
99.0016
98.2807
98.3582
99.0261
98.9681
98.5179
98.8709
98.3274
98.2658
97.7885
99.0077
99.5479
96.629
98.365
98.4568
98.7611
96.5733
98.6139
98.3339
98.8083
98.7628
98.4372
98.4275
98.1006
97.5818
98.6867
98.0522
98.18
99.7765
98.7696
99.2135
98.5946
98.2733
98.6883
98.4432
98.1649
98.7103
98.3348
98.4458
99.6014
98.2461
98.3725
98.6629
98.5696
99.4668
98.1563
98.697
97.6124
98.2737
98.4249
99.6633
96.5626
98.2396
98.6345
98.2259
98.2578
97.9493
98.8093
98.3905
96.5393
98.0429
96.554
98.319
99.1195
98.4677
98.1269
98.2771
98.4534
98.7537
97.7569
99.0267
98.3046
99.2878
98.3062
98.2329
98.354
98.8646
98.8755
98.3606
99.3304
99.4658
96.6374
98.7568
98.2596
97.1751
99.3231
98.8656
99.9748
98.2229
98.5952
99.4251
96.7138
98.3148
98.4334
98.8906
98.2023
98.0509
99.0838
98.3576
96.6571
99.5891
99.2081
98.272
96.6487
99.03
98.1384
98.787
99.2731
97.1348
97.6696
98.2837
98.331
98.6232
98.7979
98.8674
98.2729
99.3893
96.6451
98.0938
96.6304
97.7203
98.4431
98.2382
96.6835
98.8502
98.8185
98.5865
98.2432
97.989
98.5389
99.5019
98.9264
98.3623
98.789
98.3915
98.1487
99.2757
98.2614
98.8681
98.9532
98.8226
99.0065
96.7464
98.8096
98.5913
98.8105
98.408
98.2607
99.3919
96.826
99.6866
98.2155
98.4215
98.1979
98.7678
97.5554
98.9029
97.1944
98.2786
98.6416
99.3839
98.2374
99.5058
99.5032
98.7551
97.7827
98.8893
98.6752
98.3731
98.2735
98.2648
96.9313
98.3102
98.2978
98.6884
98.8724
99.2583
98.3533
98.8697
99.4007
98.2297
98.3161
98.3232
98.8435
98.3629
98.7301
98.2985
99.4289
98.4266
98.4336
98.8242
99.306
98.2583
99.1637
99.9964
99.9963
98.8204
99.4695
98.9021
99.5183
98.6656
97.6172
98.3733
98.2719
98.2847
98.6394
98.2548
97.9771
99.0135
97.6908
99.0609
98.2393
98.8986
98.2571
98.2764
99.2041
98.3266
98.3358
98.8661
98.0569
97.1106
98.2118
96.7168
98.1652
99.3105
99.1629
98.1695
99.3098
98.3274
98.8796
99.5531
99.4977
99.3321
98.2198
98.7702
98.4575
98.7881
96.7201
96.6945
98.7367
98.1335
99.387
98.8059
98.6942
98.9647
98.3046
98.7488
98.1677
99.3391
98.2423
97.9673
98.1404
99.3558
96.6182
97.6338
98.3787
96.6739
98.8216
98.8166
99.3889
98.8222
99.6104
98.7644
98.3405
96.6407
96.5396
98.058
98.7907
97.1155
98.4507
97.9198
96.7062
98.066
98.9406
98.293
96.7117
98.9712
98.6381
96.6489
98.3131
98.1865
96.9272
96.6741
98.3296
98.882
98.3773
99.1244
99.5593
98.4736
98.9032
98.7406
96.7027
98.9403
99.5588
98.8802
98.0498
98.4102
96.756
96.7022
98.9904
98.49
98.8742
99.4489
98.3641
98.6803
98.3068
98.318
97.8256
98.7476
98.2967
96.663
96.6454
98.4575
96.7523
98.9527
99.9066
98.7719
98.603
98.8428
98.8516
99.0648
98.0943
96.587
96.6782
97.6239
99.266
99.0216
98.1791
97.1091
98.8771
97.9896
98.7561
99.3428
98.324
99.4695
98.7194
98.7447
98.1366
97.9004
98.9612
99.2443
97.7118
99.4103
97.0206
99.4558
99.143
98.2945
98.2822
98.6929
96.6433
98.3924
98.9252
98.7843
99.4245
99.4147
98.9172
99.231
98.9834
99.2024
98.2342
98.7888
98.0069
98.9282
98.5079
98.3834
98.316
98.1001
98.1997
98.4255
99.3541
98.0728
97.1224
98.1607
98.3698
99.0455
98.5049
98.1827
99.9422
98.7734
98.8151
98.8444
97.1033
98.8121
98.7704
98.3477
98.4419
96.6822
98.2937
99.0395
98.4895
98.362
98.7255
98.6283
98.8073
98.1249
99.4327
98.4018
98.8877
98.3071
98.3783
98.8962
99.1539
98.8574
98.2338
98.1324
98.2843
98.31
97.1504
96.6283
98.8656
96.7491
97.5965
98.9399
99.1064
97.7185
98.226
98.4051
99.3677
98.6213
98.3626
98.85
98.1675
98.8555
98.3922
98.3873
97.8716
96.6769
98.4634
98.3713
98.1629
98.3158
96.6828
98.9441
96.6659
98.7273
98.0894
99.3454
99.3987
98.2675
99.3995
97.6472
98.9423
97.658
98.6778
98.2273
99.0614
98.0645
99.1086
98.0624
98.4214
98.4463
96.7818
98.151
99.5634
98.689
96.6235
98.7561
98.0959
96.6095
98.7999
98.5936
98.5795
97.6611
97.7572
99.4587
97.1343
96.6259
96.6788
98.9679
98.7646
98.414
99.5028
98.7686
96.6904
99.0583
98.4203
98.4255
98.1609
96.8145
97.9851
99.5362
99.0002
96.7486
98.9074
98.4584
98.6342
99.529
97.758
98.1537
96.4885
99.4743
98.3908
98.7321
98.3451
98.1423
97.0972
97.1284
98.069
98.7295
98.0676
96.8502
98.7955
99.182
98.2022
97.8107
98.9743
99.3363
98.3514
99.3762
96.6305
99.4753
98.7604
98.2827
99.3559
98.363
99.7959
98.866
98.2331
98.9146
98.7662
96.7301
98.998
98.4783
98.712
98.3473
99.026
98.776
98.2354
98.8947
98.0872
98.9627
97.9135
98.7728
98.4526
96.6612
96.6249
98.0229
98.3317
98.2018
97.6805
99.3465
98.9397
99.025
96.8163
98.1967
98.3569
96.4748
96.5925
98.8852
98.8594
99.5268
96.7502
98.7433
97.1308
98.8279
98.9945
98.7985
99.3035
98.6981
96.7236
97.9475
98.7784
98.988
98.2949
98.2976
97.9378
98.7579
98.2624
96.6576
98.1685
98.1178
98.4514
98.2023
96.7815
98.6484
98.4426
97.5794
98.9424
96.6335
98.2743
98.7818
98.3494
98.276
98.6941
98.6775
98.6734
98.2407
96.7521
98.4679
98.7492
99.3804
98.8101
98.0926
98.6725
98.3238
98.1498
96.6843
98.8734
97.0981
96.691
98.3545
97.2776
99.677
98.2807
96.723
98.8188
99.2865
98.2519
98.8996
98.7251
98.2465
98.3411
99.9943
97.9986
99.1804
98.7495
98.2286
98.7056
99.0289
96.7135
98.112
99.0203
98.8169
98.2777
98.9007
98.3378
98.297
96.8313
98.7995
99.3703
97.9934
98.8266
99.3831
98.7022
99.0885
98.5028
99.0277
98.371
99.417
98.0789
98.2692
98.4246
98.4142
98.5811
98.1757
98.2781
96.6623
97.2899
98.2588
99.3135
98.3381
98.3917
98.8165
99.0557
98.9529
99.3709
98.2968
99.365
96.6879
99.1782
99.1669
98.4184
96.6475
98.3954
98.2705
99.4056
98.8393
98.5661
97.0359
98.8984
98.2901
97.979
98.3685
99.2522
98.6984
98.9247
98.6678
96.7291
98.3868
98.1178
98.097
98.251
98.8205
96.9969
99.3202
98.7961
98.2561
98.9302
98.7736
96.9827
98.3019
98.1961
98.6975
96.6218
98.2569
98.1609
98.5231
98.3502
98.0691
98.0452
98.1986
98.3046
98.2589
98.315
98.732
98.7583
98.8457
98.6757
96.5981
98.7276
98.7014
98.112
99.3959
98.9126
98.9939
96.6543
96.7759
99.0142
98.3905
97.8645
99.4635
99.292
98.6784
98.2459
98.3176
98.9606
99.704
96.6261
96.5841
99.4132
98.2231
97.2035
98.2453
99.2787
98.7435
96.5783
96.954
98.4393
96.7454
98.3884
98.1437
98.1286
98.1436
97.6976
96.7631
97.9259
98.9194
99.4282
98.2879
98.2444
96.6899
99.3285
98.8422
99.6023
99.1494
99.3036
99.5603
98.1429
96.6601
99.4005
98.3188
96.7394
99.4814
96.6923
99.2081
98.7359
98.9511
99.1205
98.3691
98.3427
96.684
98.781
99.2957
98.224
98.6815
99.2243
99.3759
96.5548
98.3582
98.8019
98.7804
98.3349
97.715
99.3839
98.1458
99.4433
99.8312
98.217
98.0786
98.9957
98.3014
98.8218
98.8499
99.4066
99.7028
96.7138
98.4899
98.3457
97.4593
98.6408
97.0972
98.9767
98.6475
96.7021
96.7405
96.6899
98.8079
99.3334
98.3958
98.335
98.292
98.9786
99.5906
96.6658
98.3411
97.0585
99.5457
96.6361
98.4729
97.3512
98.9302
98.9741
97.7807
99.5838
98.3032
97.0205
96.64
98.7313
98.0923
99.5639
97.7541
98.7937
96.6836
98.3102
96.673
97.1473
98.4501
98.7925
98.6517
99.8482
98.3657
98.4581
99.4025
99.4979
98.2458
98.4168
99.7537
98.9617
98.3262
98.706
97.2426
98.1978
98.406
98.8462
98.348
96.7302
96.5561
98.8341
97.7254
98.6968
99.4749
98.4598
97.7438
96.6391
97.8103
98.2741
98.9696
98.7562
98.3945
99.2376
98.6364
98.7813
97.6982
98.9612
98.6519
99.1898
99.4434
98.681
99.0652
98.695
98.1742
99.191
98.5864
98.7993
98.7485
98.721
99.6149
98.1426
97.7337
98.5692
98.3984
97.1936
98.5487
96.6327
98.0287
99.2725
98.3589
98.594
98.1325
98.5522
96.6232
96.7406
99.3622
97.6937
98.308
98.9814
98.9014
99.537
98.6758
98.6502
98.8771
98.156
98.3462
97.1943
98.2591
96.6124
99.4659
98.8562
96.5503
98.5296
97.8058
98.735
99.7253
97.9934
98.8137
96.702
98.1423
98.333
98.2561
98.0878
96.7325
98.098
98.2842
98.8297
98.7258
98.6119
99.2228
98.5207
99.434
98.8704
99.1428
98.279
98.9942
98.6345
98.3813
98.2626
99.6191
98.7331
98.795
98.1743
98.4411
96.5929
96.7291
99.2081
96.6352
96.9833
98.7053
98.8267
98.4491
96.6735
96.8112
99.755
98.3715
98.4762
98.7388
98.7686
96.7168
98.8964
98.9636
98.2527
98.179
99.0951
98.4264
98.7271
98.3894
96.6033
98.2552
98.3454
98.7276
98.7808
98.4995
98.1725
98.8462
99.289
98.8979
96.6312
98.3221
98.6568
98.6238
98.7574
98.4419
98.6908
96.632
99.4129
98.8714
98.3603
96.7544
98.2779
98.5945
98.2078
98.3698
99.2318
99.5339
96.7613
96.6862
96.8121
99.5038
99.3224
96.6597
96.7132
98.8505
98.345
99.9905
97.7186
98.8299
96.5787
98.9735
98.9174
98.1953
99.6537
98.0912
99.3172
98.2835
98.7287
98.6613
98.1665
98.8182
98.9015
97.7808
97.1149
99.3198
96.6623
98.7551
98.0894
98.7401
98.5218
99.5146
98.1784
97.0742
97.8019
96.7085
98.2784
98.8268
98.7115
98.8625
98.3258
99.6149
97.1245
99.2562
99.3558
98.3267
98.9588
97.0816
98.7971
99.1165
98.856
98.1734
96.7404
98.6269
98.3504
96.5934
98.7738
99.5436
98.7313
97.9207
98.3317
98.452
96.8027
98.9037
98.9659
96.6309
98.3581
98.3919
98.9712
98.2125
99.5028
97.7691
98.678
98.4163
99.0627
98.8009
98.2596
98.3981
98.6506
98.8758
99.459
98.8309
99.5769
98.3123
98.9131
98.4427
96.6834
99.4671
98.959
98.4253
98.8162
98.8794
96.6789
97.2083
98.4947
98.3426
98.3487
96.7587
97.5955
98.769
98.7648
99.1886
99.3757
98.6687
96.6996
99.5008
98.248
98.3539
98.4784
98.8298
98.9612
98.7672
96.6235
98.7593
99.5757
99.3521
98.0896
97.0921
97.1797
99.2775
98.7291
98.2365
98.7734
99.4459
98.688
97.1622
98.7233
98.8576
98.6973
98.19
98.6328
97.0346
98.3686
99.0404
97.6851
96.6074
98.1922
98.6218
97.9659
98.84
98.879
98.6882
99.7666
97.9752
99.0889
99.4579
98.1469
98.3549
98.9147
99.3584
98.2532
98.0718
98.8197
98.3451
99.5461
99.2648
96.7355
99.389
98.6829
98.387
98.7267
97.6687
98.9141
98.0851
99.2654
98.5264
98.3044
98.3792
98.0019
98.7674
97.7309
99.3657
98.6292
97.1423
96.5621
96.6238
98.7202
97.0497
98.2479
98.3888
98.7804
98.8185
98.8486
98.7107
99.059
99.3719
96.5429
98.8325
96.6089
96.7921
98.0697
98.6784
98.4115
99.4079
98.5202
98.9216
98.2822
98.8654
99.3394
98.7766
98.2389
98.6213
99.4052
98.9356
98.7472
98.1264
98.8444
96.7291
98.7902
98.1546
96.6775
98.3762
99.3117
98.1967
97.8966
99.438
99.3475
99.1052
98.4066
99.5629
96.5815
98.3031
98.9333
99.2409
98.6913
99.4452
98.2489
99.4634
98.7453
98.6961
98.8369
98.7513
97.9773
97.8497
98.7102
96.6825
97.2189
99.1938
98.3336
98.1408
98.9986
98.2004
98.2062
98.6682
97.043
98.3084
98.0404
98.9981
98.4173
99.0681
96.8482
99.4757
98.8187
98.1845
98.3917
98.7196
99.2159
96.6917
96.6085
98.5512
98.2848
99.0812
96.6934
98.835
96.5569
99.5526
98.8851
98.4064
98.7896
96.7885
98.4612
98.7123
98.7849
98.1022
98.379
99.4194
98.9121
98.8113
98.9869
99.1908
98.1506
98.0504
98.2441
98.8715
96.5173
96.6512
98.8667
97.1514
96.7238
98.3247
96.6965
96.7888
98.7248
99.1633
98.6633
99.0592
98.9227
98.6945
98.3624
99.4161
98.9117
98.563
98.4586
99.2071
96.6236
98.0609
99.0355
99.6452
99.1716
99.399
98.5247
98.1546
98.3801
97.0713
98.7782
98.7332
98.8222
99.3012
98.2589
98.7467
99.044
99.1552
96.7693
98.3751
98.1773
98.3366
98.3355
98.6165
97.7338
98.9054
97.0431
98.1708
98.7313
98.3346
98.5739
99.0588
98.6292
98.7393
98.4435
97.9172
98.3721
98.7841
98.275
97.849
99.4549
98.8883
98.0876
98.6141
99.2151
98.3049
98.4161
98.8055
98.5696
98.6133
99.5038
98.8617
98.2908
97.1548
98.1142
98.2579
99.045
98.8185
98.263
98.427
98.2831
99.6503
98.4719
99.0573
98.9348
98.3955
99.2338
98.3402
99.4697
96.776
98.6174
96.7112
98.1948
98.321
97.5871
99.4472
98.6989
98.3389
98.7023
98.6757
98.642
98.1243
98.8487
98.7843
96.7596
98.3387
98.6445
98.693
98.8279
96.6738
98.7151
99.3632
98.055
98.9141
99.1377
98.7244
99.011
98.3121
98.6451
99.2651
98.2799
98.0723
96.5735
98.5719
98.4231
99.6084
98.612
96.6458
98.7821
98.9274
98.7433
98.8345
98.899
98.9494
98.8407
98.3427
98.2391
99.8319
98.9762
97.1263
98.8937
98.3655
98.3272
98.4374
98.2943
98.3901
99.4952
97.6355
98.6151
98.3883
98.7606
96.6935
99.2815
97.721
99.6467
99.4821
98.7419
97.9377
97.1299
98.3398
97.7896
96.586
98.3689
98.7836
99.0178
98.8921
98.8032
97.7751
97.7521
96.6543
98.5792
98.8502
98.8159
98.8755
96.764
96.755
98.7142
98.8409
99.8896
98.4385
98.3173
96.6117
99.2641
98.1742
98.8925
98.3312
99.1622
98.6409
98.3186
98.226
99.1156
96.75
98.9714
98.3267
98.6645
98.2939
98.3074
99.823
99.4424
96.6708
98.0575
98.7206
98.6915
96.7036
98.6885
98.2789
98.3093
96.6909
96.756
99.7759
98.2899
98.2453
96.7937
98.2393
99.1843
96.6519
98.6262
98.2648
98.2985
98.4081
98.0606
98.2784
98.2186
98.3162
98.2454
96.7112
98.7557
99.2035
99.495
99.0719
98.2533
96.8349
98.5696
96.7801
97.1232
98.1053
96.7222
98.2662
99.2008
98.329
98.3164
98.6536
98.3642
98.4311
98.7573
99.0254
98.3061
99.5757
98.8471
98.2372
99.1863
98.2786
97.9503
98.7099
98.2119
98.3395
97.5066
96.617
98.0727
98.4284
98.9513
96.6209
98.8205
98.4626
98.4376
98.4874
99.2151
98.7132
98.2006
96.6555
99.3738
99.0996
99.0549
96.6065
96.6286
99.5462
99.285
98.6433
98.2062
98.9944
98.8845
98.7919
98.2743
98.1553
98.4673
99.5671
96.6459
98.1982
98.8704
98.1787
99.1883
99.0136
97.8356
98.0998
99.2976
99.0755
96.6769
98.7572
97.9496
98.3756
98.8235
98.6233
99.3091
99.7214
98.6706
99.3294
98.1351
98.8621
98.2111
98.4081
98.3936
98.2239
99.427
99.5528
99.0976
97.9463
98.8365
98.6775
97.6977
99.216
98.6533
98.3827
98.72
99.8087
98.701
98.5486
99.618
98.2795
98.97
98.8746
99.5368
98.8418
99.1604
99.4449
98.7908
98.3237
98.8297
99.035
96.7333
98.4127
98.2557
98.3412
98.7332
99.5901
98.6766
98.3119
98.9371
98.7165
98.0735
98.1403
99.3156
96.643
99.5048
98.2298
98.9166
98.7997
98.9105
98.3052
98.6315
98.1481
99.3442
98.2948
98.2644
99.2789
96.6707
98.2587
99.0558
98.3989
97.9199
98.6327
98.6506
96.604
98.9485
98.4263
97.052
99.2855
97.6362
98.6412
97.1012
98.1169
98.374
98.9554
98.3436
97.5675
98.3582
98.5522
99.2044
98.8153
98.2524
97.7914
98.1818
98.2384
98.3895
98.9783
98.4468
98.7255
98.4387
98.0636
99.3583
98.7451
98.4589
99.0563
98.0995
99.414
98.4253
97.9286
99.2655
99.0537
99.1494
96.9908
99.02
96.7162
98.8764
99.0937
98.2618
98.0651
99.2364
96.7035
98.7888
98.1495
96.6225
98.8391
98.8793
97.9872
97.7278
99.3727
98.6434
98.2037
98.9588
98.3347
97.6302
98.7701
98.4285
96.7984
98.436
98.5356
99.7629
98.3973
98.3499
98.1796
99.068
98.0929
97.375
98.2754
98.3455
98.3117
98.3157
97.6682
98.7312
98.6993
99.0742
96.6381
98.8838
99.2911
98.6663
98.1887
96.7217
98.8304
98.3462
99.3738
98.3747
99.3971
98.6972
99.3165
98.2763
99.6317
96.6129
97.7851
98.7158
96.7746
96.6485
98.4282
98.4475
99.0779
98.1341
98.2308
98.9431
99.6113
98.3705
98.2623
96.6471
98.2086
98.3385
99.1183
98.4132
98.3818
98.3248
97.1391
98.6396
99.4652
99.1007
98.7303
98.9975
98.0638
99.3705
98.4161
98.3962
98.756
98.3551
97.0673
96.708
98.4105
98.9321
98.7185
98.3647
98.481
96.7952
98.283
98.1263
99.3607
99.3241
99.3471
98.2072
98.3283
98.262
99.2396
96.758
99.0106
98.2729
98.5136
98.3332
98.8283
99.4173
98.8512
99.0793
99.3448
96.9214
98.3844
98.4001
98.8586
99.3204
98.7505
99.3085
98.3836
96.7488
98.1987
98.1448
97.6433
98.9302
97.1338
97.7278
99.3543
99.808
98.8515
99.4962
99.2599
98.3022
98.9791
98.2281
96.6299
98.8137
96.6942
99.5323
96.3825
99.289
98.2434
96.7171
98.9793
98.7524
99.0162
98.2657
98.4096
99.294
98.748
98.6096
98.8125
98.9164
96.6652
98.179
97.1283
98.2125
99.0041
98.4024
98.7713
98.0605
98.3193
98.085
98.6676
98.6
98.3098
99.3127
96.6571
98.6022
99.9534
99.229
98.692
96.7329
98.3699
98.4719
98.7826
98.8703
98.2447
98.8346
98.7447
96.5887
98.3289
98.9117
98.8494
98.8018
99.082
96.9418
98.7682
98.467
98.6885
98.7718
98.1557
97.0118
99.5897
98.2947
98.3999
99.3942
96.6693
98.2664
98.3157
98.3766
99.0838
98.8419
98.2432
98.8539
98.233
98.1128
98.2757
96.8166
98.2604
98.68
98.7334
96.6103
98.8976
96.6277
99.1009
98.2181
97.6482
99.3904
98.2446
99.0772
97.7145
98.3643
98.4005
99.4699
98.2975
96.5888
99.0636
98.3612
98.6653
99.4085
98.9058
98.3602
98.4107
98.8828
98.4786
98.2444
98.9328
99.1469
99.5491
98.0759
98.6225
98.4639
98.8981
96.7352
97.7979
98.6581
97.6526
99.3087
96.658
99.0948
98.719
98.6161
98.7769
99.4669
98.8326
99.2006
96.7571
98.2968
98.7014
99.1325
97.062
96.7959
98.4962
97.2787
98.3388
99.8293
98.274
99.4333
98.1759
98.8229
98.3449
98.8808
98.8064
96.8174
98.3307
98.2848
99.5419
98.794
98.9018
97.8092
98.2407
98.3881
99.715
98.598
98.3645
96.6703
98.2487
98.2767
98.3767
96.7626
98.8159
98.371
96.6743
98.8204
98.1332
96.619
98.842
96.4779
98.3483
99.0485
98.7847
97.5307
99.402
99.3989
98.2637
97.0423
99.4168
99.3488
98.5867
96.7492
98.3273
98.55
98.2736
98.7293
99.2486
98.4525
98.3651
98.2816
98.4154
99.3709
99.3906
96.7819
99.1993
98.259
99.0914
98.8276
99.0559
97.9418
99.0166
99.4733
98.63
98.6844
98.3678
96.6143
98.8193
98.8642
98.7612
98.7323
98.5808
98.2883
98.6448
98.3847
98.3197
96.7402
98.2929
98.7792
98.4829
98.7774
98.7786
98.365
98.3582
98.9132
96.5347
97.6242
99.9033
98.8115
99.5954
99.3285
98.3953
98.1634
98.3518
99.3789
99.0347
96.7673
99.0483
99.3318
98.6447
98.1949
98.1966
98.9808
98.7378
98.8348
98.8477
99.2119
98.3152
98.6739
96.62
97.6946
98.3894
99.3483
98.356
98.2889
98.0161
98.472
98.9247
99.3464
98.4899
98.7165
99.0993
98.5302
96.7331
96.7862
99.3183
98.4086
98.8159
97.8954
98.8072
98.3259
98.2749
98.2993
96.6675
98.7557
98.9766
98.4748
98.3414
99.37
98.6491
98.2452
98.2729
98.3464
98.6701
98.3188
98.1441
96.725
98.3286
98.3964
98.1293
98.2712
98.7557
98.316
97.8304
98.7707
97.8501
98.3275
98.1841
99.1007
98.6433
96.7348
99.9607
99.0524
98.2921
98.7703
98.6126
98.8667
98.4221
99.1635
98.4187
98.8019
96.6519
98.2432
98.9447
99.1046
98.2704
98.4158
96.6861
98.5807
96.7303
98.0113
98.9539
99.1729
97.776
98.3647
98.9635
98.8981
98.7357
98.2425
99.265
98.2258
98.7551
98.5513
98.6034
99.5018
98.6536
97.7688
99.4907
98.5878
99.0861
96.2587
99.3863
97.1877
98.7359
98.2791
98.0876
98.5414
98.8206
98.2812
98.6679
97.9974
98.7036
97.1468
98.816
99.5183
99.4349
98.3985
98.6397
98.0322
98.8306
98.7332
98.991
98.3126
99.4393
98.2215
96.6822
98.5789
98.2942
96.6926
98.7402
98.9111
98.7032
99.3795
98.3398
98.2653
98.5455
98.2868
98.7364
98.6004
99.3586
98.0947
99.1263
97.3496
98.2502
99.1026
96.633
98.3983
99.2693
98.1126
98.4134
97.5711
98.3429
98.6938
98.4104
97.9977
99.3689
98.1055
98.5728
99.0627
97.9955
98.2242
97.0149
98.0005
98.8953
96.797
98.2887
96.6939
99.3353
98.3727
99.0517
99.3819
98.1286
98.1597
97.9114
99.4944
98.3465
99.0107
98.9399
98.3483
98.8024
99.3176
96.7404
98.3247
98.073
99.6918
97.553
98.3562
98.5079
98.3313
98.3897
99.8851
98.3126
96.717
98.1793
98.856
98.8257
98.9783
99.9614
98.7963
98.3232
98.255
98.678
98.8848
96.6775
98.4155
98.2403
98.9096
98.8654
98.2772
97.9784
98.2153
98.9531
96.7008
99.2696
99.2697
98.2885
98.582
99.2413
98.329
99.3787
99.5306
97.1192
98.8121
98.7476
99.5013
98.3855
99.4594
99.4066
98.4437
98.4217
98.4318
98.3851
98.6144
98.9228
96.7503
98.533
99.3357
99.4778
98.3788
97.9978
98.6929
99.3391
96.7121
98.6334
96.6458
98.0546
98.7777
98.9623
98.392
98.9442
99.9657
98.3397
98.9916
98.808
97.8425
99.0421
96.7066
98.712
99.458
98.9793
98.9854
98.4279
98.7785
98.2937
99.5743
96.7134
98.7464
98.5557
98.2645
98.9548
98.8754
98.247
99.5812
98.1554
98.1033
96.7004
97.77
99.4662
98.2518
99.1971
96.6546
96.6299
98.7312
99.3632
98.3005
98.0268
98.6707
99.2316
98.8476
98.3752
98.4694
99.1934
98.7619
99.4236
98.2613
98.4188
98.1718
98.2267
98.6877
98.9235
98.8069
98.4062
98.7837
99.103
99.2947
98.2932
98.6699
98.3995
98.6391
98.8584
98.6833
98.3409
98.7276
98.7488
98.2863
99.2907
98.1346
98.3913
98.2666
98.0358
98.4062
97.8636
98.1923
98.345
96.7047
99.2908
97.787
98.3916
98.2079
96.8049
98.0901
98.9323
99.7584
98.1638
98.1701
98.3445
99.6593
98.5414
98.6437
99.4749
96.7369
98.7924
99.4255
98.7931
98.1494
99.3847
99.3607
98.0147
99.305
98.2932
98.2165
99.0514
96.7695
96.6918
98.417
96.5975
98.1922
98.4227
98.4346
98.2989
98.5894
98.8695
96.71
99.0169
97.8967
99.4126
98.2185
98.2664
99.144
98.436
98.6337
98.3641
98.3136
98.3572
98.6256
99.5178
98.7245
98.3261
98.931
97.7102
96.6785
99.5875
98.4618
96.5539
98.0457
96.8275
98.2656
96.6769
99.8336
98.2182
98.1236
98.9937
98.3966
98.6777
99.6403
98.2692
98.3676
99.0734
98.5562
98.8531
98.3876
98.2695
98.6225
98.0083
96.5735
98.2766
97.8906
96.7964
98.7538
98.4898
99.0895
98.2474
99.4269
98.6498
98.8854
98.3236
98.2686
98.6446
98.0325
98.7539
98.9414
98.7635
98.962
98.7162
98.2387
97.8008
99.5624
98.8465
98.049
98.6682
98.486
98.4475
98.3244
98.8312
98.3481
98.2723
98.392
99.0403
98.2842
98.2217
98.3538
98.6659
98.8412
99.5692
97.9529
98.8113
98.2017
98.7716
98.2649
98.6917
99.1914
98.6802
98.4656
98.2178
98.2975
98.1971
97.5288
98.3209
98.3542
97.6226
98.3345
98.685
98.972
98.2654
98.2297
98.2222
99.4863
98.8656
98.8539
98.7998
98.9686
98.2217
98.237
96.6716
96.6182
98.8449
98.9104
97.3557
99.5634
97.8175
96.6317
96.7308
98.6096
98.2063
98.0668
96.4208
98.7414
99.0277
99.0068
99.4086
98.5677
98.7523
98.243
98.6493
98.7792
98.3752
96.6722
98.2001
98.3689
98.6124
99.3544
98.1394
99.1019
98.8704
98.5525
99.3241
98.2848
96.7918
98.9579
99.2782
99.2916
98.2021
99.3209
96.6824
98.7558
96.7625
98.444
97.6035
98.7699
96.7343
98.1248
98.2012
98.9473
98.5435
98.8039
98.663
98.7719
98.2479
96.7664
98.6632
98.3597
98.4744
98.2158
96.7877
98.9437
97.4398
98.77
99.0284
98.1208
96.7232
99.4501
99.4214
96.4819
98.6063
96.5976
96.8396
98.2157
97.6722
98.2329
98.9645
98.2504
99.41
98.1315
99.4306
99.5027
99.0152
98.5829
98.7843
99.382
98.748
98.6205
98.3899
96.562
98.2126
99.345
98.5409
98.9569
99.9932
97.1614
98.5491
98.3417
98.0661
96.6709
98.6409
98.4301
98.9778
98.9736
99.3494
99.4563
98.312
99.3275
98.1886
98.998
98.2664
98.1846
96.7198
98.3011
99.8336
99.3832
98.6961
99.0255
98.0392
96.7141
96.7284
98.1903
97.7376
98.7138
96.7588
98.8792
98.3457
96.702
98.3334
96.7672
98.2603
98.3936
98.8042
98.1126
98.6385
96.6778
98.7519
98.5928
99.2492
98.9039
97.0596
98.9516
96.6862
98.72
96.7725
98.7831
98.4283
99.299
99.0717
96.7608
98.7577
98.1822
99.4311
98.8487
98.8907
98.9433
98.9945
98.9009
96.7032
98.072
96.8503
98.7997
96.6724
98.8618
98.4715
98.344
98.2507
96.5698
98.2141
98.3484
97.7522
98.5927
99.3344
98.4087
99.0624
98.8465
98.8311
97.2682
98.2246
98.6173
98.27
96.478
99.0336
99.5505
98.3343
98.7614
98.3113
98.0382
99.9169
98.1402
98.2204
99.0223
96.6645
98.8606
98.8013
98.1224
98.586
97.2227
98.1802
98.7338
98.1491
98.6427
97.921
96.6709
98.8891
98.4274
96.6988
96.6569
97.1663
98.6615
98.3615
98.4589
98.8134
98.8742
99.4681
98.3915
99.1503
98.7613
98.946
99.509
97.8601
98.2514
98.2725
98.9321
98.8212
98.711
98.2729
99.2203
98.7109
98.228
96.6084
99.233
96.6988
98.8173
96.6262
99.3044
98.2868
98.6605
96.7416
98.3858
98.9834
99.1892
98.2461
99.4743
98.2945
98.6028
98.8349
99.0742
98.3819
98.7141
99.3738
97.8344
98.8014
98.7379
98.7028
98.329
98.2242
98.4698
99.2374
96.6425
98.564
98.7108
99.3149
98.1412
98.3464
99.5981
98.0511
98.6857
96.7971
98.1336
98.6546
98.7523
99.3729
99.3714
98.1711
99.3069
99.6412
98.214
96.8771
98.9397
98.9905
98.87
97.0672
98.7128
98.7971
96.8236
98.64
99.3438
98.2386
98.712
98.2417
98.3655
97.0723
98.3371
97.7563
98.1898
99.3629
99.2667
99.0767
99.0173
96.7827
98.6717
98.2105
96.7133
98.7111
96.7063
96.6757
98.4008
98.8526
99.3976
98.4111
98.4053
98.2925
99.4373
98.8896
98.9568
98.1683
96.7375
99.3448
98.9134
97.8588
98.871
98.3796
96.7702
97.7506
98.95
98.9984
96.6598
99.0629
98.2679
98.3348
96.7456
98.6563
98.8967
99.054
97.8015
98.126
98.839
99.763
98.7418
98.4473
98.2729
98.9387
98.3265
96.7388
98.2635
98.6313
99.5183
99.171
98.3386
98.2901
98.6805
98.6344
98.8075
98.9627
98.2367
98.3504
98.3627
96.7365
97.5203
99.5448
98.3831
98.3548
98.225
98.9684
98.9516
99.5084
99.4016
98.8068
98.1533
99.2821
98.5729
98.5395
98.3307
99.2172
98.4799
98.2816
98.8341
99.3193
98.2164
98.378
98.6069
98.6583
99.0602
99.5515
98.9118
98.8945
96.762
97.7537
96.7335
98.302
98.1896
98.7147
98.7538
96.8593
98.2843
98.3147
98.4901
98.3905
97.2885
98.3393
98.8989
98.6433
99.3246
97.8761
99.5979
98.3896
99.107
98.1214
98.2722
96.7316
99.3129
96.6906
98.2408
98.7837
98.0064
99.2907
98.3782
96.7728
98.5604
99.0695
98.8145
99.5235
98.7742
96.6168
99.4929
99.4137
98.3292
98.1035
96.5432
98.8305
98.3352
96.7855
96.7622
98.2542
99.45
98.1239
99.5504
96.5307
99.1762
99.0214
98.6324
96.6939
98.9516
98.564
96.5598
99.4274
99.227
98.7489
98.321
97.0403
96.6835
98.7645
98.8089
98.5094
97.5491
98.9046
98.981
98.2607
98.278
98.8016
97.8286
99.4091
98.7326
96.6257
96.7643
98.3324
98.0934
98.3818
99.239
98.3468
97.8232
98.25
98.6682
98.4871
98.1914
97.6832
96.7174
98.4208
98.674
98.296
98.3394
97.7589
99.215
98.2778
96.79
98.4016
99.4424
97.0531
98.3044
98.2908
97.1367
96.7715
98.6028
98.388
98.2991
99.4196
99.5084
98.2283
98.1574
99.118
98.8106
98.8349
98.83
98.2942
99.4066
97.6955
96.6587
98.1581
98.4031
96.5804
98.9095
99.4898
99.356
98.0121
99.3437
99.9914
98.4483
98.1691
98.1933
98.3578
98.9504
98.2002
98.4309
98.5721
98.1951
98.284
98.2389
98.7454
99.3865
99.3269
98.3655
98.1313
98.9024
96.7238
99.8615
98.5179
98.7482
97.1091
99.0836
98.3689
98.0023
98.5865
98.7919
96.9608
98.6546
99.2396
98.4108
98.4611
98.2047
98.6032
98.6703
98.9671
96.6809
98.3482
98.9443
96.6874
96.7464
97.814
98.2415
99.3658
98.3208
96.6734
98.9121
98.6422
98.9838
98.9453
98.82
98.3003
98.439
98.7802
98.3166
99.3222
96.6242
98.321
99.285
98.4091
98.4225
98.2984
97.1161
96.7092
99.2871
98.6937
99.5619
99.5802
96.7011
98.2501
98.1586
98.7209
98.2406
99.1387
98.3473
99.7291
99.2522
97.8204
97.2221
98.8475
98.2573
98.6675
98.4523
97.8897
98.6498
98.6432
99.375
98.6725
98.7201
96.5967
99.2035
98.0869
97.0764
98.7058
99.5064
99.0519
97.9681
98.5517
98.1604
98.4084
98.3332
98.2954
97.0725
96.7362
99.4773
98.3153
98.7178
99.0211
98.2781
97.2262
99.5574
98.0511
98.3891
96.736
98.2573
98.2782
98.1713
98.2001
98.1312
98.0225
98.6102
98.8278
98.1563
99.2299
99.1907
98.6827
98.1404
96.7989
98.8383
96.5535
98.6386
98.4088
98.0276
98.6285
98.4616
98.2776
97.9923
98.1948
98.9414
98.2773
98.1569
98.1276
96.7022
98.3522
99.0748
98.6993
98.3216
99.0522
97.0281
98.5978
98.8402
98.8062
98.7753
98.2597
98.9234
96.6392
98.3417
98.3656
99.429
97.8354
98.7143
98.4138
99.4253
98.687
98.2727
98.9504
98.5212
99.0962
98.2651
98.1096
98.8222
98.8763
98.3302
98.6763
98.5867
98.5592
98.4376
98.2968
98.0245
99.5263
98.7324
98.3856
99.4061
99.3007
98.3236
98.4303
99.1089
98.0786
98.8613
98.3112
99.4303
98.5844
98.7592
96.7767
98.5949
98.2223
98.3424
99.0195
99.4022
98.3876
98.2961
99.0602
96.9242
99.5464
99.4214
98.1618
97.108
96.6039
99.347
98.8752
98.711
96.8506
98.8441
99.3132
98.2723
96.6765
99.9378
96.7215
98.674
98.7421
99.2805
98.1219
98.4806
98.5226
97.9947
96.7509
98.0568
99.473
98.7179
99.2109
98.2403
99.1198
99.4882
99.4761
99.0116
98.4198
96.6812
98.1816
98.3636
99.3093
99.0012
97.0476
98.7865
96.6864
97.1841
99.2116
96.6593
98.6754
97.7067
96.7749
98.6717
96.699
99.4948
98.8705
99.7725
98.7225
98.6198
99.521
96.7141
98.8465
96.6473
96.6455
98.4785
97.6415
98.6523
98.3398
98.4514
96.9786
98.2996
98.6981
98.0697
99.596
98.1556
96.717
99.1648
99.6312
98.3624
98.862
98.9121
96.68
98.3476
98.8174
98.345
98.422
98.3693
96.9607
99.2453
98.0973
99.6644
98.1398
97.9425
97.9444
98.6978
98.597
98.2572
98.2919
97.0816
99.4225
99.0885
98.7592
99.5294
99.1984
97.1182
96.7761
96.8607
98.3288
99.2296
98.2515
98.3382
98.5666
99.4475
99.3984
99.5637
99.598
99.653
98.8322
97.1156
98.3473
98.978
97.8777
99.629
98.8396
98.9432
98.5679
98.9071
98.4068
98.5683
96.79
98.9263
98.6594
98.5614
98.6419
99.574
96.7644
97.1982
99.5464
99.2511
98.3882
99.2173
98.9169
98.7107
96.6897
98.9166
98.0828
96.6715
97.8887
98.6943
98.3904
97.0226
98.3151
96.6199
97.0035
97.0513
97.6252
98.0537
98.3252
98.3139
96.7209
98.8111
98.2147
98.8257
99.4658
99.6754
96.7629
99.2201
97.9389
98.8066
99.4463
98.3756
96.7372
97.1054
98.9922
98.339
98.2952
98.6246
98.3593
99.4474
97.0655
98.6668
98.3507
96.4939
98.7603
98.1915
99.0344
99.5399
98.3838
98.2351
96.6366
98.2772
98.8694
96.9724
96.7183
98.651
99.5187
97.8379
98.939
98.8226
98.6599
98.9743
98.8452
98.4481
98.2809
98.3739
97.2999
98.8317
98.189
96.7232
98.2742
99.0154
98.4184
98.7802
98.6036
98.4513
98.3479
96.5437
98.4127
98.3914
96.6601
98.4513
97.2404
99.3357
96.6708
96.7905
98.4146
97.1077
99.4778
99.2455
99.9743
98.7713
97.0321
98.2135
98.3922
99.0573
98.2293
98.5152
98.2777
98.79
96.6506
96.8303
99.2066
99.5979
98.2285
98.251
98.4156
99.4876
98.188
99.2051
96.7931
98.3041
98.4843
98.1179
98.6348
99.5123
96.722
98.6453
97.7993
99.5743
96.7981
96.8516
98.9412
98.7327
98.1938
98.849
98.6749
98.8919
97.0882
98.243
98.3758
98.1846
99.4429
98.3894
96.7679
98.2866
98.6923
98.8239
98.8292
98.1579
98.8234
99.2786
98.3715
98.5213
99.2423
99.7053
98.2344
99.5254
99.4287
96.5735
96.7707
96.5846
98.9511
99.0924
98.2397
98.2633
98.2615
98.014
98.2341
98.0998
96.7155
98.2037
98.2297
98.9013
98.3506
96.7295
98.7753
98.9583
97.7318
98.3287
98.6705
96.6451
96.7404
97.8169
98.8735
98.5487
96.8349
98.3211
97.9342
98.89
97.1652
98.1978
98.7048
98.6026
98.721
98.7592
98.2791
98.1584
98.7814
98.7842
98.939
99.261
98.3683
97.1069
98.2693
98.2611
97.1714
96.7625
98.1936
96.6271
98.5367
98.3336
98.7901
98.2988
98.3889
98.244
99.306
99.5039
98.808
96.706
98.8372
98.3711
98.0974
99.1083
98.2114
98.8822
98.6682
99.1746
98.9829
98.3978
98.1059
98.3728
98.8649
98.6559
98.2822
98.8615
98.1652
98.9048
99.6403
98.5182
98.4553
98.3329
97.5376
98.9995
98.6625
98.8065
99.1512
98.9823
96.5797
98.5358
99.4218
97.6674
98.3445
98.0936
98.7569
96.6045
96.7355
98.7738
98.8047
96.7293
98.3648
98.182
98.2121
98.3064
98.6402
98.7774
97.0318
96.8349
97.8801
99.6643
99.3556
98.9122
98.9069
97.0019
98.669
99.0905
98.9631
98.1354
98.6575
98.3311
98.4525
98.303
98.8962
98.8495
98.9005
98.4796
98.3461
98.256
98.6551
99.0675
98.5133
98.4749
98.3157
98.7757
99.3239
96.5406
98.06
98.4928
98.6602
99.3456
98.5678
96.8034
98.8276
99.6046
99.5821
99.0314
98.6171
98.0617
99.4214
98.9946
99.2023
98.6294
98.4226
96.755
99.1429
97.9947
98.78
98.5968
99.5425
98.7802
99.5184
99.0543
99.5005
98.8485
98.6808
98.8939
98.2997
98.3952
98.9146
96.6801
99.0527
99.3423
98.4525
96.7021
97.7232
98.6696
98.3773
98.2736
99.4554
98.7835
98.8005
98.8902
98.7645
99.6371
97.3572
96.6802
96.5718
98.3193
98.7749
98.2524
98.6858
98.4391
99.309
99.3862
98.4869
99.7535
99.3414
98.6292
97.7635
99.2844
98.8339
98.9766
99.4903
99.4364
99.5447
98.0865
98.2583
98.8507
98.2791
98.3953
98.4328
98.7392
97.7475
97.1969
98.2655
98.3499
98.1897
98.2337
99.0618
98.1415
98.622
98.812
99.1787
98.4519
98.7882
98.5998
97.417
98.6657
98.7206
98.3255
98.8136
98.2429
98.5898
98.7648
98.0371
98.7489
98.788
96.728
99.4257
98.0049
98.4106
98.2346
98.3407
99.093
98.1749
98.0409
97.6366
97.9611
98.4505
99.9815
98.157
98.8393
98.7333
96.6613
98.3484
98.4098
98.282
99.3909
98.4272
99.9937
99.0578
98.2722
99.9829
98.3051
99.1691
98.6894
98.9276
98.3137
99.0309
98.4416
98.5329
99.4181
98.4024
98.6315
98.3651
98.2613
98.3376
98.7388
98.8276
98.7419
98.4587
98.9067
98.2931
98.5807
96.6945
98.1352
96.7734
98.4511
98.4051
97.0607
98.6642
97.0117
97.6218
98.2922
96.6896
98.3935
99.916
97.1426
98.1646
98.2704
99.1416
98.2896
98.3626
98.7796
98.3906
98.3726
98.3623
97.8222
98.6633
98.8457
98.8633
99.2417
98.9758
98.7625
99.1185
97.1613
98.8205
98.7118
97.5006
97.2995
98.7488
98.1591
98.9894
99.3264
98.4422
98.7766
99.5446
98.7839
98.3824
98.5801
98.323
99.2381
98.715
98.7078
98.0078
98.7507
99.2858
98.9774
98.7918
98.37
98.4294
96.6141
98.631
98.7882
98.9793
98.3328
99.0418
98.7138
98.9401
99.6232
98.7992
98.301
98.9194
98.7486
98.678
96.706
97.858
98.6852
99.5089
98.7994
96.7614
98.7495
96.7943
98.1721
98.8305
97.8159
96.8318
99.0159
98.2244
96.7419
98.4175
99.4278
96.6309
98.3179
98.4122
97.9258
96.7344
96.5524
99.7623
98.2541
98.3711
98.5945
98.6754
98.1249
99.4537
98.6718
99.4262
98.1831
98.4252
98.3696
98.3013
98.2739
98.9995
98.2129
98.9195
98.7119
98.3742
96.5921
98.7618
96.6057
98.9468
98.1222
98.7268
98.8233
99.3583
98.4223
98.2939
98.3021
98.2343
99.0065
96.6275
99.3259
99.4025
99.2659
96.6365
99.2908
98.1325
98.8799
98.6659
99.5466
99.7316
96.7067
96.7215
99.4736
96.8571
98.3067
98.446
99.5237
98.9854
98.4957
97.8613
98.8618
98.3022
99.0845
98.7462
96.6884
99.0151
99.0953
98.3931
99.0361
98.8119
98.2451
96.681
98.7813
98.1334
99.1341
98.2856
96.6323
96.7993
96.8336
98.402
98.1555
98.3988
99.9432
98.3119
98.219
98.1827
98.6424
98.3029
96.6022
98.0684
99.4261
98.5665
99.4136
99.459
98.7607
99.0558
99.515
99.3332
98.7533
98.4437
98.2789
99.415
96.7101
98.7192
97.839
98.2813
98.7444
98.6949
96.7711
98.5698
98.4008
99.1456
99.454
98.7808
99.2949
98.2521
98.7315
98.4513
98.0982
98.2828
98.8653
98.761
98.7172
99.3861
98.3405
98.3095
98.6594
98.4059
98.8186
97.1307
98.1503
99.4319
98.7674
96.7382
96.539
98.8424
98.3776
98.8666
98.4985
98.3326
98.3148
99.549
96.6058
98.1121
96.6842
98.4472
98.7214
98.011
99.0539
98.9743
98.4636
96.801
97.0509
98.5106
99.395
97.742
98.3139
98.7173
99.3265
99.5348
98.769
98.7859
99.2203
96.569
98.4414
98.26
99.6386
98.2329
98.6613
98.6853
96.7422
98.3647
97.5097
98.3466
98.8604
98.0408
97.7194
97.1166
96.648
98.7288
99.4789
99.4285
98.3121
98.3254
96.743
98.7579
99.6666
98.7872
98.3471
96.7711
99.2351
98.2526
98.5459
98.8485
98.8051
98.5455
99.2916
98.2006
98.504
98.556
99.1882
98.388
98.0195
98.6612
98.2415
98.2775
98.3295
98.7192
98.1617
98.2898
99.115
98.9285
98.3107
98.368
99.0309
98.2519
98.9819
98.1799
98.8145
96.5832
98.3459
98.2529
96.6862
97.1162
98.8443
96.6403
96.7768
98.8345
99.0621
98.38
98.7562
96.7045
97.7485
99.1081
98.3365
98.0341
98.2703
98.5056
98.9878
97.9743
98.9065
98.2969
98.307
98.0659
97.1529
98.4433
99.9317
96.6922
98.909
97.0513
99.071
98.6862
97.0979
98.3597
99.8742
98.2298
98.9126
98.8636
99.4471
97.6647
98.7171
99.1199
98.7872
98.4532
99.4584
96.7936
98.2924
98.3181
98.133
98.3995
98.4624
98.2094
96.6308
98.3677
99.3391
98.8673
99.5407
98.421
98.8072
99.4352
99.4016
98.5055
98.6474
99.5348
98.5629
96.6534
96.7293
98.2535
98.9885
98.3525
99.508
98.1095
99.301
98.2454
98.528
98.8629
98.1288
98.8394
98.1145
97.7139
96.6649
99.0615
99.194
98.3632
99.7454
97.9924
97.6365
98.9989
96.6451
99.3149
98.4007
98.4262
99.3581
98.794
98.682
98.8922
98.6449
98.2498
96.6518
98.4329
97.7448
96.7811
98.9302
98.2254
97.9915
96.7916
98.1665
98.8279
98.6322
98.602
98.7557
98.8769
98.2877
99.048
99.4622
98.8415
99.0809
97.2058
99.2803
97.8275
98.3429
96.7482
98.3415
98.2206
98.3831
99.6709
98.3385
98.1921
98.2944
98.2291
98.4499
98.2465
98.9564
98.3628
97.8975
98.2863
98.7993
98.7958
98.0579
98.1415
98.8408
98.4964
99.0252
98.8081
98.0711
98.1178
98.2246
98.3525
96.5626
98.7617
99.481
98.8833
98.5394
97.828
98.6326
98.9354
99.0007
96.607
98.4116
98.9644
97.9803
96.6911
99.0253
96.6842
98.4483
98.2081
98.6919
98.3683
98.9274
99.4563
97.0829
99.7392
99.04
96.6524
97.1646
98.6052
99.3752
98.2136
98.0276
98.3791
96.758
99.3489
98.4257
99.5635
98.4025
98.8551
98.299
98.664
98.4149
96.646
98.9116
98.2824
98.6833
98.3118
96.7048
99.5663
96.7309
99.309
97.7761
96.732
98.3404
98.7434
98.3556
98.2745
98.8003
99.119
99.7817
97.2142
98.5296
99.4746
98.1259
98.8193
98.7835
98.7089
98.1938
99.1294
96.6543
99.6838
99.3944
98.8184
98.7805
99.3596
98.5925
96.6098
99.5211
96.6472
98.241
97.1715
99.4795
98.6984
98.2235
98.7986
98.2759
96.6941
98.4751
97.0227
98.3961
98.821
97.8402
99.7779
98.2079
98.1975
96.5136
98.2681
98.4237
98.2607
99.1724
99.6617
99.6113
96.5703
98.84
98.3675
99.5865
98.414
98.3446
99.5852
98.9306
99.4342
98.3527
97.0164
99.4825
98.7595
96.7937
98.3192
99.4446
97.6866
97.8499
98.3616
97.6392
99.2206
98.426
98.5844
96.592
99.4092
96.6155
98.9288
98.3867
98.872
98.343
99.0876
96.6481
99.0218
97.1173
98.2968
98.398
98.8932
97.1791
98.3791
98.1854
96.7865
98.3399
98.3742
99.16
97.8332
99.2134
98.802
98.4291
99.3632
96.5853
98.4097
96.7885
98.734
98.3163
98.9061
98.7665
98.3077
98.2908
99.6398
98.8947
99.6322
98.2334
98.8544
99.5115
98.7263
98.0979
98.21
98.7344
98.3831
98.7955
98.7403
98.3185
98.7061
98.7687
96.8018
98.635
98.8014
98.822
98.5557
99.329
98.8302
98.3411
98.8903
98.6926
98.4136
99.2857
98.9895
96.6639
98.0528
96.7235
99.4825
98.6358
98.1016
98.9994
98.5046
98.7878
98.4142
98.417
98.2967
98.7112
98.9016
96.7338
98.8316
97.2423
98.6821
98.1248
98.3164
98.7768
98.9202
98.6503
98.1973
98.1495
99.4817
98.4018
98.0017
98.7842
98.0174
98.9272
98.9683
98.3593
98.4454
98.2518
98.9752
98.4258
99.4712
98.8998
98.739
97.9092
99.4062
98.4784
98.8497
98.1338
99.3792
98.0316
98.279
97.6041
98.7889
96.5636
99.3559
99.4949
98.8696
99.0741
97.7363
96.6157
97.2008
99.3798
98.8031
99.0679
98.7869
98.403
98.6399
99.2223
98.952
98.2337
98.5331
98.908
98.3581
96.7235
98.2731
99.6023
98.8398
98.6437
98.5468
98.9187
96.7615
99.4193
96.681
96.6385
99.9966
97.6704
99.3964
98.8326
98.8959
98.3367
97.7667
99.317
99.3041
98.6683
98.1362
99.4329
99.1221
98.3916
98.431
99.1248
98.6588
99.4911
98.7799
96.6891
98.9944
99.343
96.6949
98.2391
98.9659
96.6943
98.4308
98.6466
98.6646
99.0996
96.7126
96.6191
98.8562
99.0003
99.5028
98.3229
98.5418
98.8598
99.2196
98.3439
96.6705
98.2328
99.6688
98.9899
98.8996
98.2916
99.3205
98.5273
98.1975
98.9118
99.4273
99.1943
96.631
98.7511
98.0608
98.6733
98.6954
98.7342
98.6649
98.1923
98.5313
98.221
98.874
99.0603
98.7806
98.1537
96.9837
98.6139
98.2378
96.4544
98.2967
97.4703
98.4156
98.9788
99.0591
98.2645
98.9919
98.3502
99.0696
99.2128
99.3113
97.4659
99.2355
98.6857
98.7959
98.6971
96.465
96.7068
98.35
97.8045
98.2125
99.3735
98.2844
98.2467
98.8259
98.3756
98.1622
99.1372
99.1738
98.2907
99.4996
98.7839
98.7827
98.2987
99.1293
96.7218
98.5231
98.6682
97.7493
99.0791
98.2019
98.9846
98.7431
99.4414
98.624
99.3017
99.0728
98.6514
99.1783
98.1986
98.8258
98.3951
97.0842
98.3543
98.1854
98.3406
98.906
99.3736
98.5081
98.3458
99.4751
98.3145
99.4867
98.2996
98.4147
96.7322
97.7473
96.7578
98.2064
98.8382
96.7388
99.4428
98.6843
98.7545
98.8771
96.6841
99.4987
98.9549
96.5636
98.4476
96.6569
99.2966
99.304
98.7999
98.3001
98.2988
98.3184
98.3165
99.1829
98.9189
98.8676
98.2456
99.5619
96.5588
99.3494
99.1174
98.7818
98.8912
96.6493
98.8056
98.6992
98.2539
98.7362
98.4728
98.3822
99.4904
98.2935
99.1764
98.8723
97.851
96.6568
98.3008
98.6409
96.7047
98.8118
98.3072
98.5689
98.8392
98.2907
97.703
98.2714
98.2317
96.6325
98.9811
98.3114
98.7173
96.5525
98.3311
99.3724
99.5279
98.7476
98.8561
96.5684
99.4974
99.4972
97.5871
96.6705
99.1211
98.6393
99.3304
98.7032
99.3443
99.5384
98.9688
98.7287
97.7101
99.0116
98.8832
98.9976
98.2173
98.0643
98.4715
98.0935
98.1862
98.7165
98.6319
98.6752
99.2533
98.3228
98.8137
96.7316
98.257
98.9627
99.5161
98.3321
98.8759
99.3475
98.1173
98.615
99.4827
98.7431
97.6955
98.2135
97.1317
98.598
98.7327
98.1428
98.8107
96.7932
96.5465
96.5899
98.0642
98.3516
97.0353
98.8865
98.4188
96.5787
97.6275
99.4423
98.4615
98.7125
98.1945
99.5749
97.0562
99.1001
96.713
97.5875
96.785
99.598
98.2099
98.1195
96.6123
98.3594
99.4148
99.1637
98.1067
98.4306
98.4249
99.3791
98.1901
99.5314
98.203
96.6341
97.2762
99.0835
99.1559
98.8265
96.6935
98.4134
98.0444
98.9789
99.3952
96.6449
98.8917
98.4684
98.808
98.2618
98.7707
98.5227
96.6795
99.4507
98.5556
98.488
98.4396
98.3836
98.2635
98.4542
99.4777
97.6558
99.1637
98.8321
98.3081
98.9622
98.5021
98.3292
96.6655
97.1223
96.7279
98.3585
98.6976
99.5172
96.3897
99.3276
99.5461
98.2802
96.7359
98.3684
99.3638
98.95
98.9919
98.2131
98.224
98.6264
98.504
99.2942
98.9532
98.4262
97.6375
98.2905
98.3483
98.4848
98.9041
96.808
98.14
98.4896
96.7677
96.5558
98.8526
96.7196
98.2822
98.043
98.7955
96.7075
98.9276
98.2597
98.2406
98.8023
97.4703
98.2005
98.8219
99.3702
98.4033
98.7755
98.3012
97.8433
99.0894
98.9455
96.6696
99.5856
98.28
96.7603
98.2605
98.6459
99.417
98.6879
98.2547
98.9567
98.1821
99.4283
98.7911
98.0046
98.3911
97.3345
98.3351
99.2869
98.2893
98.3591
96.6975
99.6654
97.8192
96.5714
98.7594
97.5113
98.7039
98.2665
98.7215
98.4616
98.3075
98.7412
99.1391
98.2889
96.835
98.3819
99.3502
96.5564
98.4565
96.6273
98.2475
97.8932
98.2737
98.4902
97.7012
98.4034
96.6063
98.7058
99.3759
98.7626
97.776
97.5368
98.1609
98.8371
98.2362
98.7277
98.914
98.6857
98.5929
99.5743
98.9872
98.7959
98.3886
98.1736
98.7023
98.7301
98.4474
98.5039
98.7206
98.9026
97.6203
96.816
98.6217
98.8646
99.5827
98.3393
98.8499
97.6707
98.7444
99.4505
98.1962
99.0256
97.749
98.5069
99.4809
98.3159
98.7465
99.0701
98.2617
97.0296
98.3412
99.15
99.4133
96.6397
98.9434
98.2919
98.2676
98.1342
98.6716
98.2925
98.2982
98.1942
99.4101
98.9451
98.6572
98.079
98.0479
99.1521
98.4019
99.0518
98.1919
98.0846
98.0037
98.3488
98.4153
97.8287
99.101
99.2111
98.7428
98.6314
96.6142
96.7374
98.2216
98.2778
98.9976
99.0118
99.0917
99.6391
99.2131
98.4018
99.5166
98.3356
98.7806
98.5966
98.8162
98.3469
98.2379
98.1271
96.8359
98.7624
99.3865
98.9405
98.1786
98.7701
96.7369
99.4281
98.3621
99.0629
98.747
98.8884
98.3639
98.8601
98.8931
98.6912
96.7802
98.2196
99.0966
98.8933
99.2717
97.8312
98.9781
98.2869
99.718
98.7502
98.8792
99.1062
97.2661
96.7432
97.7127
99.4175
98.5592
99.3314
98.929
99.4831
99.3082
96.6309
98.2525
96.8183
98.0546
97.9802
96.6968
96.6736
98.9003
98.7514
98.069
98.2453
98.2118
99.3792
98.2087
99.8724
96.7027
98.5775
98.2483
98.4475
98.2145
99.3397
98.0152
98.776
98.7454
97.7562
98.905
98.6832
98.2704
98.3485
99.397
98.1289
96.8197
98.3386
96.6811
99.4324
99.1438
98.1309
98.6071
98.2461
98.6563
98.3228
98.3884
99.5551
99.3632
99.019
98.9277
99.3261
97.6029
98.3398
98.3902
99.1519
98.1769
99.4583
98.7589
99.682
98.2918
98.2904
98.4811
96.6242
98.2775
97.1856
98.2338
98.6521
99.6031
99.3134
96.7101
98.344
99.8714
98.0946
98.4557
98.7308
96.6741
96.7171
99.0058
98.8873
98.3312
98.9955
99.4757
98.964
96.791
99.432
96.6423
98.379
98.405
98.4721
98.0981
99.4915
98.4692
98.2376
99.306
98.7868
98.4379
99.3848
98.8935
98.5725
99.444
98.5214
98.8279
96.677
98.4557
98.7412
99.3868
98.6641
98.2235
98.3489
98.795
98.4654
98.2832
98.0452
96.6993
98.7478
98.4203
96.7747
97.6351
98.5953
99.0267
98.3405
98.3185
98.8544
96.4835
98.9542
98.1015
98.3197
97.8753
99.216
99.4051
96.716
99.8276
98.337
98.2893
98.111
98.2199
98.8179
98.1261
98.9193
98.8096
99.3573
98.3813
98.7103
99.4844
98.9133
96.6393
96.6921
98.7806
98.4515
98.2405
98.4895
98.8774
96.7436
98.2481
96.6834
99.2924
97.8122
96.6156
97.0117
96.6576
98.8821
98.6234
98.3796
96.7306
98.7822
98.3966
98.8442
98.8875
98.3154
99.1763
98.0937
98.5807
98.7091
96.7048
98.7674
97.718
97.7264
98.8964
98.758
98.3329
99.369
96.6367
99.3756
98.7605
99.7757
96.6668
99.4914
98.8752
98.2518
98.7184
98.3635
99.8437
97.7351
99.491
99.1068
98.9738
98.6187
98.6251
98.3395
97.848
96.5134
98.8629
98.1089
99.1657
96.6235
96.7
99.2497
98.1717
98.5379
99.3615
99.4223
98.7452
98.7568
99.2485
99.0444
96.9607
98.417
98.1834
98.684
99.0065
97.6102
98.2285
99.5571
98.382
96.8463
98.3893
98.9003
98.9328
98.3949
98.4822
96.6477
99.4441
99.5838
98.3366
99.3644
98.3318
98.9185
99.0305
98.0279
99.1233
98.4056
98.9751
99.5783
98.3117
98.9984
97.0312
98.8198
99.228
98.7364
99.0297
99.6781
98.6797
98.0113
98.3614
98.3129
98.3859
98.7974
97.884
98.312
98.3187
98.9549
98.6262
98.1286
98.2478
96.7337
98.9399
99.8923
98.4182
98.8535
96.5206
98.6605
96.6126
98.2987
98.4071
98.3856
96.6144
98.7143
98.6006
98.8029
98.1645
97.8258
98.8319
98.6885
98.0507
98.2686
98.3404
96.6863
98.283
97.6648
98.1683
97.9857
98.8677
98.8669
96.6925
98.7216
99.0484
98.3043
98.4803
99.0737
99.9629
98.7613
99.3886
99.3843
98.2001
99.2917
98.2763
98.1474
96.6505
98.3673
99.1413
99.9434
98.5582
98.3822
98.2691
98.1982
99.3792
98.4275
99.2909
98.8846
98.3987
97.7344
98.2835
98.0826
97.2558
98.9633
96.7124
99.1513
99.031
98.85
96.7575
98.6431
98.3729
96.6078
97.1526
98.5105
98.4196
99.4759
97.2004
99.3337
99.275
98.6343
98.5637
98.3198
98.2297
98.7338
98.3973
98.327
99.4706
98.3476
98.3533
98.307
96.711
98.4518
99.5388
98.8505
98.9804
96.6715
98.3618
98.6373
98.7604
98.8099
98.3702
96.7701
99.4282
99.9084
98.8428
98.9643
98.2268
98.9047
98.3095
99.2667
98.8645
97.9004
97.541
98.3163
99.6767
98.8753
96.6832
98.7839
98.2407
98.5212
98.3887
98.2103
96.7333
98.3829
98.77
99.3236
97.0595
97.6536
98.347
98.2323
98.3355
97.4335
98.7534
98.292
98.834
98.9971
98.3395
97.0979
98.0886
98.3275
98.7847
98.1629
96.6924
98.7665
97.2534
98.8578
98.8254
96.9273
98.8677
98.1783
98.5519
97.1434
98.2745
98.3349
98.9302
99.5935
98.3357
96.7628
99.0236
98.9368
97.0567
98.8084
99.1968
98.286
98.795
96.7512
98.423
99.2924
96.7677
98.6335
98.1489
98.3136
98.3642
96.7145
98.7888
96.6505
98.1306
98.8025
98.7808
98.7789
99.3068
96.7638
98.9587
98.9243
99.1705
98.7989
98.5282
98.7854
98.2208
99.5109
98.4299
99.5954
98.42
96.6996
98.3392
98.6101
98.5801
99.4537
98.8361
98.7633
96.7216
98.7094
99.632
98.9683
98.7763
97.628
98.7627
98.7664
98.366
98.7815
98.4989
96.7541
98.5688
98.7905
98.3469
98.819
98.3132
98.2467
98.2425
98.3992
96.6598
96.6171
98.4343
98.8116
98.1454
99.4267
96.9607
99.3067
98.6615
99.4479
98.0841
98.203
98.6774
97.85
98.1425
98.2109
98.403
99.0787
98.2405
98.6409
98.9671
99.3341
98.4713
98.2804
99.0965
99.6448
98.3786
98.6172
98.9757
97.0262
98.9564
98.4905
98.5362
99.0558
96.6185
98.6579
98.0383
98.2057
96.6091
98.6549
98.3792
98.164
98.8567
98.4419
98.6811
99.4246
97.9294
98.2905
99.1356
99.3571
98.0188
98.0401
98.2542
99.022
98.1584
98.8409
99.8311
98.4343
96.5743
97.8864
98.9182
99.0825
98.5147
98.6852
99.2193
98.9652
98.5104
98.3112
99.2693
98.1982
98.5503
96.7642
98.4172
98.6663
98.6943
99.4198
98.9231
98.8174
98.8115
99.0083
98.3685
98.2539
98.7629
98.9782
99.4642
98.3772
98.0778
96.6761
99.4563
98.7594
96.6951
98.7818
98.7934
99.4288
98.6713
98.1656
99.2925
99.074
98.2024
99.2442
98.4264
98.2197
98.7142
96.5578
97.7309
98.7921
99.4005
98.3915
98.8666
97.0557
98.4437
97.5868
98.7894
99.1038
98.9622
98.3296
98.4894
99.5749
97.6521
98.7036
98.7066
98.7815
98.8883
98.4956
98.9588
98.888
98.5468
99.3535
97.5833
99.2628
98.1671
98.1542
98.5532
98.0873
98.4475
98.6201
96.6912
98.8423
98.4141
98.4137
98.1001
99.2234
96.6255
98.6537
96.697
98.2775
96.6091
98.1791
97.8261
98.2446
99.2917
99.3064
99.1187
98.3956
98.9712
98.4483
97.1619
98.7858
99.0613
98.766
98.0929
98.1599
97.9604
96.6541
99.2287
98.87
98.2285
98.7384
99.2815
98.6955
96.7129
98.8344
99.6555
98.072
98.4106
98.9068
98.3726
98.1515
96.5453
98.7378
99.7658
96.5588
99.4947
96.9426
96.803
99.2548
96.8034
97.8515
98.1668
98.6378
98.9313
98.9665
98.8039
98.664
98.5097
99.3488
98.2271
99.1995
98.3778
98.3425
98.3866
97.7317
96.7735
98.3601
98.3365
98.3479
98.3691
98.9363
98.2644
99.0529
98.6577
98.3163
98.1503
99.467
98.4546
98.2758
96.5703
98.3227
99.485
98.5453
96.7162
99.037
98.8799
98.6378
97.0472
96.7
98.6431
98.2699
98.2127
98.7438
97.1723
98.7978
98.9751
98.4477
98.3909
99.5106
99.4512
98.8302
98.9048
99.0587
98.2267
96.6324
98.1309
96.7453
97.1624
98.9702
98.1559
98.8604
98.5941
98.1645
98.406
98.2968
97.8342
98.9437
98.245
98.1917
99.5759
99.3193
99.1161
98.3511
98.2609
96.5995
99.0712
99.5214
97.5603
99.3691
99.5919
98.7722
98.8785
98.6541
98.1734
98.3762
99.8941
98.313
98.9018
98.4469
98.8501
98.9496
98.215
98.233
98.6187
98.3887
98.4179
97.8323
98.6965
98.7514
97.1327
99.2958
98.3453
96.6949
97.8451
98.3974
99.2328
96.5803
98.5424
99.3878
98.2649
98.6951
98.0937
98.3753
96.6746
98.9987
98.1962
98.7661
98.4364
99.5293
98.1595
98.3484
98.7795
98.2072
99.45
97.2334
98.6025
96.6844
98.42
98.7365
98.3414
99.3888
98.8444
98.9087
98.7781
98.7579
99.1394
98.2964
98.0263
98.4856
98.3761
98.8225
98.3065
99.0712
98.6792
98.3075
98.7119
97.0627
99.3122
98.157
98.6148
99.5773
98.319
98.3913
98.9186
98.3761
98.4415
98.3462
98.3542
98.6774
96.7232
98.7269
98.899
98.2572
98.2164
98.1528
98.3895
96.5727
98.3721
97.5827
99.5871
99.5056
98.8242
99.0878
98.2528
99.2318
96.795
98.2461
97.9278
98.2977
98.6444
98.1094
96.7545
99.2834
98.2414
98.7319
99.0465
98.3065
98.2155
98.3027
99.7198
98.1301
99.2822
98.4338
98.3275
98.7013
98.2907
98.8141
98.6551
98.3128
96.8121
98.0988
98.7528
98.2895
96.6574
98.2877
98.198
96.6945
98.6587
99.4796
99.3875
98.9753
98.4381
99.5516
98.6435
96.6754
98.083
98.2938
99.5156
98.852
99.189
97.1529
98.5021
98.9244
98.6934
98.4485
98.9095
96.8847
98.1824
99.2964
98.9525
98.322
98.0212
98.3802
99.3577
98.9304
96.6573
98.3752
96.5924
98.7231
98.7092
96.8739
98.6942
98.4069
96.669
98.7952
98.6856
98.7073
98.3014
98.143
98.0391
98.9743
98.3637
99.5589
98.7943
99.7981
96.973
98.2548
96.7938
98.1906
97.2154
98.3099
97.1494
98.2688
98.1769
98.8297
98.4235
99.1217
98.898
98.4349
99.0417
96.689
96.5135
98.3231
98.9285
97.0723
98.5733
98.3341
98.2762
98.1294
96.7588
97.8193
97.0567
96.7662
98.6533
97.6299
99.162
98.7172
99.0008
99.0655
99.4467
96.6229
97.0994
99.3329
98.7722
98.6593
99.5843
99.0879
99.7067
98.744
98.7646
98.1524
98.428
99.0237
98.8381
98.5637
98.4756
98.343
96.6116
98.7537
98.8901
98.6426
98.9138
98.4984
98.0494
99.4641
98.211
98.5401
96.6236
98.1635
98.6734
98.9942
96.4869
98.753
98.7351
96.7245
96.7318
98.1774
98.3348
98.2655
98.3612
98.4183
98.3023
98.2738
96.7211
97.2553
98.3398
96.6071
98.8645
99.3672
96.7089
99.8941
97.0082
98.798
98.3889
98.2855
98.7257
99.9917
99.5039
98.0994
99
98.7465
98.427
99.5835
98.7414
99.0108
98.8505
98.4046
98.0397
98.8546
98.6698
98.8702
98.7884
99.4136
98.4239
97.7479
98.801
98.3655
98.3305
98.8187
98.7258
98.4297
99.1755
98.197
98.2143
98.1271
98.808
98.2777
98.5896
96.7596
98.8779
96.7958
98.8996
98.3309
98.8076
97.8454
96.8238
98.9805
98.8592
98.8461
97.653
98.2217
99.2408
98.9699
98.271
98.8726
98.4305
97.9488
96.7386
97.8621
99.2529
99.0133
98.2278
96.7728
98.7338
98.2892
99.0568
96.9883
99.3115
98.7148
99.1883
98.8799
99.5286
99.0182
96.6411
98.3045
98.3334
98.0288
99.4746
98.5476
98.3906
98.4923
99.306
98.5408
96.7258
98.6901
98.224
98.1253
98.348
98.3889
98.2328
99.3929
98.5798
98.5814
98.5763
96.7029
99.3109
97.4726
98.0349
98.6601
98.3708
96.5442
98.262
99.1924
99.5865
98.2403
99.3174
96.7808
98.2094
98.2813
98.6413
99.3578
97.1442
98.984
97.9018
96.7289
97.1324
98.359
98.8016
98.1318
98.8771
99.3125
98.3114
98.7694
99.8118
99.6891
97.1279
98.1226
97.8489
96.6429
96.6548
96.4525
99.0079
97.7996
99.1621
98.5974
97.5961
96.767
99.3405
98.8
98.8127
98.1817
97.8741
99.4498
98.2716
97.743
98.2623
97.6755
98.56
99.3929
99.5146
98.0801
98.3412
98.3857
98.6956
98.3568
99.508
98.0333
98.2651
98.3811
98.2217
99.4519
98.3966
98.9029
98.3199
98.374
99.3839
98.3453
99.9822
98.2576
98.3334
99.5248
98.3956
98.2124
97.1245
98.7125
97.8868
98.3665
98.3176
96.7418
98.6206
98.8947
96.6397
97.2426
98.2291
96.5899
98.2757
98.7993
96.6084
99.2383
99.2714
98.1734
98.0868
97.8729
96.7565
98.8741
98.4065
99.4163
98.6051
98.6752
97.0078
98.5646
97.1341
99.2882
98.0518
96.5723
96.6272
99.143
96.583
99.2374
98.9999
97.1288
97.9227
99.3323
96.5735
98.4249
99.4307
98.4075
97.083
98.9097
99.5248
99.5362
98.3082
99.054
96.654
98.7414
98.3534
98.2782
96.5396
96.7581
98.111
97.5735
96.7086
99.0584
97.0636
98.7392
99.3847
97.7253
96.5968
98.8249
97.5965
96.6374
98.6466
98.366
98.2478
98.6559
99.2511
96.5443
98.3675
99.2662
99.367
98.7418
98.8579
98.4324
99.5149
97.6499
98.9414
98.4309
97.0754
98.7721
98.5464
98.3348
98.4597
98.3249
98.8304
98.9917
98.2484
98.5457
99.1338
98.8023
99.6371
98.723
99.9617
98.2424
98.7974
98.6015
98.2033
98.0967
98.4403
96.8471
99.7666
98.4329
99.469
99.5487
99.951
98.4677
99.4948
98.1713
98.3691
96.6707
99.2334
98.8246
98.5124
98.7692
98.2295
99.324
98.8769
98.4895
96.5804
96.7407
98.2409
99.5414
98.675
98.2999
99.8123
98.2331
98.2452
98.9919
98.7995
98.4014
98.8549
98.5574
98.2984
98.725
99.4659
98.9591
98.2074
97.6366
98.7364
97.8066
99.7355
99.4141
99.4532
98.377
98.6191
98.573
99.0174
99.1107
98.832
99.2105
99.172
98.5951
98.8503
98.3602
98.7507
98.323
96.9672
98.2004
99.0777
96.6488
98.301
98.3336
98.5064
99.5372
98.6957
98.3765
98.2429
99.2415
96.6238
98.9418
98.7776
96.682
98.9107
98.3166
99.4079
98.3532
96.7504
98.4093
98.5478
99.3502
99.3363
98.8073
98.3691
98.3596
97.6627
98.6371
98.4086
96.8791
96.6208
98.7534
99.0149
99.0153
98.7369
99.0403
98.4742
96.5645
98.1204
96.4489
98.9463
98.3969
99.5126
98.5785
97.7117
98.3644
98.9318
98.299
99.0479
98.4864
96.5842
98.9003
98.2922
98.7978
98.3145
98.7268
97.8107
98.8527
98.032
98.9753
98.4209
97.5875
98.698
99.1088
96.5841
98.3019
98.8505
99.4739
98.2315
99.1307
98.9658
98.4023
99.0409
99.5881
98.7814
98.0376
98.4745
98.862
98.8613
98.7173
99.4317
98.7276
98.3189
98.5856
97.738
99.6772
98.6502
98.7519
98.2791
98.2026
98.3742
98.6924
99.9699
98.2437
99.1995
96.8585
96.6884
98.1928
99.365
98.1324
98.7651
98.2621
99.9169
99.081
96.7385
98.3593
97.7153
96.6864
96.5742
99.5598
98.42
96.6794
96.6561
97.7385
98.2493
97.6671
98.2717
98.7189
99.3508
98.3534
98.3611
98.885
98.8539
97.7781
98.8182
96.8535
98.2477
98.8976
98.7855
97.8163
99.0839
99.3305
98.2858
98.7206
98.7081
98.6057
96.7492
99.2516
98.0009
99.4004
98.5865
96.5622
98.2004
98.6922
98.8156
97.8147
96.5826
98.9363
99.4106
98.7036
99.1653
98.7196
98.7142
99.2201
98.3747
98.2689
97.5965
97.0661
96.7919
96.7508
98.7359
98.2178
98.9681
99.2518
98.3475
99.6896
98.0913
98.8526
98.2485
98.3352
99.1832
98.3621
98.9621
98.9059
98.154
98.8551
98.1827
99.6473
98.7281
98.0833
98.683
97.7774
96.6787
98.6636
98.3991
98.7523
98.2023
98.3445
98.8041
98.319
99.3056
98.1418
97.6277
98.0786
96.7141
97.783
98.2649
99.4174
98.9891
97.8445
96.664
98.6754
98.6413
99.6304
96.7883
98.2599
98.4909
99.4767
96.6953
98.159
98.3592
99.1193
96.5914
98.9329
99.5041
98.666
99.4624
98.7767
99.2768
96.6247
99.0884
97.6765
97.1825
98.7808
99.0944
98.8037
98.2531
96.7093
98.77
97.5591
97.6877
98.8469
98.3089
98.2509
98.6343
98.8433
98.0059
98.3779
99.1796
98.2632
98.3239
98.1727
98.689
98.3285
98.8439
98.6273
99.0971
98.1889
98.5665
98.2729
98.2648
99.5938
96.6596
98.217
98.2867
99.6446
98.3604
98.1607
98.892
98.8196
96.5286
98.7388
99.3649
98.2377
99.3678
98.7277
98.8941
99.9271
98.3453
96.789
98.3189
99.5835
98.4898
99.5396
96.6213
98.2746
98.9808
96.7354
99.4214
98.6932
98.2006
98.6373
98.936
99.4252
98.4412
98.7613
98.3205
98.5682
99.0228
98.3689
96.6979
96.7899
98.2371
98.5961
96.6665
98.4357
99.1114
98.9109
97.9789
98.4797
98.3371
98.7952
98.7991
98.7342
98.7649
98.3678
98.7073
98.9435
98.1532
98.8467
98.4589
98.4825
97.5594
98.832
98.7022
99.1655
98.3245
98.8003
99.5412
99.3792
98.9173
98.1168
99.9751
98.8879
98.2399
99.365
98.2931
98.3148
98.5706
98.4939
98.6419
98.0828
98.9593
98.1158
98.3191
96.665
96.6643
99.0385
98.7664
97.7553
98.3882
98.3485
98.3812
97.7487
98.841
99.2816
98.5844
98.5612
98.5105
99.338
99.5769
99.0351
97.9425
99.1321
97.6244
99.1007
98.2539
98.8145
96.755
96.6958
98.4289
99.4439
99.9175
98.3695
99.3738
98.4015
97.9964
99.5561
98.7602
98.8338
98.4106
98.8176
98.6445
97.0594
98.1387
97.5582
98.5094
97.1337
98.3095
98.166
98.6478
97.0491
98.6766
98.0142
98.3794
96.5921
97.7186
98.9824
98.5141
98.281
98.5869
98.3865
98.4625
98.3453
98.3721
98.894
98.4146
99.0602
98.8485
98.27
98.4076
98.246
99.4608
98.6598
96.7171
96.6131
98.4516
98.6124
96.6391
97.1009
98.199
99.4164
96.7397
99.0466
98.3095
99.0742
99.3242
98.6652
99.4681
97.7022
96.5755
96.733
96.5778
99.3559
96.6312
97.8515
98.8628
97.9824
99.0538
99.375
98.114
98.3285
98.885
96.8484
98.0462
98.2702
99.32
98.7364
99.3007
98.5335
98.2185
98.6398
98.1289
98.3585
99.2838
98.7087
96.8357
97.7727
98.3247
98.1839
98.1015
98.404
98.9235
98.4482
98.6726
98.095
97.773
98.1919
99.5384
98.8053
98.4556
98.2285
98.6196
98.92
96.4666
96.7941
98.8157
98.2503
97.1235
99.5474
99.665
98.8004
98.6836
96.6809
98.8946
96.7166
98.8944
98.1483
98.7149
98.3079
99.6682
99.446
99.3594
98.727
98.9531
98.5322
98.7738
97.7999
96.7334
98.2233
98.0667
98.2261
98.1867
98.4445
98.1959
99.3953
96.5809
99.3081
99.4126
96.5121
97.8146
97.836
99.2918
98.8805
96.6058
98.3416
99.2192
98.7986
98.2428
98.8293
98.3519
98.3722
99.2145
98.242
98.7985
98.3506
99.3134
99.0567
98.3249
99.4302
99.4536
98.3606
98.4297
98.7294
99.3559
98.9024
98.4152
98.2338
98.3255
98.4858
99.6077
96.79
98.3186
98.9782
99.3156
98.3321
99.432
97.8548
96.7303
98.7232
98.7718
97.9292
98.7066
99.124
98.2442
98.6574
97.1043
96.6935
98.1699
98.6566
98.9522
99.3201
99.5445
98.6792
98.7214
98.2927
98.233
99.6269
97.2147
98.3884
99.3598
96.775
98.317
96.794
98.9553
98.9805
98.8507
99.202
98.1093
99.1848
98.5549
97.0878
98.331
98.7404
98.6953
98.021
97.1484
98.7356
97.1607
98.4305
98.2436
98.3823
98.8423
98.7625
96.6283
99.3065
96.6271
98.7907
96.5766
99.5081
96.625
98.7068
99.0986
98.7655
98.2405
99.492
98.6999
98.0897
96.7538
99.0284
98.7634
98.3497
98.807
98.9619
96.7772
99.0615
98.175
97.9149
98.1197
99.1999
98.8428
96.6747
98.3525
98.7062
96.9209
98.3643
97.6881
99.7167
96.6585
98.402
96.701
99.6049
98.7578
98.867
98.2213
98.3736
98.3483
98.8786
98.3818
98.4421
98.6315
98.0513
97.1424
98.9743
99.5692
99.0484
98.3394
98.9214
99.4167
98.7204
96.691
98.255
99.5013
99.3795
98.2724
98.7637
99.1412
97.0078
98.8171
98.673
99.5544
98.3643
99.2282
97.0533
99.5338
98.2047
98.4023
98.7906
98.3016
98.1186
98.111
98.3821
99.2967
99.4815
98.6636
98.4171
96.5698
98.8477
97.2769
99.5937
98.2325
98.8189
98.6685
98.3403
97.7485
98.2263
98.3048
98.9503
98.0401
98.043
96.5778
98.2025
98.2649
96.7225
98.4135
99.656
98.0254
99.3861
97.1281
98.9317
98.2845
98.3841
98.2655
99.1456
99.3199
98.2973
99.1935
98.8469
98.4029
97.6463
99.156
98.6564
99.1882
98.8723
98.3283
98.6632
97.212
98.2897
98.4162
98.0894
99.4977
98.3425
98.8799
96.6697
99.3365
99.5134
98.3397
98.1875
98.9104
98.7426
98.2509
98.5145
98.8503
98.2941
96.8169
98.3143
98.3784
98.9258
98.7332
98.834
98.6841
99.0027
98.0753
99.343
98.4259
99.4396
98.2244
99.4696
98.9615
99.3679
99.2131
98.3977
96.6834
98.783
98.7223
98.9441
99.3709
98.938
98.818
98.2975
98.7658
98.254
99.0741
98.1789
98.2332
98.2743
98.4499
96.6348
96.6117
99.6647
96.7186
98.4526
99.0302
97.9679
98.9649
96.5482
98.2446
98.5032
96.6779
98.7865
98.9029
99.1198
98.1614
98.1872
96.7686
98.1721
98.9629
96.6936
99.2109
96.7624
98.754
98.4359
98.3635
97.5496
99.6746
97.705
98.622
96.5314
98.2757
99.6496
98.2852
98.2962
96.7842
98.9703
96.586
98.9393
96.6576
98.2992
98.2806
98.3805
99.7367
98.8318
98.757
98.8086
98.2118
98.1581
98.9227
98.1986
99.3946
98.2294
99.2378
98.6098
98.3345
98.6577
96.6605
98.2693
98.1297
97.0397
98.721
96.5973
98.6035
96.8332
99.4701
98.1961
99.2127
97.0331
98.6706
98.0691
98.3053
99.3317
96.7536
98.8153
98.5833
98.221
99.3842
98.2611
99.4148
98.3241
99.3636
98.95
97.0646
98.3774
99.3549
98.4665
99.075
98.8202
99.3364
98.3905
98.6947
98.7187
98.3491
98.7403
98.4655
98.9336
99.2963
96.7991
99.4934
98.675
98.3174
98.2067
98.3335
98.7184
96.7117
98.9353
98.2618
97.1168
98.4043
98.3167
98.7755
96.7587
99.3176
98.8968
98.2818
98.576
98.9183
99.5147
96.6661
98.3542
99.2455
96.699
99.2616
98.5268
99.024
99.1183
96.7754
98.5864
98.249
96.5092
98.892
99.3702
96.5951
98.211
98.33
98.7301
98.8031
98.7413
98.8578
99.5609
98.4204
98.2358
98.2437
98.8058
99.5397
98.5298
96.7031
98.7572
99.4875
99.0125
98.688
98.4017
98.3503
99.4811
98.8914
96.7966
98.1975
98.3192
98.5032
98.6746
98.5468
98.1319
96.7793
96.8671
96.7625
98.0017
98.8831
98.7081
98.2734
99.3018
96.6829
99.0403
97.141
98.2695
98.3647
99.0585
99.1946
98.8609
99.4036
96.6979
99.4704
98.3828
98.9287
98.6171
97.628
98.8636
96.6967
98.7339
99.2272
98.9686
98.2297
98.2992
98.8326
98.2019
98.9954
98.8225
96.7249
96.7027
96.7232
98.3559
97.0071
98.3962
99.5581
98.1375
98.8789
99.2889
99.2136
98.2418
99.484
97.4474
98.7661
98.9458
99.4318
99.1708
98.0216
98.667
98.9332
98.879
98.9774
98.2882
96.5193
98.1764
98.483
98.4047
98.1515
98.4581
99.4199
99.9464
99.4134
98.6645
98.6854
98.4494
98.3513
99.5066
98.2873
98.2845
99.153
98.3287
98.4222
98.2632
98.7858
98.5987
98.8772
96.6487
98.9899
98.3674
98.1909
98.2766
98.6223
98.8278
98.944
99.3949
98.1262
98.7453
98.7591
98.3881
96.6706
98.8713
98.7902
98.4482
99.4995
97.7959
98.8648
96.7091
98.7744
98.3212
98.7071
98.4435
99.4952
98.0569
96.6607
98.2394
98.1742
98.0334
98.295
98.6396
98.6375
98.8646
98.2668
96.8034
98.0966
98.3422
98.2291
98.3463
99.507
98.2174
98.8152
98.2162
98.1112
98.833
98.208
97.7549
99.3515
98.7753
98.2443
98.9286
99.3954
98.5857
98.071
99.3093
99.9573
98.9692
97.1733
98.7578
99.5513
98.7331
98.3182
98.1923
98.2346
99.137
98.6788
98.8853
99.7605
99.2321
98.3218
96.7352
98.3056
98.3719
96.7891
98.4582
97.7866
98.687
98.4184
99.5387
97.9432
98.7998
97.6945
97.9085
98.7206
98.5881
98.3869
99.4642
96.699
98.1586
97.6731
98.2182
96.8288
98.7279
96.7212
98.2767
98.5688
98.204
98.8866
97.102
99.6123
98.8036
98.2676
97.0865
98.4344
98.3147
99.1747
98.986
98.4093
98.6445
98.1055
98.1785
98.8727
99.252
98.6288
98.9983
99.538
98.7273
98.1946
96.5559
98.3342
98.7391
98.8789
98.1141
98.4053
98.2716
98.4151
98.8068
98.3902
99.1383
99.2659
99.1665
97.0741
99.6211
98.7098
98.8721
96.7495
98.3816
98.4869
97.7091
98.1988
99.2404
98.32
96.8838
98.3028
96.7039
98.1948
98.7251
98.3562
98.374
97.8637
99.3665
98.715
98.2037
99.1217
97.9604
98.756
98.0087
98.9262
96.7133
98.3277
98.1755
97.1423
97.9337
98.7226
96.7224
96.6153
99.4996
96.7871
98.0063
98.5418
98.0127
98.905
99.3649
98.309
98.365
98.6408
96.6899
98.5937
98.41
98.1793
97.7949
98.1778
98.262
98.0976
98.3126
98.7782
97.0843
98.3371
98.1083
98.7124
98.7888
98.7332
99.2428
97.5368
98.5808
96.6619
99.408
96.8872
99.2889
97.2719
96.6506
99.3636
98.4622
98.0519
98.1715
98.3279
99.5181
98.6502
98.256
98.7264
96.6057
98.0783
99.9774
99.5044
98.0328
98.0488
97.1014
98.7453
99.0992
98.3454
97.7668
98.2327
98.3446
98.3861
98.3813
98.7248
99.6046
97.202
99.0445
98.2579
99.5918
99.4486
97.8451
98.3363
98.2673
96.6142
98.399
99.3149
99.0667
98.7772
99.0837
96.4869
98.2658
99.404
98.8029
99.301
98.9463
98.8529
96.7538
98.2485
97.7971
97.0768
98.6185
98.3512
98.618
99.4023
96.7505
98.0934
98.342
98.3068
99.2558
99.0098
98.6083
99.1716
99.4651
98.5012
96.7833
98.2731
98.7936
98.7356
99.3157
99.359
99.4164
98.2677
98.9525
98.3064
99.4221
98.8567
98.5105
99.3005
98.3953
98.3504
99.372
99.3096
98.533
98.9017
98.2393
98.6908
96.6087
98.2225
98.6644
98.8066
99.0685
99.2176
98.3609
