96.9346
98.0113
98.0086
99.7693
98.2864
99.8356
99.7207
98.0021
99.9407
99.4114
99.4679
99.9061
99.6651
99.9615
98.1684
99.8275
99.5498
98.3114
98.1033
99.6447
98.6968
99.8642
99.7836
99.9286
99.8519
99.8138
98.2485
99.8312
99.839
99.5233
99.4571
98.4591
99.6266
99.6061
97.2039
97.5075
99.7806
99.8245
99.3829
98.9306
99.6901
99.7707
99.7498
99.8862
99.6032
99.4464
99.8261
97.0017
98.2396
99.753
99.7442
98.3051
99.8398
96.8357
98.2235
99.8107
99.8719
99.9636
98.3535
99.6946
98.3825
99.548
98.2058
99.8224
98.309
98.3139
98.2696
99.7803
99.7964
99.9062
99.4449
99.8568
99.6136
98.1287
99.4995
99.6322
98.039
99.6819
99.7379
99.8632
99.6557
98.2837
99.6344
97.8753
99.729
98.2376
99.9514
98.1993
99.7809
98.3263
99.7444
99.8328
99.8313
99.8157
98.8144
98.1614
98.1613
99.7555
98.3321
98.1248
99.7958
99.3917
98.1919
99.6546
98.3313
99.791
98.4142
99.5584
99.7423
98.1838
99.7248
99.9262
99.7064
99.3782
99.4429
99.5605
99.8586
99.9334
99.7422
99.5555
99.6613
99.3534
98.276
99.743
99.9158
99.8613
99.7521
99.7683
99.4266
98.0813
98.6315
96.9338
98.2118
99.783
99.8438
98.7665
98.3029
99.8938
98.2522
99.4328
99.399
99.8352
98.081
99.2458
99.7558
98.1855
98.2633
98.0514
99.9702
99.4661
99.4464
98.1277
99.9492
98.2751
99.9046
99.9566
98.8122
99.7918
99.7486
98.0209
99.9069
98.1967
99.9511
98.0891
98.1722
99.8491
98.4051
99.9518
99.8348
98.2366
99.6035
99.908
99.8655
99.7198
99.7062
99.7948
99.2438
98.2343
99.9067
99.9
99.8188
99.7359
99.4263
99.7853
99.8487
99.769
98.2978
98.1549
99.7875
98.3248
99.7174
99.5824
99.6212
99.9091
99.8085
98.1407
98.2647
99.4998
98.3827
99.8647
99.8468
99.4306
98.1672
98.1612
99.0057
99.7127
98.0779
99.7656
98.3068
99.8922
99.7368
99.5319
99.799
98.2211
99.7834
99.4752
99.8584
98.1761
99.7901
99.8001
98.2991
98.7276
98.221
99.7587
99.7467
98.2326
99.602
99.4383
98.7146
99.7553
98.3515
98.241
99.7275
99.8598
99.4457
99.7212
99.4957
98.6776
98.2949
98.8801
99.6299
99.0709
99.5419
99.8238
99.8012
98.3727
99.5025
98.2877
99.738
98.1361
99.716
99.8847
99.7843
99.4875
98.1476
99.8685
99.7436
98.3825
99.5258
99.5591
99.7408
99.7211
98.2789
99.8363
98.2197
99.8639
99.8485
99.7354
99.9366
97.5743
98.7686
99.8034
99.9507
98.3456
99.929
99.8409
98.2602
99.3098
99.8102
98.1283
99.7496
99.879
98.7513
98.2505
98.9043
99.4815
99.9258
99.9003
99.6923
99.8434
99.667
99.895
98.115
98.2476
99.8394
99.6924
99.7883
98.2873
98.4004
99.7938
99.4659
99.884
99.7119
99.9223
99.5631
99.7915
99.7424
99.7541
98.3969
99.8644
99.7873
99.5316
99.8323
99.7897
98.7324
98.1509
99.5026
99.8672
99.8516
99.8171
99.823
99.734
99.6147
98.3012
99.6879
99.6906
98.2265
99.8503
99.5005
99.8977
98.2278
99.728
99.8609
99.9284
99.8631
99.7579
98.1944
98.1183
99.7915
99.6534
99.7244
99.7931
98.2
99.9257
98.2814
99.7037
99.9349
99.7074
99.6467
99.8197
98.2453
99.302
98.2155
99.9476
99.523
99.6929
97.6074
99.6882
99.8886
98.7349
99.8092
99.9214
99.6273
99.7411
98.0004
98.3184
99.9301
99.6701
99.7948
98.2785
98.404
99.8309
99.7893
99.932
99.8319
99.4934
99.7701
99.4884
99.8263
98.0184
99.8245
99.5004
99.7297
99.7555
99.7983
98.7054
99.8839
99.8821
98.4745
99.5364
99.8998
99.7034
99.8025
99.6618
98.1002
98.2851
98.2557
99.8569
99.4592
98.2933
99.7873
98.275
98.2841
99.9341
99.7408
98.18
99.7733
99.8807
99.697
98.3505
98.4367
98.1998
98.2404
98.262
99.5532
99.6218
99.7196
99.6187
99.9051
99.7982
99.766
98.855
99.5776
99.7813
99.9003
99.8179
99.7075
98.1809
99.3138
98.1779
99.7878
98.224
99.9504
99.4517
99.5408
98.286
98.2203
99.8443
98.8069
98.3183
99.6801
99.8161
99.6871
99.9301
98.4605
99.8814
99.6621
99.5064
99.7919
99.848
98.2791
99.5198
99.9506
99.7556
98.2334
98.2905
99.6762
99.8041
99.1055
99.6414
99.0645
98.2729
99.4867
98.7819
99.4464
99.7367
99.7138
99.6635
98.1338
98.889
99.8901
98.2335
98.7311
99.5989
98.7851
99.7657
99.8845
99.7941
99.8889
99.884
99.517
99.7211
98.2139
99.9007
99.8239
99.3759
99.3592
99.8219
98.2
98.2374
99.9328
98.4471
99.5238
99.3696
99.8581
99.9404
99.7699
99.8376
98.1826
99.8647
99.7065
98.274
99.4719
99.9111
98.114
98.289
98.0639
98.9772
99.7092
99.8354
99.8638
99.9254
98.3196
98.1527
99.7583
98.1673
98.2534
99.8218
98.1735
98.06
98.2199
99.8415
99.941
99.8303
99.7998
99.4674
98.2625
99.7172
99.7915
99.492
98.3761
99.7196
98.125
99.6567
98.2981
98.3249
99.709
99.2815
99.9171
98.9195
99.8514
99.7751
98.3948
96.9568
99.852
98.827
98.3266
98.8382
98.2485
99.7153
98.197
98.1839
99.8273
99.6935
97.8991
99.725
99.477
98.2574
99.8856
99.7476
98.228
99.8249
99.7911
98.1495
99.9029
98.13
98.176
99.743
98.333
99.4707
98.1849
98.7857
99.9047
99.7621
99.8261
99.7711
99.7389
98.1509
99.425
99.53
99.5854
99.8435
99.4874
99.9379
99.547
99.4133
99.8689
99.7278
99.73
98.7154
98.2253
99.7273
98.1419
99.8373
99.7362
98.7792
99.5227
99.483
98.3115
99.932
98.1201
99.8608
99.8587
98.1485
99.9268
99.8563
99.8233
99.8859
99.7331
99.7462
99.9504
99.6703
99.6826
99.7659
99.1908
99.7293
99.6656
99.8644
99.803
99.5096
98.1351
98.2522
98.296
98.7089
98.063
99.981
99.7781
99.87
98.2826
99.8776
99.95
99.8971
98.1349
99.8495
99.8061
99.5705
99.47
98.1055
98.2233
99.3655
99.9868
99.858
98.471
99.9182
99.8233
98.8553
99.893
99.7212
99.9055
99.6
99.7868
99.8111
99.4981
98.3534
99.9005
99.938
98.3751
99.8603
99.7385
98.107
99.7169
99.3557
98.6418
99.7132
99.8352
98.3096
99.7181
99.759
98.0694
98.3181
98.2144
98.1256
98.3235
99.7822
98.2278
99.8375
99.7122
99.7662
98.9392
99.8577
99.3116
98.4045
99.8191
99.2198
99.6813
99.8159
99.3962
99.4343
99.8684
98.2926
99.7995
98.4471
99.9258
99.8181
98.3224
99.7823
99.839
99.3379
99.7927
99.8847
99.6732
98.25
97.975
99.8237
98.252
96.9107
99.4084
98.8041
99.878
99.7596
99.4382
98.1445
98.8146
99.7955
98.2059
98.2119
99.4406
98.9055
99.89
98.649
99.7054
99.7633
98.9097
96.8245
99.6268
99.7051
99.8156
99.6888
99.5374
99.5479
99.857
99.7934
99.7618
98.2184
99.7995
99.9074
99.4833
99.6303
98.1347
99.9333
99.8453
99.8415
99.8488
98.7947
99.3648
99.6654
99.9119
99.8084
99.8021
99.9091
98.1374
99.5378
99.8284
99.7086
99.5874
99.8299
99.5931
99.924
99.9225
98.3158
99.5563
99.9396
99.5198
99.9194
98.3146
98.2832
99.9007
99.7948
98.3442
99.7215
98.1461
98.3647
99.6655
99.5839
98.1287
98.2787
98.2001
99.8661
98.3067
99.4742
99.872
99.8138
98.3006
99.3364
99.7427
98.2737
98.7653
98.2396
99.7548
98.3924
98.2267
98.7858
98.8612
99.9354
99.7751
99.7326
98.3758
98.6835
99.9043
99.1601
99.8441
98.3194
99.7763
99.6004
98.273
98.8786
99.6772
99.8999
99.8843
98.1924
98.2167
99.9125
99.5629
98.2522
99.8077
99.4725
98.354
98.8142
99.9044
99.8781
99.5718
99.4995
99.8183
99.7344
99.6881
99.8423
97.7745
98.148
99.6717
99.7807
99.5556
99.3414
98.9385
99.7799
98.5016
98.9608
99.9303
98.2488
99.9777
98.2841
99.8418
98.8915
99.4361
99.4931
99.8961
98.1919
99.5592
99.7998
99.8188
98.1753
98.2504
98.3494
97.9961
99.6624
99.8421
98.2424
99.5862
99.8408
99.754
99.8495
99.4916
98.2587
99.6204
99.9231
98.451
98.1326
99.4709
98.1592
99.7051
99.9066
99.8073
99.9346
99.4111
99.6337
99.4857
98.1495
99.828
99.814
98.2093
98.7834
99.803
98.2534
99.9155
99.7617
98.1443
99.8229
99.841
98.1196
98.1807
99.863
98.2463
99.8699
99.8411
99.8135
98.0647
99.536
99.8809
99.6697
98.245
99.9297
99.7855
98.1226
98.4839
99.904
99.9043
98.6652
99.8026
98.0288
99.3573
99.1012
99.8884
99.5334
99.8613
99.4863
99.5023
98.2859
99.4918
98.3971
99.3126
98.3513
99.9706
99.4305
99.8597
99.803
98.0233
99.8675
98.8128
99.8026
99.8002
99.0069
98.2931
99.4139
98.2613
98.3245
99.627
99.7157
98.0835
99.5697
98.2251
98.2267
98.2726
98.1823
99.9189
99.4462
98.7969
99.8859
99.8191
96.8988
98.2689
99.778
99.6945
98.9608
99.5812
99.854
99.6969
99.9129
99.9236
99.7279
98.0982
99.9499
98.732
99.8549
99.7519
98.327
98.2202
99.7773
99.7899
99.808
98.7721
99.5175
98.1645
98.1068
98.3181
99.7444
99.8084
99.9288
99.7243
99.4753
98.1082
99.7774
96.9668
98.2721
99.9242
99.8242
98.2454
98.2751
99.7293
99.7184
98.2104
98.3519
98.1696
99.3942
99.4543
99.767
99.6631
99.0792
99.8859
99.5773
98.1729
99.4208
98.4334
99.7649
99.805
99.4778
99.9204
99.6915
99.4401
99.8834
98.1128
98.8309
99.9401
98.7252
99.672
98.2644
98.2808
99.464
98.1207
98.1016
99.7546
99.8941
98.1773
99.8211
99.5841
99.9148
99.6608
99.7857
99.776
98.2134
96.8689
99.2608
99.7982
98.2287
99.3608
99.4961
99.6936
99.5167
98.1078
99.7188
99.5273
98.2308
99.8551
96.907
98.9228
98.959
98.1317
98.2464
97.7756
99.7604
99.915
98.1532
98.1438
99.7989
99.9099
99.4581
99.5112
99.8221
99.8672
99.7083
98.0938
99.5349
98.7952
98.3714
99.9311
96.864
99.8381
99.7679
98.1679
99.6573
99.7342
99.9002
99.782
96.6724
99.8528
99.8658
98.3048
99.9085
98.4451
98.3694
98.3988
99.9417
99.8512
98.1594
99.5457
99.7789
99.8826
99.7858
99.7169
99.4854
99.3764
99.7524
98.3223
98.1967
98.0679
99.8126
99.8569
99.6369
99.9381
99.8315
99.7279
99.5721
99.8053
99.9136
99.9025
98.2887
98.2835
99.5806
98.2675
99.8002
99.7441
98.3485
98.1777
98.8291
98.1122
99.7151
99.796
98.7082
98.2231
99.8662
99.7927
99.9555
99.6861
99.7373
98.8064
98.8694
99.7945
99.6597
99.893
98.1896
98.3331
98.3716
98.2508
98.2842
99.8241
98.3341
97.0881
99.8627
96.51
99.7792
98.2866
99.435
99.6704
99.8827
98.3088
99.1209
99.8719
98.3416
99.8225
99.6342
99.8122
98.1895
97.899
98.1918
99.869
99.8328
99.5235
99.9175
99.9626
99.9487
99.8261
99.8621
99.7098
99.8945
98.2291
99.4492
99.4585
99.8994
99.7639
99.8171
99.7858
99.743
98.954
99.2926
99.559
99.9057
99.4438
99.8344
99.7262
99.8851
98.1726
99.8934
98.125
99.6635
99.5304
99.8231
98.1743
99.4877
98.1764
98.2247
99.8656
99.7135
98.1346
99.4246
99.2773
98.1541
99.7938
98.7331
99.8473
99.87
98.0711
99.9506
99.8094
99.7621
99.3843
99.7358
99.9314
99.5056
99.6936
98.2463
98.1807
98.075
98.2082
99.7692
98.2099
99.7744
99.9578
99.7188
99.8623
98.2335
99.4014
99.4849
99.5964
98.8722
98.8951
99.7088
99.7214
99.5215
99.8746
98.769
98.2047
99.426
98.3867
99.7332
99.7924
99.8532
99.9028
98.2982
99.9246
98.3661
99.812
99.8609
99.925
99.6723
98.2888
99.5243
99.5713
99.8206
98.4335
99.9858
99.9571
99.7655
98.1836
99.768
99.6316
98.3795
99.7313
99.9002
99.9229
99.7939
99.4798
99.089
99.8064
99.4982
99.5044
98.2101
99.4974
99.8118
98.3285
99.4402
99.5201
98.3889
98.1888
98.292
99.4792
98.2816
98.2152
98.2985
99.8036
99.3985
99.9555
98.8092
98.1716
99.7474
99.7702
99.7663
98.2189
98.8607
99.8668
99.6731
99.8047
99.8005
99.8238
99.4941
98.2022
99.4633
99.6989
99.7553
99.8154
98.1503
99.6216
99.2689
99.8341
98.6827
99.7708
98.8051
98.2722
99.913
99.5417
98.7131
99.7055
98.3668
99.8155
98.1637
99.8486
99.4064
98.2151
99.7766
99.807
98.0999
99.4603
96.855
98.2062
96.5768
99.7281
99.8411
99.6662
98.2247
99.8658
99.8008
99.9083
99.4832
99.6454
99.5237
98.8145
99.4216
99.8582
98.8189
98.1364
99.5145
99.8615
99.4802
99.8187
99.5582
99.8594
96.8737
99.6365
99.4466
99.7478
99.8071
99.8785
98.431
99.458
99.922
99.5154
99.6601
98.919
99.8824
99.5119
98.2866
98.9168
99.8646
99.7875
99.9543
99.828
98.1898
98.2303
99.6599
99.8422
98.0178
99.7464
98.341
99.9493
98.6152
98.2734
97.5244
99.9325
98.7392
98.27
99.5202
98.4179
99.4066
97.9835
98.2141
99.7463
99.6956
99.7316
96.6731
99.8401
99.7516
98.3361
99.7634
99.8375
98.067
99.9385
99.6825
99.8384
99.8876
99.6468
99.8349
99.8054
98.3541
99.9155
99.5108
98.3031
98.3074
99.6376
99.4045
98.3504
98.3046
98.1416
98.2818
98.2753
98.3603
99.7643
98.2127
98.215
99.7674
98.1154
99.7646
98.1686
98.7286
98.2476
99.7542
99.4541
99.818
99.8003
99.723
98.3008
99.7623
98.2959
99.9001
98.089
99.5465
99.7994
99.8183
99.733
99.9261
98.3381
98.8214
99.7618
98.3422
98.3052
99.764
99.5927
99.858
98.3314
99.7218
99.8584
98.3772
98.3651
99.7017
98.2093
99.9363
99.684
99.7932
98.3262
99.5142
99.4692
98.4739
98.7204
98.1233
99.9358
98.288
98.1896
98.1181
98.1955
99.6835
99.7996
98.8059
99.4274
99.7066
99.8729
99.8617
99.7247
98.2955
99.7607
99.8741
99.7349
99.8309
98.1209
99.8465
99.9024
99.7631
98.1509
99.9757
98.8392
99.7098
98.9617
99.6267
98.2005
99.8887
99.8617
99.8059
99.8896
98.064
99.5747
99.4425
97.9338
99.8925
99.793
99.8641
98.4671
99.7956
99.5442
99.828
99.9015
99.8122
99.4746
99.6229
99.6189
99.4973
98.2785
98.2096
99.6869
99.8433
99.8778
99.6991
99.9316
98.7202
98.7063
96.5442
99.6772
99.9138
98.2898
99.7924
98.1941
99.5675
99.8017
96.8466
99.8439
99.539
98.1563
99.8391
99.6485
99.8631
99.777
99.9077
98.0785
99.8822
99.8656
99.791
98.2718
99.9301
98.2006
99.4552
99.5378
99.8022
99.7253
98.831
99.2513
98.3372
98.3186
99.7381
99.8209
99.7469
99.6034
99.843
99.8431
98.2371
99.9283
99.4027
98.1445
99.6908
99.5196
98.2628
99.9754
99.4469
98.3081
99.9188
98.2655
99.9122
99.5209
99.7605
99.7517
99.7498
99.7392
99.7818
98.1922
99.8705
99.5213
99.5952
99.6346
99.6808
99.8087
98.3162
99.6551
98.2561
99.7293
99.4272
99.5022
99.7801
98.902
98.2298
99.7738
99.7734
98.2799
99.7827
99.7384
98.8855
99.7553
99.8186
98.3314
99.6589
99.8518
99.6377
99.8608
99.926
98.3416
98.3078
99.9414
99.8622
98.3342
99.494
99.834
99.7896
98.8235
98.1759
99.0096
99.8912
99.8366
99.6067
98.2442
98.0894
99.9441
99.7844
99.7689
99.7598
98.2526
98.3543
99.7834
99.7959
99.7797
99.7109
98.206
99.6399
99.9111
98.0048
99.7681
99.9239
98.3077
99.5947
99.7895
98.0832
98.3797
99.8203
98.2952
98.3251
98.8697
99.9515
99.8384
98.2229
98.2125
99.9255
99.9306
99.8146
98.7849
99.6794
99.7627
99.8106
99.5609
98.3261
99.3704
99.7923
99.7912
99.5316
98.6027
98.9016
99.9151
98.3458
99.9002
99.9256
98.1753
99.7604
99.3205
99.5656
98.7955
99.9313
98.3678
98.3212
99.9262
99.798
99.9502
98.2117
98.3066
99.7993
99.6942
98.3757
99.7405
99.8922
99.8494
99.7679
96.9375
98.3212
99.7626
98.1707
99.6739
99.527
99.8474
99.8599
99.836
98.2334
98.714
99.3338
99.7256
99.9712
98.2532
99.7851
98.0986
98.229
98.8816
99.7133
99.8167
98.8645
98.2821
99.4203
98.1437
99.8858
97.0088
99.7766
99.5815
99.4548
99.686
98.1444
99.5091
98.8269
99.6263
98.2929
98.1861
98.7546
99.8299
98.2108
96.558
98.1287
98.1254
99.8625
99.7741
98.2141
99.8024
99.8144
99.8346
99.7955
99.6968
99.7526
99.7738
98.6776
98.0177
98.1498
99.2246
98.1948
99.5437
99.9151
98.1787
99.9193
99.8495
99.9446
99.8289
99.4592
99.8
98.3791
99.7416
98.053
98.2771
98.3616
99.9343
99.8009
96.9086
99.7869
99.7773
99.8578
99.8795
98.2445
98.2293
98.6892
99.9329
98.2212
98.3722
99.9297
98.4982
99.8635
98.2078
99.532
98.0942
98.2299
99.9138
99.9316
99.7518
99.9257
99.87
99.8264
99.7244
99.3478
99.9243
98.1295
98.219
99.8287
98.7298
98.2833
99.5862
99.7496
98.2226
99.936
99.8935
99.7502
99.7572
98.3827
98.2359
99.7717
99.8531
99.5382
98.2831
96.9359
99.7825
99.6608
98.388
98.1075
98.2316
99.7513
99.9255
99.5172
99.8552
99.8223
99.6645
99.767
99.8185
98.7833
99.784
98.0804
98.2926
98.2207
98.2738
99.4535
99.675
99.8128
98.0707
98.8263
99.9595
99.8322
99.7759
99.7727
99.448
98.2295
98.6808
98.7108
99.7741
98.2812
98.9551
98.1747
99.503
98.2678
99.7677
99.4446
99.9306
99.7127
99.7654
99.9159
99.9405
99.7788
99.7105
99.8269
98.2587
99.7296
98.7944
99.8237
98.3194
98.2685
99.6684
99.8638
99.5086
99.808
99.7142
99.7474
98.3039
98.2496
99.87
99.7365
99.8294
98.4087
99.6994
98.2068
99.786
99.8672
99.5893
99.8465
99.8799
99.8687
99.8511
99.866
98.2451
99.478
99.7596
99.7307
98.9449
99.7561
99.0372
99.9331
99.8028
98.3096
98.3302
99.5644
99.7261
99.7913
98.2184
98.2211
99.6346
98.1424
98.8356
99.8683
99.5005
99.8933
99.0134
99.4813
98.2552
98.2831
99.9203
99.7516
98.2544
98.1793
99.8726
99.9488
99.8206
98.2442
99.7866
98.768
98.8854
99.9853
99.6017
98.6796
99.8183
99.8365
99.9231
99.8049
98.1081
99.4005
99.8918
99.4246
99.8799
99.7627
99.8517
99.3639
98.3774
99.8445
99.8648
98.2597
99.8611
98.3113
98.8857
99.4364
99.9272
98.0865
99.6998
99.9401
98.3266
98.0757
99.8234
99.8873
99.7885
99.8338
99.7441
98.7328
99.9281
98.3154
99.6667
99.4609
99.7589
99.8377
98.3361
99.8838
99.8201
98.1325
99.7574
99.723
98.1576
99.9043
98.1881
99.6904
98.2223
99.5322
99.8888
98.2958
99.6653
99.9053
99.7702
99.7157
98.865
98.2034
99.7719
99.9307
99.8139
97.9423
99.8203
98.2886
99.9176
98.2634
99.689
99.839
99.8348
99.8598
99.6775
99.8108
99.9036
99.6939
98.252
99.8419
98.3593
99.6723
99.8436
99.7923
99.8143
99.7566
99.7227
98.2521
98.1606
98.1829
99.7461
98.0395
98.4692
99.9434
99.766
99.9393
98.2449
99.8221
99.7815
99.7353
98.8946
99.5475
99.7681
98.3658
98.1833
99.9386
99.4836
98.3901
98.1889
98.0335
99.4485
99.3596
98.3711
99.5998
99.7861
98.2336
99.8662
99.7657
99.7786
98.3062
99.4614
99.5458
98.1556
99.7546
99.8603
99.7219
98.2164
96.5963
98.1549
99.7085
98.2631
99.4735
98.266
98.2565
98.264
99.6349
98.3761
99.8979
99.5279
98.421
99.7797
98.0818
99.7901
99.4231
98.7614
97.5759
99.8343
99.8012
99.9564
99.7748
98.0714
99.9235
99.6648
98.3146
99.4022
98.2173
99.9364
98.8118
98.3282
99.7371
99.7035
99.8919
98.9229
98.4184
98.256
99.8371
98.0286
99.8118
99.5017
99.9425
99.9122
99.9383
98.0795
99.5544
98.2628
99.8627
99.7844
99.748
98.1285
98.3002
99.4699
99.9583
99.5345
98.1799
99.5248
99.7416
99.8487
99.8696
99.9275
99.8692
98.3077
99.5483
99.7866
99.5923
99.6959
99.8018
98.2986
99.3926
99.8717
98.1591
99.5009
99.777
99.8926
98.7516
98.8266
99.6835
99.8581
99.4124
99.5364
99.4362
99.7803
99.9325
98.2335
99.454
97.999
98.164
99.7503
99.7467
98.1598
99.7678
99.7004
98.9521
99.7169
98.3283
99.8693
98.2354
99.7743
99.4036
99.7517
97.0163
99.7991
99.5592
99.9003
98.3178
96.9483
99.4882
99.8243
98.1909
99.8792
98.1292
99.8853
99.4782
99.7975
99.8721
98.2233
96.5927
99.8686
98.0275
98.8387
99.9066
99.5394
98.41
98.2026
99.4145
99.8815
99.7903
99.464
99.8007
99.7299
99.7661
99.7762
99.803
99.5619
98.2303
98.1929
99.359
98.2299
99.8429
99.7221
99.7084
99.7583
99.8288
99.5477
99.44
98.2764
99.677
99.7613
99.9277
98.3926
99.8135
99.4403
98.3564
99.531
99.6317
99.8307
99.9395
98.7969
99.3908
99.9045
99.9173
99.366
98.3384
98.8716
99.9514
99.7534
99.4604
98.1707
99.81
99.8464
98.7341
99.8403
99.7371
98.2225
99.9537
99.8193
98.0633
99.7712
99.7995
99.8131
98.7532
99.8525
99.6083
99.9099
98.7805
99.7825
99.7465
99.7033
99.802
99.4098
98.2239
99.8577
99.6802
98.2246
98.373
99.4153
99.7963
99.6875
99.6093
98.191
98.3379
99.845
98.0891
99.669
98.1644
99.8148
98.195
99.8975
98.2702
99.8283
98.1978
99.7401
99.772
98.3003
99.7799
98.2827
99.8865
99.7656
99.9034
98.2925
99.9006
98.3972
99.7937
98.8194
99.708
98.1875
98.6457
99.6779
99.798
99.8798
99.8407
99.8409
99.4156
99.8549
99.7689
98.3102
99.6073
98.212
99.6879
99.8233
99.868
99.8662
99.8
99.8558
98.3556
99.472
99.7159
99.5901
99.3856
98.2927
98.2149
99.7388
99.7748
99.8912
98.3331
98.8748
99.8314
98.2596
99.8513
99.8386
98.2499
99.8746
98.8543
99.8309
99.8842
99.6661
99.5895
99.8531
98.1572
99.7726
98.1357
98.2988
98.4112
99.9535
98.1619
99.7275
99.6542
99.9433
99.73
98.1647
99.4405
98.3741
98.3177
98.4336
99.7623
99.8634
99.7768
99.4086
98.2214
99.8309
98.2524
99.8744
98.8278
98.7623
99.8367
99.4434
99.7936
98.8165
98.9389
98.0837
98.3029
98.3248
98.4117
99.8839
98.7878
99.8693
99.7506
99.8381
99.5337
98.065
98.7842
99.6769
98.1795
98.8325
98.2337
99.4448
99.7783
99.7199
99.5023
99.7307
99.5166
98.3311
99.7994
99.8034
99.7846
98.2074
99.7623
98.1292
99.7482
98.221
99.778
97.4917
99.9531
99.7705
98.2678
99.511
99.5062
98.1109
98.1592
98.2321
99.7357
99.727
99.5299
98.1494
98.1239
99.4782
98.1963
98.7644
99.655
98.2909
99.8953
99.8093
98.1781
98.4219
99.6069
99.7608
99.8142
99.9453
99.7622
98.3938
99.8428
99.6934
99.6994
99.5304
98.7116
98.166
98.4303
98.2738
99.884
99.8248
98.2292
99.6979
98.1815
98.3038
99.5351
98.1434
99.7575
98.2597
98.1527
98.2381
98.1255
98.2772
99.759
98.4169
99.7599
98.5055
99.6497
98.1558
98.2151
98.8559
99.524
99.6994
98.2031
97.4774
99.9099
98.8577
99.852
98.2465
98.3863
99.9422
99.9404
99.8767
96.8802
98.1555
99.7694
98.2987
98.3152
99.7724
99.3869
99.682
99.7996
99.6111
99.1036
99.3816
99.9079
98.8624
98.127
99.8154
98.8537
99.9654
98.301
99.808
98.8505
98.3813
98.9468
99.9072
99.8513
98.329
99.7744
99.8415
99.8284
98.2717
99.6494
99.8383
99.7747
98.0437
99.8208
99.8541
99.544
98.2282
98.2433
99.941
98.2422
99.8195
98.2642
98.3109
99.6361
98.2986
98.2223
99.45
98.2678
99.8708
98.141
99.8141
98.2249
99.7562
99.702
99.9589
99.6867
99.9018
98.2703
99.797
99.7594
99.8037
98.0844
98.8203
99.9037
99.9556
99.8131
98.3161
98.7798
99.8005
99.9001
99.7941
99.6831
98.8816
99.4943
98.1866
98.3132
99.4373
99.8188
99.9232
98.3862
99.8653
99.5543
99.7749
99.6419
98.1627
99.5165
99.5221
98.8242
99.9078
99.4015
99.8881
99.7173
98.1117
99.7961
98.1991
98.1745
98.8812
99.4634
99.5929
99.7627
99.81
99.8429
99.0849
99.8185
98.7668
99.8587
99.8877
98.1767
99.4414
98.2288
98.7711
99.7212
98.4437
99.5079
98.9543
98.3526
99.8537
98.3542
99.7852
99.8177
98.0919
99.8368
98.2388
98.283
98.1932
98.8657
99.715
99.5051
99.5857
99.9079
99.5751
99.925
98.1136
99.796
98.2753
99.8689
99.4791
99.3206
99.5224
98.9705
99.8872
99.743
99.8341
99.779
99.8353
99.8306
99.573
99.8184
98.7055
98.3466
99.7229
99.4577
99.6803
99.9348
98.2524
99.4511
99.8727
99.6654
98.1945
98.2635
98.2216
99.4894
99.8828
99.8675
99.8966
98.242
99.9219
99.7436
97.2491
99.8228
98.1212
99.7154
99.8313
99.7153
99.5726
98.132
99.8009
99.8298
98.25
98.2
99.4333
99.8905
98.1376
99.6033
99.816
99.768
98.7254
99.8531
99.4533
99.4719
99.5636
99.4334
98.1819
98.1046
99.4253
99.5698
98.3342
99.7727
98.1115
99.9256
99.8687
99.8499
99.7093
99.5293
99.6731
99.8768
99.8494
99.8457
99.6755
96.9199
99.7927
99.8375
99.8367
99.8863
99.5229
99.7166
98.2471
98.8328
99.4609
98.1832
98.2838
99.8358
99.4958
99.7713
98.3424
99.8753
99.6
99.8266
98.2399
99.8234
98.7834
98.123
99.7296
98.1823
98.2916
99.3899
98.862
99.8729
98.0479
98.2804
99.5195
99.8017
99.7242
98.2928
98.2106
99.6639
98.7937
99.8471
99.9089
99.7046
99.7382
99.7151
99.5315
99.9224
99.5282
98.3498
99.8963
99.9199
98.1235
99.8262
99.797
98.2112
98.8862
99.9037
98.3489
99.5516
99.7414
98.2213
98.6516
99.8879
99.8948
99.5365
98.213
98.6267
98.8737
98.2685
98.1174
99.7203
99.7323
99.8821
99.837
99.8185
98.249
99.9694
98.3728
99.6807
99.4519
99.3914
99.8132
98.4189
99.5057
99.9294
99.832
99.6482
99.891
99.8512
98.3241
99.8054
99.5736
99.9472
99.7139
99.4736
98.2454
99.4507
99.699
98.3025
99.785
99.75
98.1498
99.8632
98.8745
99.5711
99.9119
99.4519
99.8276
98.8345
99.4698
99.9679
99.7531
98.9408
98.2776
99.8603
99.8021
99.853
98.2058
99.7352
99.3351
99.9126
99.8442
98.9809
98.8102
99.5185
99.5877
98.2097
98.227
99.5392
99.8756
99.8885
99.863
98.1927
98.0657
99.8331
99.8885
99.5094
97.8268
98.2816
99.9348
98.2463
99.8591
98.8492
99.6102
98.6975
98.3306
98.2027
99.6708
98.2832
98.1331
99.5423
99.7647
98.2271
98.254
99.9495
99.9338
99.5546
99.5483
99.8363
99.4745
99.7808
98.1748
99.8028
99.791
98.2983
99.9291
99.5365
99.9552
99.5108
99.6871
99.4909
99.7818
98.2755
99.68
99.9513
98.1946
96.6566
98.2943
98.971
99.8119
98.8145
98.1536
99.9156
98.8054
98.2279
98.007
99.7309
99.4889
98.7617
98.38
99.7571
98.434
99.8228
98.345
99.6695
99.7123
99.5343
99.4649
99.8253
98.3341
99.9267
99.7761
98.3551
99.7156
99.6135
99.671
99.9099
99.6851
99.2372
98.4323
98.019
99.9014
99.7685
99.8886
99.4507
99.6386
99.8367
99.8644
99.4958
99.8336
98.881
99.8355
99.8368
99.9337
99.8247
99.9306
99.3652
99.8491
99.8212
98.29
99.9332
99.5278
99.5022
99.8272
98.2553
99.8228
99.5544
99.8254
99.8469
99.7619
99.7157
98.0796
99.9077
98.2722
98.3079
99.9355
99.5318
98.275
99.519
99.8243
99.826
98.297
99.7799
98.1201
98.104
98.1473
99.6804
98.3417
99.8687
98.3394
99.5297
99.6091
99.8013
99.7378
97.9902
99.8352
98.3524
99.7578
99.7607
98.3694
98.1846
99.3949
99.7
99.9319
99.6628
98.2645
98.1429
99.7282
99.9198
99.9621
98.9556
99.7963
98.2853
99.9283
99.5788
99.8081
98.1236
99.5519
99.4519
99.5805
98.8199
99.4612
99.8435
98.4057
99.9502
99.4018
98.2441
98.0834
99.7137
99.5487
98.3374
98.085
99.3549
98.3526
99.9574
98.1629
99.6687
99.7532
99.9506
99.5708
98.8312
98.198
99.5883
99.8512
98.2877
99.8448
99.8594
98.1819
98.1421
99.3884
99.7179
99.9232
98.0297
98.8049
99.731
99.8274
99.4668
99.7296
98.1694
98.4764
99.7509
99.83
98.2655
99.5255
98.3443
99.8114
99.8549
98.8103
99.8756
99.8608
98.1221
99.7252
99.7267
99.5998
99.629
98.0947
98.3412
99.4715
99.4316
99.6736
99.7434
98.2645
99.8503
99.7584
99.5473
98.2482
99.7607
99.7766
98.2241
99.8333
99.905
99.7725
99.4626
98.3683
98.1962
99.7016
99.9461
99.6437
98.1909
99.5549
99.3603
99.8578
99.8773
98.3258
98.362
99.7521
99.6044
99.791
99.6965
98.0511
98.1602
99.7098
98.8085
96.8063
99.8239
98.1126
99.8329
98.33
98.3439
99.8289
98.1488
98.2914
99.7934
98.2676
98.1607
99.8863
98.3736
98.3512
99.9437
99.8585
98.3604
98.3262
99.7874
99.6902
99.7118
98.2385
99.4742
99.5157
98.1643
99.7809
99.7831
99.5419
98.844
99.0724
99.781
99.4617
99.9395
99.8155
99.8131
98.1839
98.2575
98.2568
99.8464
99.8713
99.9582
98.2423
99.0175
98.4114
99.8125
98.1878
96.8248
99.8022
99.6463
98.0989
99.7357
99.7154
99.4934
98.7024
98.222
98.2392
99.4617
99.5938
98.734
98.2245
99.6339
99.7066
98.7912
99.7971
99.8122
99.8102
98.8544
99.8929
99.8102
96.8557
99.8526
99.318
98.2543
98.1268
99.9018
98.7306
98.131
99.4989
99.8875
99.8394
98.1236
99.8029
99.4502
97.0672
99.9419
98.2946
99.7827
99.727
99.1978
99.9515
99.7333
99.5548
99.7822
98.3436
99.7803
98.195
99.8072
99.4998
98.8809
98.2561
99.8109
99.846
98.1186
98.3071
99.5196
99.5965
98.3045
99.8144
99.3812
99.8118
99.7638
99.8815
99.8782
99.2589
99.7287
99.3373
98.9443
98.2665
99.4827
98.8593
99.8668
99.5165
98.1442
99.782
99.8106
99.3863
99.4508
99.9378
99.4976
99.3239
98.2172
98.7216
99.8258
99.8549
99.3274
99.7418
99.6381
99.8989
98.0823
98.1637
98.3729
98.2154
98.0577
98.3407
98.157
97.4996
98.1793
98.2656
98.2385
98.8808
99.8164
99.7091
99.8457
99.8816
99.811
99.8186
99.4244
99.8895
99.4674
99.7613
98.2188
99.576
98.288
99.4234
98.3147
98.2701
99.5203
99.5287
98.277
99.8604
99.9591
98.0835
99.8807
99.9132
98.3607
99.8286
99.7156
98.1934
99.4268
99.4964
99.6341
98.2706
98.3459
99.8095
98.8638
99.9522
98.2779
99.4918
99.9114
99.8122
99.5577
98.024
98.3456
99.756
99.7517
99.5664
98.2461
99.9465
99.7471
99.9331
99.8429
99.8634
99.7386
98.2152
99.809
99.8396
99.8546
99.643
99.7813
99.3368
98.1434
98.2212
98.1478
99.9429
99.9352
98.3058
98.3581
99.8594
99.7674
99.4531
98.378
99.9386
99.9526
99.937
97.9861
99.9183
98.1474
98.8228
99.833
98.3174
99.6303
99.923
97.0255
98.787
98.1905
99.9213
98.38
99.8406
99.5798
99.85
99.4427
99.885
98.4261
98.3832
99.7926
99.8537
98.0901
99.8813
98.0088
99.7109
98.3053
99.9404
99.5657
98.2584
98.3359
98.7131
99.7496
99.8337
99.5478
99.7987
96.6287
97.9109
98.3231
99.3837
99.6111
98.2541
99.7431
98.1565
99.9044
99.8241
99.6325
98.2512
99.7993
99.6573
99.8698
99.5292
98.3248
99.6077
99.8023
99.497
99.7889
99.5434
99.8382
98.8891
99.783
98.6796
99.7949
99.5819
99.1999
99.9514
98.8415
98.3436
99.7811
98.2695
98.7002
99.7662
99.9343
99.8665
99.4518
98.7679
98.2662
98.8523
98.1882
99.8354
98.8143
98.2513
99.4964
99.9059
99.9128
99.8731
99.7684
99.6999
99.8684
98.1848
99.8234
99.6993
99.7699
99.7478
99.514
98.6657
96.8427
96.8472
99.7699
99.8721
96.7549
99.8335
99.742
99.4067
99.3121
99.8925
98.1617
99.7186
98.1266
98.1794
99.7588
99.9023
99.7967
99.73
99.5865
99.8175
98.2496
99.9025
99.8837
99.7244
98.1848
99.4791
99.8753
99.7091
99.8567
99.9604
98.3037
98.9923
98.0156
99.7518
98.7442
99.9299
99.0886
99.0503
98.7151
99.9484
98.1069
98.2146
98.8233
99.8418
96.496
99.842
98.3129
98.2919
99.8461
99.7803
98.0615
99.4751
99.9264
99.6102
99.4628
98.3456
99.8174
98.0769
99.8428
99.5089
99.9574
99.7827
99.821
98.1801
99.5151
99.7897
99.7937
98.2332
99.3485
99.5379
98.1087
99.345
99.7208
98.3226
98.3311
98.8563
99.8149
99.7694
99.4811
99.8159
98.1795
98.3194
98.2074
98.2677
99.7834
99.7245
99.5235
99.6542
99.8773
99.7419
99.9372
98.9227
98.7313
99.869
99.6952
99.8435
99.8252
98.9541
99.7003
98.2592
99.8954
99.7699
98.3535
99.8267
98.3695
99.9537
99.8016
99.5502
99.6957
99.9178
99.8181
99.7838
98.3688
99.6761
99.7674
98.2407
98.0971
99.545
98.169
99.9549
99.8869
99.9536
99.8671
99.6024
99.9267
98.2806
99.911
99.63
99.812
99.8932
99.884
99.5096
99.6074
99.7888
99.791
99.6521
99.518
99.9155
98.2636
99.5894
97.5458
98.1553
98.2704
99.6256
98.2558
99.4854
98.8025
99.9022
98.1972
97.1035
98.5178
99.3861
99.9288
99.39
99.9446
98.1097
99.5153
99.8097
99.4352
98.1265
99.2106
99.9464
99.9125
98.0432
98.3686
99.3481
99.7809
99.7099
99.9315
99.586
99.5479
99.6941
99.7753
96.4905
99.8656
99.6989
99.5434
99.7072
99.6981
99.5615
99.9176
99.6171
98.1191
98.2458
98.3638
99.5072
99.4275
99.4974
99.7596
98.3421
99.9452
99.4079
99.9194
98.2586
99.899
98.1394
98.2831
96.766
99.4991
99.7637
98.2587
98.3265
98.2999
98.4963
99.7468
98.3775
98.1949
98.1621
99.7943
99.8983
98.2385
99.7294
98.2451
98.3208
98.1272
99.9104
99.8644
99.4282
99.3954
98.3784
98.442
99.8127
99.8628
99.5536
99.5607
98.1854
99.6572
98.3455
96.907
99.5042
99.8439
99.846
99.9233
99.9668
98.3424
99.5213
99.5628
99.8342
98.1876
99.5541
98.1724
98.1368
99.7418
98.2369
99.7658
99.6829
98.3228
99.7432
99.4805
99.9354
98.1314
99.51
99.8281
99.8373
99.7368
99.8311
98.8875
99.4396
98.4003
99.9278
98.2386
99.5969
98.3774
99.5339
98.2696
99.9104
99.8231
98.8228
99.5368
96.8516
99.8679
98.0286
99.724
98.2405
98.1852
99.85
99.6742
98.2297
98.1138
99.8391
99.8695
99.7757
98.1684
98.1925
99.7331
99.813
98.3235
99.897
98.3438
96.7091
99.8057
99.4148
99.4707
99.8654
99.8675
98.192
98.2056
99.8559
98.3996
98.2833
99.9326
98.06
99.6806
99.7756
99.9027
99.4201
98.2048
99.8007
98.1309
98.3273
96.662
98.4076
99.5543
99.8282
99.4557
99.8286
99.6871
99.4487
99.4775
99.9114
99.876
99.9566
99.8465
99.5843
98.2699
99.3776
99.8477
99.8836
98.326
99.7804
98.3602
99.8235
98.3102
98.2156
99.8251
98.2742
99.5306
99.8847
98.7987
99.9425
98.3484
99.5642
98.0459
98.187
99.7815
98.2443
99.749
98.3204
99.7747
98.8781
99.9429
99.8034
99.7125
99.641
99.8594
99.9292
98.2996
99.51
99.8344
98.2494
98.2766
99.7377
99.6
98.2988
99.6339
99.2736
99.4101
99.784
99.7701
99.9351
98.2263
98.1527
99.9084
99.7791
99.8575
99.6448
98.1778
99.93
99.834
99.2024
98.2448
99.9133
99.431
98.1903
99.9348
98.1772
98.3283
98.3584
98.1619
98.8319
99.7801
99.5429
99.7823
99.8279
99.8471
99.4591
99.7622
99.9335
99.7536
99.6975
98.0894
99.7148
98.4082
99.6806
99.9592
99.5714
99.9447
98.7073
99.6731
99.7192
99.7968
99.9208
96.7244
99.7969
99.7991
98.2368
98.2155
99.66
99.3488
99.4125
99.3987
98.7616
99.9418
99.9041
99.775
98.2681
99.7753
99.8434
99.7457
99.9076
99.8385
99.7638
99.7789
99.9302
99.5614
99.5496
99.7779
99.7175
98.1345
98.1297
99.8006
99.749
99.6197
99.9417
98.3921
99.8883
98.9593
99.8493
99.9064
99.7133
99.9353
98.2719
98.3657
98.8423
99.6998
98.2317
99.9757
98.0942
99.6209
99.9223
98.1721
99.4844
98.42
99.7592
99.6917
98.2553
98.1985
99.2269
99.8466
99.6004
98.2175
98.2504
99.7609
98.2086
98.2588
98.0891
99.7545
99.5445
99.6948
99.6801
98.2097
99.5606
99.5046
99.5346
99.7889
99.7301
99.7275
99.8067
99.8068
99.8727
98.1006
98.2388
98.2319
99.882
98.3397
98.8468
99.9129
99.4234
98.3253
98.1299
99.824
99.6675
99.7112
99.9244
98.2494
98.1762
98.2159
99.4475
99.7741
99.8066
98.126
98.3079
99.8586
98.215
98.2212
98.1661
99.7442
99.8649
98.3151
99.7838
98.2056
99.7711
99.7537
98.83
98.1548
98.278
99.4521
99.7887
99.8221
99.7443
99.946
99.375
98.2836
99.7945
99.8953
99.5093
98.1833
99.8614
99.7094
99.0846
98.8428
98.1186
99.9295
99.672
99.487
99.8396
99.6511
99.8541
98.3956
99.8176
99.9262
99.7419
99.8195
98.0875
98.7118
98.1489
99.3851
98.0549
99.7931
99.6104
99.4774
99.8433
98.0857
99.4941
98.2074
98.1359
99.5
99.882
99.4743
99.4588
98.1513
98.2969
99.744
99.7118
98.1879
99.8712
99.7283
99.9589
99.8617
99.7496
99.7127
98.075
98.2463
99.8385
99.7392
99.5125
99.4492
99.682
99.7187
98.1426
98.2055
99.5918
99.8995
99.4679
99.6922
98.1574
99.5345
99.9395
99.8582
99.8187
99.8487
99.6078
98.2311
98.79
98.3211
98.3954
99.3243
98.1967
99.8669
99.8051
98.2315
98.187
99.5869
99.7596
99.8084
98.2673
98.7885
99.4379
99.8185
99.9059
98.2388
98.7951
99.9274
98.2695
98.1027
99.7902
98.7991
98.1649
98.4213
99.5117
99.8263
98.8346
99.8098
99.878
98.3529
98.3779
99.5526
99.6241
98.7787
98.2544
99.9062
98.3231
99.8089
99.9244
96.8994
99.8204
99.7578
99.7991
99.8916
99.9453
98.1923
99.863
98.9106
99.4918
98.2337
99.6595
99.8945
99.9379
98.3576
98.7235
99.801
98.9547
99.8705
98.1258
99.7367
99.7371
99.7491
99.8789
98.2495
99.6922
98.2122
99.6
98.0915
99.4493
98.3897
99.4618
98.8547
99.386
99.8221
99.8219
98.3807
99.4652
99.9041
99.5094
99.8735
99.7521
98.2296
98.8273
99.7211
99.192
99.6883
98.7109
99.8838
99.5542
99.4106
99.7393
99.9551
98.1429
99.5065
99.8547
98.1941
99.9476
99.7819
99.7752
99.7483
98.8271
99.8676
99.7125
99.7488
99.8549
98.2388
99.7041
98.1433
99.5097
99.6123
99.9584
99.9507
98.2057
99.8774
99.7943
99.9478
99.609
98.3199
99.7453
99.8121
99.4848
98.3681
99.8017
99.3752
99.474
99.6383
99.7259
99.7745
99.5529
98.2417
99.8709
98.2257
99.8922
99.522
98.3601
98.2277
98.3743
99.8081
99.5353
99.9257
99.8053
99.8426
99.9319
99.8531
99.5509
98.6248
99.3782
99.8327
99.8686
99.6682
99.9523
98.6256
99.778
99.4465
98.0755
98.8078
99.8114
98.6528
99.5811
99.8293
98.2676
99.9147
99.7972
99.6451
98.1858
99.6145
99.8809
98.363
98.2632
98.2628
98.7225
99.3004
99.7709
98.8974
99.8988
99.4991
99.8982
98.3144
99.5173
98.2759
99.8382
99.8396
98.7579
99.8669
99.7725
99.5408
99.7679
98.224
99.9306
99.9371
99.8608
98.3538
99.8382
98.8257
99.8724
99.1183
98.1664
99.8669
98.2728
98.8781
99.8571
99.8133
99.8899
98.7599
99.7674
98.1839
99.7703
98.8067
99.7349
99.7655
99.9492
98.7302
98.1339
99.8035
98.2744
99.7956
99.8075
99.8578
99.5891
99.8392
99.8132
98.971
99.8061
98.0475
98.1775
98.8847
99.7549
98.241
98.2534
99.8129
99.8546
98.2448
99.526
99.7129
99.7315
98.0891
99.6648
98.2171
98.261
98.425
98.1673
99.8135
98.2008
98.2781
98.2496
99.5973
99.7632
99.8475
99.9146
99.4624
99.6873
98.2501
98.2416
99.8412
98.4784
99.6904
98.3862
99.8293
99.6771
98.2731
99.9143
99.501
99.7888
96.8483
99.8403
99.9073
99.7812
98.1895
98.1666
99.9315
98.0724
98.2677
96.7125
99.5351
99.8055
98.1897
98.1469
99.8901
99.7945
98.2026
98.9375
98.3524
99.6492
99.5765
99.7981
99.7384
99.6596
99.5155
98.2466
97.9576
99.8231
99.9407
99.5472
98.2581
99.6764
99.7388
99.829
99.7665
99.793
99.8349
99.8333
96.8478
99.6594
98.8544
99.8182
98.3035
98.3428
98.2383
98.0977
99.7921
98.0667
99.4676
98.3002
98.2733
99.8638
99.5429
99.5211
99.8077
99.6836
99.8043
99.5044
99.9133
99.9187
98.2456
99.8186
99.5261
99.9391
99.5191
98.2998
99.8111
99.8271
99.4805
99.6544
98.6116
98.1658
99.8306
98.2648
99.5189
98.2862
99.5302
99.8947
98.7468
99.6991
98.3005
98.303
98.994
99.2559
99.7403
99.7838
99.7916
99.4132
99.0546
98.33
98.1549
98.4354
98.1747
99.7162
99.9324
98.3151
98.1559
99.7546
98.4815
98.1909
98.2551
99.9179
98.2238
99.8498
99.7098
98.1396
98.0533
99.8869
99.7053
98.2502
99.8215
99.5479
98.3022
99.9017
99.8286
98.2629
98.1501
98.1353
99.8632
99.7755
98.3161
98.2878
99.8446
99.7204
99.7356
99.8746
99.9201
99.8616
99.5388
99.8523
99.8384
99.3926
99.4723
98.4057
98.2169
99.7159
99.5074
98.1594
99.8447
98.2748
97.9525
99.4374
99.5895
98.1883
99.7246
98.2984
99.6756
98.1873
99.7189
99.6597
99.794
98.9197
99.8392
99.9058
98.2265
99.6644
99.8575
98.2035
99.8356
98.3317
98.2581
98.2761
99.625
99.3384
99.7131
99.8732
98.7869
99.8643
99.8197
99.8097
99.8415
99.7788
99.4857
98.9022
99.3667
99.879
98.1314
99.8463
98.2619
97.9174
99.8676
98.1839
99.5361
99.8595
99.8516
98.294
98.3806
98.8851
99.7533
99.8078
99.8221
99.888
99.8251
98.3724
99.841
99.7469
98.2383
98.2491
99.5944
99.4665
99.8121
98.0961
98.7331
98.8544
98.4636
99.7948
99.8102
98.2627
99.8822
99.5155
99.8909
98.2787
99.7121
99.7526
99.8331
99.6106
99.663
99.8666
99.9054
98.3922
99.7842
98.3548
98.182
99.6693
99.5597
98.1426
98.3201
99.7901
98.2195
97.6425
98.2378
99.1181
98.3401
99.6059
99.8252
98.8744
99.8413
98.8235
99.621
99.8557
99.9647
96.6448
99.738
99.8427
99.8874
98.3749
99.5982
99.8802
99.9149
99.7201
99.8196
99.7902
99.5191
99.4498
98.0252
99.8195
99.8035
99.4677
99.9404
99.8918
98.6007
99.1797
98.3715
98.0473
99.5628
99.695
98.2458
99.7267
98.8802
98.2177
99.5267
98.1638
99.6182
99.7944
99.8322
99.9248
99.4346
99.5235
98.4358
99.8562
99.8427
99.7173
98.0326
99.5033
99.8309
99.9014
98.2427
98.2762
98.2015
99.7503
98.275
99.7273
99.894
98.3221
99.6639
98.4366
99.7456
98.2281
99.8243
99.801
99.7514
98.3032
99.4442
99.4292
99.8129
99.5857
98.1366
99.7294
98.8636
99.5034
99.8743
99.8229
98.0867
99.906
99.7639
99.7809
99.8576
99.923
99.8629
98.9087
99.7009
98.145
98.7478
99.7963
99.8793
98.1018
98.2134
99.5227
98.154
99.8124
99.8211
99.7447
98.1992
99.8484
98.7461
98.24
99.9615
98.8528
99.7319
98.9529
98.1857
98.8545
99.9361
99.5316
99.761
99.4944
99.8884
98.246
99.6547
98.2206
99.785
98.2496
99.7134
99.7459
99.6998
99.9064
98.3876
98.0658
98.508
99.7479
99.8978
96.7038
99.5886
98.2455
99.729
98.2226
98.2434
99.7228
98.1739
99.5188
99.4914
98.2669
98.7075
99.7793
99.6877
98.1254
98.1657
99.5732
99.8964
99.9275
99.4617
99.8981
99.7583
99.4778
99.8322
99.8261
99.9309
99.8057
99.7829
99.9511
99.7851
98.0572
98.2111
99.8043
99.8333
99.86
99.9625
99.8229
99.5424
99.9414
99.791
99.8448
99.4886
98.2818
99.7459
98.3126
99.8378
98.3317
99.9513
99.8312
98.896
99.9018
99.8117
96.8873
99.6626
99.8672
98.1795
99.8644
98.2255
98.1237
98.746
99.8612
99.6926
99.8601
99.8415
99.907
99.6448
98.0777
98.3382
98.1621
99.7529
99.9565
99.7674
99.9352
98.2903
99.7848
98.1946
99.8486
98.4727
99.6534
98.2543
99.8461
99.8285
98.1524
99.7075
99.8064
98.2179
98.1439
99.789
99.2823
99.8524
98.1578
99.8734
99.8901
99.8441
99.8706
99.808
98.3654
99.4854
99.4835
98.2059
98.2669
98.9424
98.3368
99.6727
99.1757
99.5476
98.7742
98.4099
99.9302
99.7093
99.7838
99.8557
98.2445
98.1748
99.8547
98.3069
99.8411
98.2003
99.0341
99.742
99.8089
99.9001
98.7285
98.768
99.8116
99.6651
99.7532
99.9434
98.7528
98.293
98.3803
99.6358
98.3008
98.2014
99.903
96.7152
99.8128
99.5655
99.7309
99.9069
99.8335
98.7157
99.0331
99.8466
99.8023
99.6139
98.7762
99.8229
99.6551
99.8787
99.337
99.4362
98.8959
99.6748
99.9073
99.7012
96.6747
99.5378
99.4708
99.8469
98.3037
99.4956
99.7129
99.933
98.2496
98.1594
98.2848
99.7179
99.9514
99.6805
99.3885
98.1877
98.3147
99.9434
99.8862
99.4082
98.3227
99.7234
98.2637
99.8384
98.1415
99.773
99.871
99.4824
99.7737
99.4739
99.7276
99.7436
99.8906
99.915
98.3887
99.7203
99.7732
98.1713
99.0158
99.6844
98.0813
99.7333
98.3504
98.1351
99.949
98.2306
99.8425
99.7025
99.7648
99.5545
99.5794
99.9148
98.8583
98.7878
99.9081
98.3454
99.8061
99.7504
98.3196
98.0396
99.9601
99.6956
99.8226
99.7082
99.8293
99.234
99.4097
98.2931
98.1816
99.6649
99.7546
99.5134
99.75
99.8471
99.8729
99.6763
99.6687
99.8626
99.9573
99.693
99.5428
98.6641
99.92
99.476
98.2515
98.2276
99.7115
99.8641
99.8938
99.9317
98.0598
99.765
98.8636
99.4778
99.842
98.3127
99.4958
99.7858
99.4537
98.6212
99.7725
99.7112
98.3173
99.9611
99.4594
99.8734
99.5617
98.3181
99.9899
98.266
99.146
99.9433
99.8663
99.9387
99.9039
99.5331
99.5262
99.829
98.3453
98.3021
99.6752
99.948
99.5798
99.9062
99.826
99.5424
98.2879
99.4863
98.1969
99.8354
99.4969
98.3069
99.8759
99.6426
99.8242
99.9346
99.5357
99.6866
98.2382
99.7588
99.7776
99.474
96.9737
98.822
99.4815
98.294
99.4564
98.8453
99.3706
99.8857
99.9145
99.3585
99.4209
99.8034
99.8822
98.2162
99.9214
98.8853
99.6453
99.7903
99.5038
99.8205
98.3636
99.4172
99.8528
98.2477
98.2596
99.846
99.7266
99.2962
98.1793
99.6859
99.9551
99.7635
99.86
99.9058
99.8049
99.8602
98.7203
99.9612
99.8696
99.724
99.6663
98.1854
99.858
99.8756
98.2059
98.3066
99.8954
99.7715
99.89
99.6839
98.2001
99.5025
99.9182
96.6872
99.6857
99.736
99.8122
99.7258
99.3722
98.2251
98.8432
99.8344
99.8499
99.4077
99.7708
98.3677
96.8112
98.0978
98.3869
99.8681
98.468
99.7119
99.6228
98.7493
99.92
99.9452
99.4888
99.8422
98.3066
99.3374
99.6914
98.3286
99.8692
98.2334
98.8141
99.9212
99.482
98.1719
99.7497
98.7081
98.8951
98.0353
99.6852
98.3281
98.2212
98.2195
99.9044
98.3388
99.7398
99.754
98.1505
99.9366
99.4808
99.813
99.7855
99.7721
99.6327
99.538
98.3545
98.2196
99.8421
99.6683
99.8016
99.0198
99.4829
99.7446
99.825
99.732
99.5946
99.7293
98.1764
98.8019
99.8247
99.9346
96.9029
98.3245
99.7571
99.7888
99.5566
99.4901
99.9279
98.4629
99.8533
98.3429
99.7473
99.9465
99.7772
99.7958
99.3726
99.4779
98.7181
99.5111
99.803
99.3325
99.2674
99.8564
98.2681
99.8378
99.4204
99.8193
98.4105
98.0491
98.2505
99.8205
99.7124
99.8178
99.7556
99.8187
98.2442
99.7345
99.7768
99.7464
99.5036
99.8499
99.8675
99.8487
99.7708
98.2145
99.7863
99.8651
99.861
98.27
99.8624
99.1798
99.782
99.9038
99.8329
98.4165
99.4618
99.8394
99.9494
99.8613
99.7829
99.8169
99.5852
98.1499
99.5019
99.675
99.7748
99.0998
99.7357
98.0744
98.2681
99.6736
98.3937
98.2763
99.5663
99.718
98.0943
99.1857
99.9884
98.2679
99.5029
99.2332
99.7284
99.8575
98.0479
99.6881
99.7363
98.2175
99.8421
99.5118
99.568
98.17
99.8257
99.8087
99.7403
99.9363
98.2873
99.9569
98.1565
98.1916
99.575
99.8333
98.2462
98.9556
99.489
98.1287
98.2911
99.6922
99.5771
98.8258
99.4811
97.5374
99.951
99.4771
99.4894
99.929
98.2041
98.8958
99.9463
99.8799
99.8233
99.8512
97.8236
98.1216
99.5161
99.5471
99.9024
98.2271
99.5757
99.7571
98.2939
99.8028
99.9257
99.737
98.6994
99.8115
99.8188
98.2108
99.9088
99.7595
98.2345
99.9296
99.8238
98.206
99.9426
99.703
99.8101
99.1845
99.5101
99.4837
98.1353
98.3159
99.8603
99.9022
99.7908
99.7524
99.7629
97.9689
99.5793
98.2145
99.4661
98.3193
99.5058
99.8759
99.6884
98.2256
98.1522
96.9453
99.7775
99.8348
98.1189
98.8303
98.3082
99.7708
98.8458
99.8962
99.796
99.8095
98.7181
99.8078
99.7574
99.7384
98.3607
99.79
99.8845
99.7295
99.777
99.8066
99.4882
99.8134
98.1229
99.7997
99.7159
99.8169
99.3583
99.7784
98.2038
98.4821
99.4758
98.3132
99.7748
99.5197
98.1998
98.277
98.3126
99.7707
98.2099
99.3203
99.7653
98.216
98.24
99.9397
99.5543
99.7975
98.1766
99.8922
98.4432
98.6775
99.7296
99.6904
99.4911
99.8116
98.3749
98.2971
99.4686
99.7689
98.16
98.1811
98.1723
98.2885
99.8174
99.8076
98.243
99.9575
99.6707
98.1007
99.95
98.2295
99.8753
99.7978
98.1977
98.7695
99.9167
98.4856
98.8717
98.3101
96.878
99.4883
98.2948
99.4656
99.5727
99.8471
99.5066
99.8321
99.8102
98.7827
99.8262
99.5258
99.8869
99.5956
99.5905
99.8345
99.8272
98.1764
99.9297
99.54
98.2732
98.9022
98.6776
99.6543
99.3314
98.9251
99.4878
98.202
98.1756
98.1805
99.6228
99.6897
98.2571
98.1287
99.5236
99.5072
99.7612
98.2224
99.8446
96.8238
98.1701
99.5742
99.7814
98.3677
99.8762
99.8034
99.861
99.8489
99.5308
99.652
98.2253
99.7133
99.7531
98.3212
98.0935
98.6079
98.7352
98.3906
98.7978
99.783
99.3832
97.6712
99.5255
99.896
98.246
99.8456
99.913
99.7976
99.7924
99.7972
99.5056
97.5159
99.5713
98.3201
98.0539
98.3466
99.8323
98.0988
98.1904
99.4624
99.4119
99.7021
99.6751
99.7483
99.7195
99.8449
99.6099
98.4307
99.748
99.6825
98.2221
99.8137
99.9425
98.1934
99.7901
99.6298
98.257
99.5473
98.2514
99.7928
98.3986
98.3185
98.2116
99.749
99.8405
99.3301
98.0934
98.3965
99.46
98.3863
99.8103
99.8169
98.7964
99.8747
99.8765
99.881
98.2499
99.4847
99.7507
99.8087
99.9374
99.6706
99.8606
99.9529
98.1874
99.8575
99.4156
99.9387
98.8221
99.7862
99.8031
98.306
99.385
98.3473
99.3255
99.9235
99.8041
99.651
99.548
99.6776
99.8117
98.1789
99.7438
99.8462
99.2981
99.837
99.672
99.5228
98.2185
99.7728
98.2266
99.8038
98.2363
99.5046
98.1856
99.6718
99.7108
99.4331
99.6986
99.28
98.432
99.4888
99.7796
99.7326
98.2511
98.1544
98.4091
99.8832
99.6052
99.8687
99.3972
99.4721
98.2049
99.9331
99.5637
99.3153
99.8762
99.7727
99.891
99.8329
98.8668
98.2025
98.3717
99.5867
99.8497
99.8349
99.8738
97.1772
99.7839
99.522
98.3396
98.3164
98.7452
99.7835
98.8727
98.1967
99.796
98.1611
98.3584
99.9221
98.2545
99.831
98.1873
99.7883
98.3409
98.0184
99.4157
99.9403
99.7514
98.1381
99.8509
99.9497
98.1843
99.6212
98.1608
99.52
98.3197
99.4516
98.4774
99.7557
98.2762
99.8381
99.8899
99.8953
99.5555
99.9161
99.5903
99.8535
99.6966
98.0587
99.4586
98.2241
99.7173
99.8445
98.1967
99.4276
99.4402
99.8351
99.741
99.8319
99.8029
98.875
99.888
98.31
99.7156
99.4509
99.838
99.6996
98.7899
97.9751
98.3972
99.7694
99.8519
98.6803
99.5004
99.9344
99.846
99.6861
99.8931
99.9026
99.5909
98.1691
98.16
98.7417
98.1858
98.8179
99.5114
99.9031
99.7778
99.3387
99.6653
99.7177
99.7425
98.2464
98.2814
99.7727
98.3037
98.4009
99.7618
98.7986
98.6843
98.1998
99.8771
98.2586
99.4011
98.1955
98.1918
99.5
99.499
96.7036
98.3561
99.8756
99.9517
99.2959
99.7488
99.5367
99.7732
98.888
99.8115
98.8491
99.8422
99.9355
99.814
99.6451
99.9622
99.9164
99.8876
99.4247
99.8214
99.936
99.9321
99.5111
99.4889
99.8327
99.7932
99.3632
99.7651
99.7822
99.6179
99.8643
99.6911
99.8164
99.7082
98.2168
98.9721
98.7318
99.4396
98.8326
99.6136
98.8275
99.6724
99.898
98.2075
98.2378
99.8022
99.8372
99.5207
98.2996
99.9244
99.2787
98.1248
99.9589
99.9078
99.7888
99.8829
98.2613
98.2564
98.7521
99.5252
99.8628
99.9411
99.6918
99.8
99.8266
99.8223
98.4774
98.3653
99.883
98.1617
99.859
99.7582
98.7822
99.5648
99.8277
98.2288
99.3772
98.3248
99.9863
98.125
99.7673
98.1699
98.2741
98.0966
98.3142
99.8054
98.7775
99.5729
99.86
99.7359
98.9929
98.1075
98.7499
98.1077
99.812
99.8661
99.7273
98.3578
98.1784
98.2073
99.9341
98.8428
99.516
99.6582
98.8656
99.5125
99.2812
98.1565
99.6813
99.9036
98.2989
98.7866
99.4684
99.5215
99.4614
98.2946
98.1816
99.8287
98.4323
99.7625
99.1237
99.8455
98.8145
99.79
99.8685
99.7609
98.3434
99.7474
99.8327
98.345
99.7897
99.7905
99.5715
98.9284
98.1888
99.6889
99.7037
98.0796
99.7716
98.2151
99.4615
98.1979
99.721
98.022
99.8302
98.1432
98.2166
98.3423
99.8466
98.2336
98.2834
99.6962
99.7056
98.3381
97.7177
99.8543
99.7499
98.2696
99.903
99.5879
99.4785
99.7679
98.3166
98.3136
99.6788
98.1489
98.2
99.892
99.5333
99.7323
98.2046
99.5251
98.7453
98.3246
99.8539
98.1618
99.8447
98.0846
98.2546
99.5354
99.8557
99.8533
99.6248
99.8862
99.8528
98.2266
98.8102
98.3685
99.8044
99.8827
99.7839
99.8481
99.9471
99.792
99.4497
98.7991
99.9091
98.8695
99.6913
99.9433
98.1982
98.2672
98.8549
99.974
99.6232
99.4003
98.1682
98.0419
99.4977
99.8914
99.9244
99.4812
98.1619
99.8458
99.3359
99.8841
99.502
99.8692
99.9744
99.777
98.1955
99.94
99.9509
99.5649
99.3747
99.8804
98.8642
99.6552
99.8421
99.7275
99.7814
99.4257
98.1622
98.1253
99.4803
99.8591
99.6614
98.274
98.2054
99.9004
99.8499
98.7362
99.7678
99.9634
98.587
99.8144
98.4301
99.7501
99.7938
99.5608
99.5234
99.9022
98.0529
98.2603
99.6822
99.705
99.6816
98.2013
98.8741
99.8265
99.6107
99.9223
99.5176
98.9456
98.7719
98.1016
99.8861
98.2535
99.7814
98.272
99.9054
98.1628
98.2264
99.5367
99.8863
99.8623
99.5737
99.9354
99.7342
98.3319
99.5056
99.6321
99.5418
98.2111
98.3769
99.9061
99.59
99.434
99.9293
98.4491
99.9544
98.2112
99.2199
99.8438
99.8112
98.2763
98.229
99.8475
99.8243
99.5985
96.5638
98.3636
98.1948
98.2868
99.7133
98.3766
99.8694
98.2816
99.9051
98.4208
99.4731
99.898
98.3482
99.5057
98.7442
99.7248
98.7141
99.4311
98.3258
98.3852
99.79
99.9332
99.7359
98.3463
99.8861
99.8353
99.8284
99.7393
99.8054
99.6365
99.8566
99.8541
99.7664
98.0513
99.4439
99.8801
99.8554
98.1015
99.8619
99.7777
99.6883
99.8066
98.2115
99.7081
99.8554
99.7942
99.677
98.2959
98.7904
99.7734
99.4756
99.6412
98.2552
99.8094
99.7515
99.9189
99.5245
98.1418
98.2723
98.9439
99.5712
99.8711
98.8861
98.255
99.7528
99.6038
99.8077
99.9468
98.1838
99.5879
99.7928
99.8318
98.2267
99.8686
98.2511
99.9548
99.7637
99.5194
99.4905
99.7231
98.0803
99.871
99.8782
99.9365
98.3023
99.5492
99.9076
99.5158
98.725
99.7681
99.6531
98.3284
99.7903
98.2508
98.7999
99.7859
98.1412
99.8064
99.8647
99.809
99.8354
98.2884
98.1708
99.7605
98.4464
99.6878
98.2538
99.2515
99.3414
98.3606
99.9124
98.2064
99.9061
98.2468
98.2771
98.822
99.5491
99.5486
98.1214
98.1914
99.4497
98.299
98.3863
99.8566
99.4361
99.8084
99.8466
99.3741
99.7411
99.7183
99.8432
98.3653
99.5003
98.1984
99.2759
99.425
99.7646
99.2979
99.3852
99.7324
98.0849
98.2279
99.8897
99.4743
99.7166
98.2111
99.7611
99.6699
98.2904
99.7335
99.7495
98.2498
99.7476
99.6863
99.5198
99.8304
98.0996
97.9844
99.5874
99.7856
99.7321
99.8697
99.4733
99.7669
99.5114
98.3268
99.7157
99.1423
96.9151
99.7224
99.7296
98.0509
99.7315
98.167
99.8136
99.7209
99.6008
99.9044
98.3336
98.3202
99.7155
99.8016
98.2489
99.8197
96.5466
99.9491
99.3922
98.3207
99.7973
99.7284
98.3868
99.7405
99.7727
98.8286
98.4564
98.8374
99.8363
99.8384
99.7356
99.7596
99.5303
99.6113
99.8355
99.4719
98.395
99.8188
99.9112
99.8452
98.9418
98.755
98.2305
99.7286
98.3026
99.5956
99.3794
99.8143
98.9074
98.2699
99.6736
99.7245
98.6054
98.196
99.5268
98.2433
99.6669
99.505
99.9461
98.0689
99.3659
99.8067
99.8015
98.2247
99.8336
99.8644
99.8483
98.2029
99.7579
98.2354
98.0375
98.7631
99.7955
99.4848
99.9492
99.8292
98.7857
99.9035
98.4152
99.7947
99.8473
98.3094
99.817
99.8059
98.7704
99.7748
96.8833
99.7531
96.7891
98.1798
98.2407
99.7262
99.4831
99.4391
99.7195
98.15
98.335
99.7915
99.4294
99.7888
99.7721
98.2126
99.9109
96.9239
98.337
99.8032
99.6306
99.5203
99.7256
98.3414
99.7813
99.8104
99.7326
96.7324
99.9176
99.7091
98.9109
98.8302
99.807
99.0398
98.2154
99.8397
99.8698
99.8943
98.2506
99.8408
99.9325
99.8109
98.7349
99.9366
99.8297
99.6938
98.2807
98.3201
99.8136
98.7748
99.661
99.815
99.7602
99.8704
99.5045
98.4017
99.6819
99.188
99.8136
99.84
99.5296
99.7191
99.3904
99.598
99.8468
99.9231
99.5562
98.1559
98.0319
99.7838
99.7827
98.2614
96.6805
99.3665
99.9481
99.815
99.9474
99.8587
99.6284
99.425
99.7309
98.3058
98.8688
99.9623
98.4518
98.4464
99.8715
99.5254
98.2988
99.9257
99.8168
99.728
99.6733
99.7718
99.7627
99.776
99.9233
98.2287
98.2342
99.7654
99.5168
99.855
99.2697
99.8019
99.8892
99.8002
99.6962
99.841
98.3157
98.2837
99.8458
98.5976
98.2163
98.6305
98.2536
99.9286
99.9343
98.1658
99.7921
99.5483
99.9056
98.2713
99.7149
99.651
99.6878
98.9003
98.2408
98.2278
98.2903
99.707
98.2213
98.1854
99.3142
98.1565
99.7848
99.8406
98.7202
99.6953
99.9557
99.8404
99.8668
99.5863
99.6382
99.8751
99.7612
99.9028
99.1361
99.4095
99.8108
99.5008
99.7251
98.2591
99.8421
99.8688
99.8693
99.8479
99.7116
98.2904
98.2504
98.3346
99.898
98.852
99.8188
98.4566
98.2127
99.5378
98.2163
98.0212
99.7524
98.3378
98.1366
98.1304
99.757
98.4354
99.399
98.2649
99.462
99.5305
97.5817
99.5055
99.7449
99.9255
98.1876
99.4667
99.7408
98.7848
99.5038
99.818
97.9553
98.2515
99.7993
99.9179
99.8426
99.3131
99.5478
99.6893
99.8896
98.1258
99.9327
99.7952
98.183
99.8991
99.7418
99.7462
98.1618
99.7153
99.8355
99.698
98.2503
99.6833
99.7403
98.3441
99.7112
99.5281
99.1974
98.1399
99.8791
99.4727
99.8098
98.4166
99.5746
98.2469
99.3395
99.8805
99.7843
98.1707
99.8345
99.8579
99.545
98.3213
99.6426
99.8137
99.8319
98.5466
99.8247
99.9079
99.5501
99.8581
99.8089
99.6541
99.7487
99.3107
99.3533
99.8805
99.8667
99.5098
99.9164
99.8692
98.2811
99.7447
99.7036
99.8356
98.7791
99.5992
99.6347
98.0599
99.8852
99.7588
98.1757
99.0121
99.9411
99.8205
99.7394
99.9405
99.7519
98.323
99.7734
99.8616
99.8875
99.7879
98.1745
99.587
98.2115
98.2828
98.1915
98.7439
99.9025
98.2522
99.5077
99.6589
99.48
99.6403
98.1591
98.4573
99.6207
99.3162
99.3951
98.1546
99.7448
99.4799
99.6806
99.7821
98.3815
99.818
98.0967
99.9655
99.5428
99.9458
98.1791
99.7916
99.8223
99.7796
98.7479
96.8605
98.207
99.8083
98.3016
99.3977
99.7703
98.2508
98.13
99.8962
98.7525
99.8041
99.8356
99.5037
99.9457
99.5495
99.3204
99.8756
99.8363
99.918
99.7464
99.809
99.8073
98.1687
99.4763
99.478
99.8617
99.7731
99.7347
98.2404
99.7387
99.9283
99.7601
99.7341
98.0713
98.8719
98.2605
98.2394
99.8567
99.7234
99.5375
99.7393
99.4869
99.3303
99.8
99.3182
99.5711
98.0133
99.8034
98.2287
99.364
99.8443
99.6936
98.2222
99.7353
99.4754
99.7443
99.9308
99.8549
98.2317
98.2744
99.7243
99.7343
99.7104
99.6479
99.879
98.175
98.3334
99.8881
98.1267
98.326
99.9025
99.6053
99.9014
99.6411
99.9094
98.8574
99.8622
99.8767
98.3734
99.9068
99.7424
98.2834
99.7665
99.6711
98.7987
99.8392
99.8905
98.1382
99.739
99.7886
98.0964
98.2325
99.5811
98.1846
99.6922
99.7731
98.4681
99.5258
99.5934
99.8423
98.2658
98.3165
99.8649
99.6368
99.5491
98.2549
99.9458
99.5478
98.4166
99.6598
99.7868
99.7598
99.8187
99.6785
99.7586
98.07
98.1823
98.7501
99.7894
99.9102
98.4216
98.1291
98.3406
99.86
99.8737
99.7086
99.4797
98.2737
99.8301
99.8385
98.8953
99.8994
99.7667
98.0169
99.8598
99.452
99.823
99.7689
99.737
98.0363
98.2823
98.2738
99.8381
96.9954
98.314
99.8499
99.8328
99.8174
99.8915
99.9151
99.7522
99.5689
99.6044
99.8689
99.8392
98.2498
99.9156
99.9269
98.2599
99.8494
99.7746
98.2468
98.0549
98.1777
99.8404
98.2049
99.9604
99.917
98.2725
99.4836
98.1629
98.7188
98.2923
98.1952
98.3616
99.708
98.3164
99.5998
99.8599
98.2798
98.8537
99.9053
99.8318
98.1792
99.8274
99.4121
99.4465
98.241
99.4996
98.6754
98.8198
98.2809
99.3865
99.5272
99.7993
99.801
99.521
98.4178
99.8472
99.8529
99.6693
98.2816
99.87
99.8741
98.1244
98.3351
98.2633
99.8314
99.6331
96.9376
99.8773
99.5781
99.8106
99.6357
98.7937
99.8258
99.84
99.5337
99.7486
99.8861
99.741
99.9011
99.6995
99.7534
99.9173
99.4639
99.7445
99.1369
99.9332
96.5855
99.8485
99.8397
99.8721
99.7973
98.3143
99.8713
98.2552
99.8072
99.4069
99.7555
99.7291
99.8533
99.9605
98.3793
98.1151
98.3235
99.7706
99.6151
99.7167
99.8178
99.6045
99.383
99.5673
99.7382
99.8038
99.5552
99.7672
99.7896
99.8599
99.7557
99.4673
98.7856
99.814
99.1944
98.1512
99.7723
99.7104
98.2914
98.2569
99.7021
99.5622
98.2331
98.279
98.2162
99.1626
99.8054
99.9378
99.9414
99.535
98.1333
98.175
98.2491
99.8677
98.258
99.8695
99.8304
99.3955
99.6553
99.8493
98.8324
99.349
98.134
99.8788
98.3326
99.776
99.8365
99.6909
98.8545
99.932
99.5946
99.9346
99.8572
99.9349
99.729
99.8752
98.1448
99.9197
98.2682
99.2899
99.7094
99.8
99.8141
99.6739
99.5669
99.7485
99.658
98.8033
98.2516
99.7437
99.698
98.2998
98.2921
99.745
98.1191
98.2826
99.7604
98.438
99.8037
98.2311
99.7712
98.2786
99.8735
99.6531
99.7517
99.8288
98.0899
99.9399
99.8013
99.6462
98.2395
99.9316
99.6156
99.807
99.8888
99.7486
99.4894
98.2318
99.4918
99.4305
98.2472
99.8011
98.3157
99.4659
99.8905
98.2707
99.8219
99.7042
99.9171
99.744
99.8574
99.9406
98.2681
99.9418
98.1437
99.7989
98.2117
99.8779
98.2663
99.8466
99.9107
98.0556
98.2772
98.1762
99.6759
99.5722
98.3078
98.2353
99.8837
99.7753
99.8269
99.8161
99.9045
99.5751
98.2039
98.2488
99.8015
99.8105
98.2066
99.4736
98.1253
98.1649
99.6974
99.1671
99.9019
99.8328
99.755
99.6297
99.6299
98.1868
97.8925
99.8476
99.908
99.8844
99.6795
99.8012
99.8266
98.2788
98.368
99.9548
99.6833
99.8219
98.9578
99.7981
99.5085
99.984
99.6921
99.8113
99.7158
99.7147
98.6953
99.757
99.9067
98.2131
99.3992
98.2864
98.27
99.9602
98.2658
99.9526
99.8209
98.3973
99.6304
99.7257
99.7902
99.8117
99.8575
98.3139
98.308
99.3672
99.8758
98.267
99.6368
99.4517
98.1992
98.0368
98.2745
99.8027
98.846
99.5039
99.829
99.8123
99.4837
99.4849
98.1367
98.2492
99.7678
98.3242
99.712
99.9107
99.8796
99.2269
99.8601
98.2107
99.8781
99.8292
98.2787
99.7938
98.9835
99.7663
99.7057
98.1522
99.7054
99.7823
99.8924
99.8231
99.5882
99.6831
99.5131
98.2576
98.1323
98.3765
99.5467
98.1731
99.4061
99.6818
99.6336
99.8321
99.7225
99.9041
99.7068
97.6213
99.4514
99.8179
99.9463
98.3026
98.166
98.1909
99.5515
99.6777
99.4988
99.957
99.921
99.4424
99.9236
98.7765
98.2733
99.9238
99.7519
99.7686
98.106
98.1863
99.7219
99.7421
99.8802
99.8139
99.502
97.0673
99.7711
99.7513
99.8153
99.8644
99.7473
99.9265
99.9031
99.6494
98.2119
99.8849
98.1951
99.8585
99.8303
98.4404
98.2129
99.6938
98.2084
99.7625
99.7938
98.3223
99.864
98.1828
99.8934
98.9185
98.0948
99.7684
98.0212
99.6857
98.2787
99.4263
99.8363
99.7242
99.3961
98.2514
98.2515
98.2559
99.8796
98.9284
98.2161
99.8863
99.8995
99.8297
98.3895
99.8327
99.7096
98.9022
99.8328
98.4436
99.9147
99.9545
99.7163
99.6822
99.7083
99.9081
99.8796
99.664
99.7618
99.46
98.1972
99.9476
99.5392
99.8457
99.5653
98.227
98.3873
99.9602
99.7902
99.4516
99.4222
99.7689
98.3566
98.2571
99.8214
98.1838
99.6547
99.5318
99.7276
98.2163
98.7961
99.9481
98.1175
99.8353
98.8455
99.6597
99.327
99.5101
99.903
99.8745
99.5087
99.7327
99.675
99.6391
99.7911
98.2973
99.7335
99.4679
99.9119
99.8427
98.809
99.7881
99.838
99.9078
98.2883
99.846
99.5371
99.8209
98.3876
98.0878
99.8093
99.8359
99.7814
99.9386
99.8046
99.538
99.504
99.5217
99.7514
99.8452
98.2384
98.2695
99.9202
99.4376
98.0648
98.1273
99.606
98.3861
99.7063
99.6888
99.738
98.3305
99.7436
99.7517
98.8256
99.4391
99.5572
99.1793
98.8348
98.1579
99.6742
99.4782
99.7133
98.2281
99.7761
99.8718
98.9254
99.7682
98.2544
99.8674
99.8447
98.2688
99.3195
98.2293
99.7672
99.7626
99.8865
99.8904
98.7877
99.8945
98.1241
98.2694
98.7691
99.9035
99.7913
98.9104
99.8109
98.134
99.4796
98.3103
98.2558
99.873
98.2041
98.142
98.7462
98.2026
98.1985
98.8557
99.9376
98.2388
99.8192
99.4391
99.4898
99.4872
99.9157
98.1453
98.3457
99.6545
99.8695
99.7224
99.8356
98.2479
99.4399
99.5528
99.8098
99.7551
99.9175
99.9199
99.6987
99.4816
98.2998
98.2319
99.4843
99.8795
99.7761
99.7871
98.0745
98.1769
99.9131
99.7682
98.7767
99.5234
99.7932
99.9352
99.9315
99.4116
99.6529
99.4386
98.255
99.8058
99.7106
99.7938
99.9393
98.3135
99.9413
99.8253
99.5463
98.8735
98.1514
99.8824
99.3307
99.9099
99.4744
99.9117
99.7709
99.8866
98.2068
99.6472
99.8847
98.1435
98.2819
99.4344
99.9195
99.7296
99.8373
99.6402
99.8737
99.773
99.852
99.9215
99.7849
98.1399
99.9236
98.6974
98.2702
96.654
98.3307
98.271
99.7956
99.6671
99.0354
99.4978
98.3342
98.4135
99.8307
99.8774
98.2042
98.3768
98.1666
99.5933
99.9507
98.2993
98.212
98.205
97.9727
99.7784
99.7504
99.7847
98.5062
99.7981
99.8659
99.0748
98.3777
99.5563
98.1105
99.4959
98.5795
98.2524
99.658
99.8184
98.824
98.2738
98.3525
98.1429
99.7209
99.7653
98.1649
99.9435
98.345
99.7626
99.919
99.6048
99.8869
98.7933
98.0964
98.287
99.8805
99.4729
99.9963
99.7269
98.3421
99.7526
99.7989
98.1836
99.8101
99.4132
99.3153
99.7313
99.9347
98.323
98.2176
98.1248
99.7433
98.1581
98.4696
98.3586
98.2019
99.8652
99.7587
99.9266
99.8419
99.9332
99.6281
99.7281
99.2854
99.781
98.1345
99.9182
99.5113
99.4725
99.7163
99.7868
98.0995
98.9218
99.8093
99.8463
99.5324
96.9848
98.3495
99.6226
98.1105
99.9222
99.5037
99.8717
98.8727
99.7736
99.4854
99.8112
99.9346
99.847
99.9527
99.8164
98.1958
98.1185
99.8626
99.808
98.3251
99.6347
99.7488
99.8376
99.8923
99.904
98.0686
99.7604
98.8129
99.4741
99.7782
99.8984
99.9352
99.8497
98.3168
99.6739
99.6751
99.7761
99.8942
99.8724
98.2456
98.2573
98.3835
99.8276
99.9554
99.5279
99.8604
99.3539
99.8286
99.5872
99.7236
99.8334
99.479
99.8878
99.5634
99.4669
99.751
98.8686
99.4979
99.1503
98.2422
98.1378
96.8655
99.362
99.8374
98.1711
99.8808
99.9506
98.3253
98.4423
98.2214
98.1411
99.8877
99.876
99.9395
99.9544
98.3115
99.6872
99.9122
98.2213
99.6992
99.9213
99.8584
98.8256
98.3172
99.5442
99.6331
99.8758
99.6713
99.7069
98.8113
99.8326
98.1534
98.0848
99.5554
99.5999
99.8961
99.8036
99.4197
98.3291
98.7876
98.2995
97.6683
98.787
99.525
99.7402
98.7446
96.8461
99.7033
99.8437
99.7597
99.8592
99.4955
99.4401
99.9518
99.875
99.8712
98.1555
99.8172
99.632
98.1864
99.8117
98.22
99.9065
98.3228
98.3263
98.3764
98.0292
99.7945
99.7173
98.2995
98.7218
99.7056
98.0767
98.411
98.311
99.1176
98.8681
98.9545
98.1743
99.3568
98.2667
99.8005
99.2846
99.6798
99.9555
98.2433
98.1055
98.1526
99.7508
98.3134
99.5748
99.7938
99.7135
98.1457
99.7418
97.0384
98.2686
98.1438
98.2111
99.7303
99.9627
98.011
99.7693
99.7882
99.8371
98.2837
98.5115
99.7434
98.7082
98.1782
98.1812
98.8224
99.785
98.2514
99.59
99.5081
99.4091
99.4768
99.5042
99.8105
98.2082
99.9035
99.8148
99.7171
99.9341
98.8541
98.2505
99.8822
99.769
98.2478
98.0829
99.5371
98.9102
98.8994
98.21
99.9572
98.2119
99.9354
99.8802
99.5193
99.6962
99.8077
98.1186
99.7518
98.7497
99.9509
99.5351
99.728
98.7969
99.2856
99.8176
98.0642
99.7261
99.6281
98.232
98.1216
99.7046
98.2714
98.1822
99.8339
99.9657
99.9363
99.8232
99.9682
99.9245
99.8404
98.1517
99.8616
99.8655
99.8077
99.5845
99.8814
99.3954
98.2416
99.8048
99.893
98.2872
98.3898
98.2457
99.4679
98.264
99.4174
98.7199
99.66
99.8909
99.9348
99.8483
98.1218
99.6676
98.3003
98.8958
99.5058
98.5334
98.3142
98.0207
99.8762
98.1977
99.8071
98.7783
99.4836
99.4932
99.5649
99.8029
99.8239
98.0942
99.7615
99.0493
98.1824
98.2501
99.5683
99.4729
99.6127
99.5631
99.881
99.9519
99.8831
99.7783
96.8126
99.9437
99.8759
99.5836
99.8565
99.9402
99.8574
99.7558
99.8295
98.345
99.7843
99.8544
99.7285
98.1594
99.5161
99.8547
99.5944
99.8907
99.4441
98.0474
99.7697
98.7137
98.101
99.6227
98.7215
98.1624
99.9198
99.9422
99.4497
98.7517
99.8782
99.8008
99.8603
99.8377
99.8064
99.7887
99.7243
98.2513
99.544
98.1895
99.7725
99.6884
98.1208
99.8488
99.706
98.9182
99.8555
99.7983
98.1676
98.2815
98.1859
98.3204
99.7743
99.4459
99.8085
99.8175
99.9022
99.8764
99.8725
99.5525
99.6847
99.7853
99.4521
99.6849
99.8905
99.7495
99.746
98.2553
99.929
99.9016
99.7685
99.4996
99.4212
97.0406
99.7441
99.4686
99.6757
99.9409
99.4155
99.8222
99.7266
98.8289
99.6725
99.8391
98.2671
99.4852
98.2741
99.8837
98.1525
99.8251
99.7104
99.7569
99.7457
98.2112
99.6721
99.8664
99.9219
96.6151
99.7877
98.2061
99.8984
98.2386
99.8528
99.8566
98.1342
98.3502
99.4621
99.9043
99.7501
99.5262
98.3208
98.2808
99.7812
99.952
98.8924
99.4335
99.5071
98.3293
99.8497
99.8552
99.7825
99.8268
98.3128
98.2359
99.8137
99.7814
98.3763
99.7791
98.1366
99.6002
99.7507
98.3044
98.8632
99.904
99.6967
98.769
96.9063
99.7197
99.8694
99.9011
99.8323
99.735
99.7608
98.7931
99.8101
96.8689
99.8672
98.1139
99.8918
99.9215
98.2804
99.8198
98.7612
98.2939
98.3225
99.8851
98.2105
99.7411
99.5613
98.232
98.3361
99.8868
99.6994
99.4457
98.8595
99.8256
98.2259
98.1248
99.4645
98.1936
99.9338
99.8563
98.3458
98.2292
99.719
99.8491
99.5312
99.8441
99.8216
99.62
98.1201
99.8197
99.838
99.8697
99.6488
98.2235
99.8055
99.4382
98.3226
99.924
99.8663
99.669
99.7432
98.2306
99.3911
99.9328
99.548
99.9516
99.7922
99.9076
98.254
99.8458
99.6849
99.9193
99.7592
98.9542
99.8172
99.5696
99.9068
99.9327
98.3307
99.4474
99.7829
99.7659
99.9141
98.3613
98.932
99.9623
99.7805
98.1369
99.9522
99.5144
99.866
99.4982
99.5231
99.2628
99.2787
99.8357
99.715
99.9376
99.8481
98.4683
98.7618
99.6467
99.8599
98.1727
99.5514
99.8665
99.6618
99.6078
99.6774
99.4622
99.9168
99.614
99.4767
99.504
98.2754
99.8913
99.777
98.3072
99.6789
98.1997
99.5593
99.8204
98.3269
99.8714
99.5055
99.8339
98.2053
99.5472
99.5653
99.8905
99.4915
98.2027
99.5036
98.8643
99.2094
98.1937
99.7779
99.8049
99.4199
99.8855
99.4386
98.8175
99.5787
99.8336
99.4955
99.5621
99.8211
99.4995
98.2755
99.9366
99.7858
99.8075
97.9871
99.845
99.7814
99.7442
99.7895
99.4054
99.849
99.9038
99.4252
99.8372
99.781
99.5731
99.8952
98.3486
99.7124
99.5028
99.9434
98.3428
98.3068
99.9358
99.7467
99.4355
99.8456
99.7625
99.7851
99.4282
98.3093
99.9378
99.7234
98.3069
98.14
98.187
99.5483
99.4515
99.8891
98.3767
98.2501
99.4904
99.8475
99.683
98.1593
99.8478
99.8164
99.8334
99.8246
99.8269
99.8359
99.8752
98.1556
98.2366
98.259
99.8969
99.8184
99.736
98.272
99.9133
99.8367
98.2682
98.1388
98.0826
99.7756
98.3653
99.5323
98.2451
98.1694
99.8452
98.852
98.038
98.1709
99.7061
99.7889
99.7866
98.3882
99.455
99.774
99.9197
99.7582
99.6707
99.7937
99.2673
99.4518
99.0523
98.2289
99.9227
99.7874
99.3145
99.843
98.109
99.6538
98.3628
99.7322
98.2792
99.4714
99.6703
99.4782
99.5971
98.3368
99.7741
99.8924
99.4617
99.7708
98.744
98.109
98.2973
99.7714
99.8419
99.7355
99.8564
99.4796
98.2827
99.6419
99.9477
99.6461
99.697
98.3006
99.3755
99.8311
99.8708
99.8819
99.9537
99.6338
99.8782
99.8988
99.7099
99.9144
99.482
98.3078
98.3535
99.8895
99.7907
99.8786
98.6336
99.4127
98.3532
99.8106
98.34
99.84
99.7978
99.9243
96.9535
98.3744
99.8216
98.3298
99.7731
99.9561
99.8119
99.5574
99.4138
99.945
98.3518
99.5046
99.9336
99.4854
99.6918
99.846
99.8046
98.2861
98.1941
98.0839
99.3494
98.9096
99.7623
97.5837
98.7656
99.3953
99.5648
99.7811
98.0699
98.0829
98.2745
98.2111
99.7193
99.9084
99.7572
98.2486
99.8872
99.9049
99.5254
99.3864
99.9314
98.1661
98.1154
98.9351
98.0903
98.2202
98.3298
98.1837
99.8969
98.7419
99.8813
99.6363
99.7338
98.2637
99.8118
99.7264
98.1156
98.264
99.8456
98.8245
99.9038
99.5163
99.9488
98.299
99.7169
99.8178
98.2446
99.9332
99.9521
98.3616
99.8047
99.4285
99.5747
99.7609
98.0744
99.7417
98.16
99.8673
98.3786
99.578
98.3925
98.0732
99.4821
99.7047
98.6589
99.8779
98.0751
99.6689
99.902
99.5469
99.9313
99.9525
99.7635
98.2896
99.9413
99.8226
98.8098
98.1878
98.0839
98.2912
98.2601
99.438
99.8995
99.4565
99.9227
98.0849
99.8328
98.3122
99.9243
99.799
98.2163
99.7347
99.8586
98.1851
98.3248
98.3755
99.6809
99.8861
98.8333
99.4964
99.8272
99.4959
98.1924
99.8696
99.6976
99.1108
98.231
99.9232
99.8858
99.8456
99.9175
99.5014
99.9286
98.2749
99.8129
99.8558
98.1422
99.7858
98.1197
99.8716
99.6059
99.8741
99.802
99.7521
99.1261
97.9477
99.6109
99.7703
99.8012
99.8307
99.7455
99.4171
99.8674
99.8092
99.8055
98.3645
98.3197
99.8144
99.4721
99.688
98.2834
99.9061
98.2072
99.7072
99.8274
99.4094
97.9634
98.3136
96.6281
99.5184
99.6107
98.295
99.8038
99.6721
99.6387
99.8265
99.7894
99.0246
99.8233
99.9107
99.7269
99.7864
98.219
99.9548
99.4303
99.8015
99.7541
99.768
99.7882
99.7782
99.441
98.2433
99.8289
98.1185
98.1673
99.58
99.5255
99.4694
99.8363
99.8549
99.6938
98.2679
99.7903
99.4179
99.975
97.9473
99.4762
98.1974
99.7243
98.7478
98.3874
99.789
99.8462
99.7604
98.4421
99.368
99.4967
99.4053
99.4316
99.9251
98.2504
99.8185
99.7604
99.8172
99.3972
99.1511
99.7638
98.7301
99.5654
99.7616
98.185
99.8764
98.1505
99.5085
99.9102
96.8553
98.8218
98.5835
99.8179
99.8854
99.7996
99.6221
99.7442
98.1399
99.934
99.829
99.858
98.2097
99.8734
99.508
98.8068
99.8999
98.2848
99.6641
99.7422
98.0506
98.2363
99.8531
99.7259
99.8374
99.9471
99.8663
98.2365
99.9101
98.6505
99.8661
99.3816
99.7623
99.8583
98.8681
99.7371
99.7705
99.779
99.5125
99.6524
98.1658
98.2611
99.8876
98.0883
99.3828
99.9408
99.4025
99.838
99.7699
99.8509
99.8583
98.104
99.4422
98.246
99.8442
99.8285
99.6806
98.3155
99.8576
99.6933
98.155
99.7713
98.3769
99.8671
99.4778
98.2102
98.2303
99.8005
98.1182
99.4792
99.8504
99.9182
99.6591
99.7753
99.7466
99.9298
99.2494
98.6634
99.8612
99.8361
98.389
99.7557
99.5606
98.8673
99.7999
98.1535
98.3855
99.4287
99.7909
98.2353
99.4253
99.8583
99.9782
99.8213
98.3462
98.2742
98.0849
98.3328
98.3817
98.0617
99.7938
96.8237
98.2077
98.8276
99.6226
98.3405
99.7168
96.779
99.8468
99.8028
99.6897
99.5343
99.7444
98.3406
99.3926
99.8191
99.5438
99.7938
98.3099
98.1955
98.2997
99.8608
99.0641
98.1933
99.9196
99.5577
99.8609
99.4965
98.1628
98.1928
99.8367
98.2452
99.9367
99.6374
99.7128
99.4768
99.7388
99.8999
98.3471
98.0751
98.0823
99.9858
98.2789
98.123
99.5114
98.1705
98.1857
99.9124
99.9523
99.8975
99.4718
99.7058
99.8837
98.2808
99.8737
99.7968
99.3974
98.2044
99.4316
99.7278
99.7971
99.7456
99.3192
99.9489
96.8434
99.8001
99.7038
99.8864
99.8717
99.0515
99.8785
99.4982
99.6436
99.2579
99.6857
98.7411
98.8701
98.3344
99.6745
99.807
97.0815
99.8209
99.8479
99.6893
99.8314
98.1487
99.7576
99.8006
99.5046
99.8413
98.2069
98.2906
99.9712
98.2806
99.9028
98.8505
99.7538
99.8198
99.3767
99.2962
98.2892
98.1928
99.7299
99.797
99.9037
99.4073
99.2407
99.8242
99.7489
98.0683
99.8726
99.5714
98.7522
98.2575
98.2874
96.7597
98.0573
99.8026
98.1736
99.4006
97.5701
99.4626
98.3425
99.8772
99.8107
98.323
99.8946
99.6624
99.3729
98.2617
99.882
98.292
99.7102
97.9909
99.5809
99.8707
99.7023
99.8735
99.7696
99.8868
99.8865
99.8424
99.8955
99.5048
99.7891
98.2391
99.4252
99.7575
98.3931
99.255
99.665
99.8043
99.8937
99.8392
99.7796
99.8597
99.7701
99.8562
98.34
99.6997
98.255
99.8721
99.8856
99.7884
99.7434
98.3865
99.7385
99.8183
99.6594
99.4291
99.6389
99.5991
99.4521
98.1259
99.8118
99.7696
99.8268
99.8776
98.2191
97.5818
98.2357
99.7394
99.8409
98.2475
98.1805
98.1829
98.2571
99.8948
99.8245
99.5954
99.9446
99.8992
98.1917
99.8692
98.2524
99.2344
99.8353
99.4007
99.753
99.9136
99.8838
98.2776
99.9376
99.6454
99.8203
98.2162
99.7263
99.6067
99.7312
99.4675
99.7453
99.7907
99.729
98.187
98.1725
99.8189
98.2247
99.5686
98.1664
98.209
99.3981
98.1736
98.715
99.7777
99.9319
99.9306
99.7741
99.8485
98.9224
99.6817
98.2644
99.9555
99.3438
98.2025
98.3409
99.8191
96.8933
99.86
99.8607
99.7289
99.8564
99.5405
98.4109
99.7813
99.4962
99.8577
99.445
98.2583
98.1614
99.865
98.8719
98.1182
99.3977
98.105
98.2479
99.7971
99.7904
98.9072
99.6922
99.751
99.4311
98.3094
98.8979
99.9726
98.3109
99.6486
98.2385
99.3726
99.896
98.3705
98.2834
99.7722
99.8167
98.2982
99.4952
99.8681
99.9148
99.8299
99.5521
99.8452
99.6901
99.716
99.8133
98.3899
99.4541
99.9116
99.4954
99.7963
99.8019
99.4519
99.9536
99.6476
99.7052
98.9051
99.5632
99.903
98.2901
99.778
99.8855
99.7963
99.9023
99.7073
98.0821
99.7539
99.7793
98.1444
99.4438
98.0064
99.6125
98.3451
99.9277
98.1597
99.7926
99.8518
99.8753
99.7871
99.5006
99.9326
99.621
98.9519
99.8739
99.6598
99.7291
99.6831
98.6966
98.2664
98.3573
98.2728
99.8504
98.1516
99.9482
98.3624
98.3145
99.767
98.7958
99.749
98.1532
98.3102
99.8179
99.499
98.3388
99.7386
98.1476
99.8063
99.8747
99.9492
98.1593
98.2918
99.5023
98.21
98.2868
99.9594
99.933
99.5841
99.8874
99.8273
99.8721
99.7801
99.4296
99.7297
98.2244
99.8669
99.8064
98.3432
98.2429
99.7408
99.8425
99.7758
99.752
99.7027
99.7476
99.931
98.1893
99.5276
99.9126
99.8333
98.3373
98.776
98.318
98.2196
99.4079
99.7919
99.72
99.7962
99.5157
99.8819
98.1738
99.8506
98.842
98.3181
99.88
99.8198
99.4714
96.776
99.7331
99.7316
99.9471
99.7861
99.8257
98.1331
99.4548
99.7587
98.1397
99.9037
99.8935
99.9038
98.2532
99.419
99.6491
99.8008
99.8597
99.8207
99.8235
98.1067
98.1104
98.8778
99.9339
98.2236
99.8181
98.1955
99.4423
98.2678
99.404
99.6352
98.9497
98.2691
99.9471
98.1693
99.6781
98.2319
99.7765
99.6723
98.2955
99.8078
99.9152
99.7046
99.8604
98.2012
99.7522
99.7237
99.9537
99.8331
99.4702
99.5987
98.2225
99.6235
99.6152
99.6023
99.7706
99.4946
99.915
99.7385
99.7124
99.8565
98.1654
99.7188
99.8098
98.1254
99.713
99.4931
98.1716
98.1861
99.9317
99.8649
96.8492
99.9121
99.7853
99.7592
99.7802
98.2525
98.1993
99.8401
99.758
99.9086
99.3092
99.778
99.8065
99.7387
99.6806
98.2921
99.8109
99.6842
98.2238
99.7855
98.3041
98.2586
99.4255
99.9133
98.3007
99.6779
99.5987
98.1159
99.8687
99.9641
99.8661
99.7554
99.9156
99.7199
99.8051
99.5861
99.9704
99.9569
99.0859
99.6092
98.3502
98.1851
98.1887
99.6031
98.337
99.7376
98.2414
97.0596
98.1268
99.7321
99.8842
99.8531
98.2919
98.245
99.6197
98.1745
99.4501
99.446
99.5533
98.1562
99.695
98.971
99.7997
99.5307
99.9219
99.9354
98.2274
99.5061
99.8208
98.2436
98.2643
99.8135
99.786
98.078
98.6959
99.763
98.215
96.9483
98.5429
98.881
99.5341
99.8202
98.8227
99.7211
99.7577
99.8099
98.2252
98.3556
99.7345
98.2306
98.5916
99.8251
98.3521
99.5879
98.1151
99.6676
99.8933
99.84
98.19
99.779
98.1524
98.368
98.2766
98.4053
98.1687
98.2912
98.2493
99.5991
99.9712
99.766
99.7587
99.6843
99.9454
98.319
99.6978
99.801
99.4163
99.7891
98.2379
98.1679
98.1492
99.5598
98.278
99.7763
99.7005
99.7686
99.4374
99.868
99.8287
99.6805
99.7927
99.862
99.5722
99.8058
96.7965
98.7049
98.2019
98.2164
99.8151
99.8104
99.8957
98.2847
98.2617
98.2227
98.2491
99.8133
99.6246
98.2758
99.7762
99.8429
99.9477
98.8233
99.7391
98.2624
99.7208
98.1838
98.3257
98.3054
99.4159
98.291
99.7572
99.6848
99.7718
99.7958
99.829
99.7214
99.8562
98.216
98.3835
99.5962
99.4494
98.2179
99.7945
98.207
98.1112
99.8431
99.7208
99.8283
99.8161
99.648
99.8605
99.7775
99.788
99.8333
99.954
99.5442
99.9165
99.5769
98.3989
99.8278
98.306
99.9064
99.7389
97.0571
97.183
99.7749
99.8277
98.334
99.4027
99.9574
99.9748
99.7891
99.4027
98.7406
99.8145
98.5313
99.8715
99.939
99.9401
99.8806
99.9159
99.791
99.4909
99.6694
98.2362
96.7723
98.3326
99.6561
98.807
99.7516
99.6147
99.7436
98.2332
98.1262
99.5335
98.1559
99.7763
99.8034
99.6749
98.3111
99.9493
98.7384
99.8022
99.7291
99.5705
98.3184
98.4395
98.3901
99.4995
99.7125
98.4451
99.8502
99.7272
99.9409
98.2775
99.6923
99.7136
98.7983
99.7623
99.8279
98.2415
99.8562
99.8069
99.8816
99.6113
99.8979
98.3903
99.81
98.2372
98.3176
99.7598
98.9711
98.4213
99.4664
99.656
98.2948
99.9021
99.8117
99.8575
99.5958
97.0526
99.7698
99.6415
99.9263
98.3071
98.2017
99.4537
99.6489
99.8035
99.7922
99.5029
99.5819
99.8598
99.4709
99.838
99.9308
98.1217
96.7943
99.751
99.8776
99.4541
99.7936
99.7111
98.1909
99.9101
99.6832
98.3486
99.6871
98.0544
98.3183
99.372
98.1426
99.6491
99.7905
99.8036
96.8092
99.8171
99.1434
99.9485
99.487
99.7496
98.7274
99.4518
99.8942
99.4735
99.241
98.2581
98.1844
98.2734
98.3235
99.8277
98.2578
99.9042
98.3588
99.3004
98.7701
99.7943
99.7672
99.9112
99.6707
99.823
99.3947
98.2037
99.8518
98.2154
99.7062
99.5998
98.2046
98.1954
99.8398
99.7818
98.3832
99.9102
98.1726
99.7646
98.2041
99.7485
98.6805
98.6704
98.2666
98.122
99.7846
99.5002
99.7939
98.2642
99.898
99.6043
98.2252
97.9984
99.7838
99.4737
99.8949
98.159
99.8863
99.9641
98.2108
99.4263
98.3303
99.0151
98.2011
99.787
98.139
99.8526
99.7804
98.908
99.8811
99.52
99.7786
99.501
98.2469
99.9285
99.1467
98.2715
99.7894
99.897
99.5365
99.8402
99.5651
99.544
99.8252
99.7154
99.6889
99.8868
98.4136
99.7072
98.2235
98.9726
99.4603
99.6555
99.7168
99.7555
99.4719
99.81
99.7244
98.206
98.2488
99.5326
99.4511
99.7918
99.8902
99.6473
99.6823
99.823
99.712
98.2392
99.965
98.2109
98.9071
99.7424
99.9464
99.8197
99.891
99.6779
99.9004
99.6808
99.9047
99.8293
99.702
98.6816
99.8528
99.865
99.649
99.8366
99.8834
99.888
98.1473
99.8128
99.4551
98.1369
98.8662
98.1494
99.7048
99.6919
98.2887
98.2931
99.6393
99.4511
98.725
99.7908
99.9926
99.6704
98.1503
96.6142
99.7965
99.8392
99.4483
99.7875
98.407
98.2073
99.7803
98.0322
99.9798
98.3699
99.9448
99.844
99.7818
98.8073
99.6279
99.7338
98.2774
98.6257
98.2977
98.2669
99.6542
98.2439
98.3346
99.5669
99.752
98.0974
99.4823
99.8299
98.1885
99.4602
98.2019
98.169
98.1575
99.9025
98.0987
99.7043
98.299
99.7649
99.7352
99.463
99.8693
98.2907
98.345
98.8694
99.7901
99.8094
99.8537
99.6399
98.98
99.9721
99.8226
99.783
98.7607
98.233
99.7047
98.0674
99.7584
96.6327
99.6178
99.8641
99.8071
99.4569
99.505
98.9003
99.7998
98.3411
98.141
99.7217
99.6849
98.2715
98.8706
98.1528
99.8155
99.4305
99.7596
98.0998
98.1112
98.8848
98.2479
99.5697
98.2461
98.4231
99.83
99.8941
98.2754
98.3222
99.8743
99.8329
99.8249
99.7823
98.8729
98.1886
99.7605
99.812
99.8442
99.6124
99.6705
99.7778
99.7297
99.5928
99.7863
99.5229
99.9306
99.6069
99.8293
99.656
98.2258
99.6964
98.1067
99.8529
99.6442
99.4981
98.8744
99.9528
99.9106
98.7019
99.8482
99.9715
98.1708
99.8494
99.4607
99.887
99.9343
98.1059
98.3288
97.0442
99.8265
99.9078
99.7886
99.8955
99.5484
99.6455
99.8604
98.3324
99.5004
98.3374
99.7371
99.6659
98.3477
98.1889
99.88
99.7738
99.6433
99.6345
99.4401
99.7767
98.3134
99.9058
98.2196
97.6499
98.2633
99.458
98.2898
99.929
99.7757
99.4927
99.5778
99.6959
99.4
98.8018
99.763
99.8217
99.7058
99.9059
98.1693
99.8625
99.75
99.836
99.7775
98.2943
98.2688
99.6645
99.9323
99.4251
99.3066
98.2473
98.3502
99.7859
99.825
99.395
99.8202
98.1693
99.8089
99.7798
99.7808
99.3956
99.6471
98.8822
99.8681
99.8881
99.7748
99.8376
99.8682
99.4501
98.2312
98.1629
99.9073
99.8029
98.0775
98.1023
99.7207
99.6947
99.907
99.7883
99.6259
99.6415
99.8869
99.785
99.788
98.2422
98.1901
99.3436
99.9323
98.1475
97.0937
99.9345
98.2636
98.3706
98.7486
98.1016
99.6991
99.7423
99.4489
98.0847
98.1583
99.8301
98.2821
99.2962
98.3714
98.2743
99.6944
99.691
99.7088
98.5156
99.8697
99.4871
99.52
98.1663
99.5714
98.2224
98.2706
99.5478
99.5745
99.4452
99.84
99.8253
99.3883
99.9344
99.7493
99.6788
98.3599
99.8048
98.1275
98.239
99.5063
99.7817
98.1685
98.1773
99.8366
98.1912
99.4633
98.3699
99.7085
99.6338
98.2805
99.7663
98.5916
99.8512
99.8935
99.8589
98.2837
98.1136
98.3305
98.3531
98.21
99.872
99.7985
99.7866
98.4313
99.9151
99.6359
98.3256
99.6572
99.8184
98.8597
99.9036
98.1325
99.8218
98.1459
99.5497
99.6146
98.2371
98.0824
99.8193
99.8447
99.8774
98.2622
99.8872
98.7498
99.5315
99.7129
99.4281
99.8724
99.2585
99.7578
99.5016
99.7389
99.7987
98.1799
98.6375
99.7504
97.0932
99.5291
99.6328
98.2836
98.2878
99.8631
99.7173
98.2353
99.433
97.0044
99.8682
99.5963
99.7241
99.796
99.5098
98.3333
99.7198
99.4425
99.6206
99.7381
99.9518
99.8179
99.9421
98.2465
99.6108
98.259
99.8477
99.7615
98.3792
96.7109
99.9031
99.8316
99.8958
99.8309
98.9572
99.5892
98.2452
99.432
98.2086
99.5004
98.0749
98.0846
98.3231
99.564
98.2656
99.9604
99.7933
99.8884
98.2507
98.092
98.1463
98.1807
99.456
99.8302
98.2058
98.1897
99.4912
99.7479
99.8675
98.2554
99.7479
98.8524
99.4467
99.827
99.6711
98.1521
99.9622
99.8082
98.788
96.5316
99.7241
99.6201
99.7533
98.7667
98.2338
99.8991
99.7761
99.9011
98.2491
99.8352
99.7894
99.7316
99.7478
98.2468
99.597
99.9465
99.7882
99.8217
99.4952
98.3196
99.4535
99.4976
99.5433
98.1965
98.3777
99.7282
99.5251
99.8678
99.5252
99.9073
98.3014
99.8357
99.8007
99.7604
98.9466
98.8515
99.4571
98.0965
99.7391
99.7905
99.6693
99.5372
98.0838
98.2424
99.8805
99.8697
99.406
99.5042
99.7889
99.7151
99.8711
96.8291
98.3799
99.9054
98.4039
99.5971
98.2752
99.8222
99.8832
99.7649
99.9402
99.947
98.8882
99.9284
99.7639
99.8255
99.8591
99.7871
99.6479
99.9347
99.898
99.7685
99.9021
97.9076
98.3005
99.643
99.6489
99.8782
98.3372
98.8108
98.2999
98.2801
98.377
99.8676
99.7396
99.8982
99.9166
99.6643
99.4421
99.6176
99.3887
99.8255
99.8186
99.4835
99.4661
99.9076
98.1853
99.8116
99.8204
99.9383
99.5483
99.3671
99.6769
98.2682
99.8244
98.1757
99.3697
98.2598
99.501
98.2141
99.8032
99.79
99.8644
98.3053
99.8857
99.7363
99.5309
98.2357
99.7794
99.8919
99.8593
98.6571
99.6562
98.1992
99.9076
99.9269
99.8486
98.6009
99.9655
99.7075
99.8712
99.8426
99.4336
98.7311
98.1174
99.8405
98.1992
99.5046
96.9174
99.9422
99.8654
96.9865
99.9158
99.9339
99.7367
98.3103
98.4018
98.1918
99.8192
99.7567
99.4804
98.7768
99.4424
98.1583
99.8961
98.7764
99.6243
98.4323
99.7216
98.1534
97.9589
99.0803
99.8387
98.2099
99.834
99.5649
99.8966
99.7211
99.8346
96.832
99.488
99.1825
99.77
99.3786
99.7587
99.8248
99.8281
98.1303
99.6908
99.6225
99.9608
98.2098
99.1495
99.687
98.2825
98.295
99.7777
98.335
99.8474
99.7919
99.3792
96.6066
98.7531
99.853
98.2977
98.7478
99.3796
99.8509
98.3096
99.7999
99.6991
99.8006
98.2206
99.7228
98.2128
99.8529
99.6298
99.7278
99.3653
99.7816
99.7616
98.1598
99.8829
98.3416
99.8157
98.3424
98.3573
98.2359
99.5487
99.8818
99.4482
96.984
98.1583
99.6185
98.1274
99.8963
99.1547
99.7322
98.2846
98.359
98.2344
98.3515
99.8146
99.8677
99.7145
98.2648
99.9199
98.1453
99.7282
98.4495
98.264
98.1966
98.1254
99.4723
98.8135
99.949
99.6426
98.2773
99.9571
99.813
99.4994
98.2482
98.6657
96.6943
99.7788
99.9728
99.744
99.6519
99.8353
98.4157
99.6507
98.3097
98.2143
98.2969
99.7401
99.8582
98.7552
99.9298
99.7137
99.8433
99.9351
99.6872
99.6907
99.9145
99.5863
99.7253
99.8207
99.8814
98.8952
99.5488
99.7282
98.1184
98.2854
99.8695
99.7645
99.7099
99.8504
99.5464
98.2846
99.8757
99.7466
99.4463
99.6257
98.3659
99.5242
98.7743
99.625
99.4833
99.4207
98.9069
99.272
99.8554
99.3807
98.9102
99.789
99.9622
99.6994
98.8865
99.517
99.4348
99.7187
99.7314
98.1988
99.856
99.8366
99.8203
98.2603
98.1439
98.1646
99.8383
99.7097
98.8484
99.4618
98.7938
99.7182
99.6387
98.2174
99.907
99.8726
98.3082
98.1645
98.2278
99.9542
99.3728
98.2148
99.8335
99.7222
99.8899
98.1807
99.932
99.8208
98.334
99.4629
99.8016
98.9784
99.7273
99.7921
98.2956
99.8629
99.8607
99.7068
99.7882
99.8699
99.9232
97.9941
98.2488
99.4335
98.1353
98.2264
98.1945
99.823
99.8201
99.6578
99.6395
99.8755
97.5912
99.4807
98.7923
98.222
98.0325
98.0829
99.6876
98.2986
97.9714
99.6898
99.6566
99.8781
99.7935
98.3652
99.8185
99.8915
98.8445
98.1414
99.365
98.1409
99.788
99.808
98.8124
99.8233
99.9267
99.9631
99.8227
99.9151
98.1678
99.7075
99.6661
99.7439
98.4083
99.8031
