98.2012
98.5707
98.6275
98.9069
99.7403
97.8599
99.2073
96.5169
98.3225
98.8777
98.3463
99.8452
97.2381
98.8423
96.56
99.102
96.6982
96.955
96.8596
98.7453
96.7059
96.6657
98.6215
99.0043
96.8754
96.6414
96.9893
99.015
99.4064
96.979
99.8507
99.9627
96.5458
99.4619
97.2247
98.5807
96.6556
96.5311
98.6596
97.1235
96.733
98.6874
99.1122
97.7363
97.0183
96.6959
99.136
96.7113
96.7885
99.1102
96.6552
96.6811
98.7439
96.6623
99.0591
96.6973
98.38
97.2248
99.7949
98.3985
98.9947
99.0557
98.9072
96.6709
96.4884
97.2181
96.6201
97.1144
98.7174
96.6397
97.1311
96.6701
99.528
99.7707
96.8531
98.4671
97.0543
99.7539
97.8057
97.249
97.0042
98.8234
98.9444
98.9299
96.5772
96.7045
96.7443
96.5802
98.974
97.2489
98.1348
97.2443
98.4177
98.8815
98.2732
99.6861
97.2785
98.6271
97.7856
96.4364
96.7517
98.9886
96.5872
96.9684
99.5332
97.7334
97.0614
96.8092
98.6686
96.6544
99.0552
98.232
96.8194
97.361
96.4132
99.1882
98.3458
96.6568
99.3758
99.499
98.2455
96.9683
96.6116
98.661
97.7465
96.6338
98.7065
99.4052
98.4413
96.7008
96.7673
96.6939
97.2695
98.2952
97.0038
96.8198
96.6004
96.5313
98.4012
96.7217
98.7692
99.5305
96.4347
96.9034
96.9431
96.4806
97.1733
98.8441
96.5066
98.7392
99.8594
96.6477
96.972
97.315
96.4853
96.7185
97.2737
96.7116
99.7073
96.6664
96.9596
98.9336
96.7265
99.1416
99.8056
96.5335
97.2708
98.6917
98.3756
96.705
99.0609
96.6408
96.7454
96.8342
96.6554
98.7458
96.6293
96.3626
98.6949
98.4525
97.1117
99.1589
96.693
96.6132
98.8806
97.0888
99.337
96.7317
96.6672
97.9301
99.0576
98.3245
96.8701
97.0073
96.5145
96.6995
98.735
99.9481
99.0247
96.7499
96.6279
96.7973
97.009
96.4532
96.5824
96.4532
98.9801
98.7982
98.3727
97.0125
99.8305
99.9567
96.4132
97.2
96.673
99.7707
97.1676
99.2476
97.0508
96.4521
96.6417
98.4578
98.2906
96.769
96.7202
96.9244
96.8646
96.6306
99.4035
96.6966
96.562
96.6734
97.2452
96.6721
99.9673
96.6003
97.8936
99.0074
96.3248
96.5978
96.6811
99.0518
98.8111
96.6768
96.39
97.2737
97.0041
96.6967
99.3667
96.6727
99.8507
96.9128
96.4208
98.8689
96.618
97.2633
96.7027
96.6745
98.2827
96.9851
96.501
97.2793
96.7005
98.3094
98.4388
96.6602
99.0259
98.7963
96.6644
98.3901
99.7893
96.5332
96.6978
96.6672
96.6552
98.353
96.659
99.702
96.7186
96.7113
98.8626
98.2826
98.4981
98.3048
96.7629
98.2282
99.1485
99.1594
98.7697
97.7736
96.3075
96.5287
98.3092
99.6656
96.5238
98.2762
98.2936
99.5421
99.8469
97.0655
97.1375
99.0417
99.0173
98.2879
98.7051
96.6975
97.23
96.674
96.4448
96.6085
98.4109
96.428
96.6873
96.5865
99.4367
96.5045
99.4004
97.8599
96.7583
98.2798
97.0237
98.8526
96.3485
96.468
99.2683
96.6968
96.6303
96.7154
98.1923
96.3763
98.3097
96.6535
98.2168
98.1171
96.6678
98.4057
98.2344
97.6484
96.5873
98.9479
98.3209
96.4667
98.6865
96.8552
98.6798
96.4053
97.0543
98.0991
99.4697
97.1012
98.8094
99.2741
96.67
98.2029
96.9177
99.5012
99.0071
96.7595
96.928
96.4331
96.9808
96.6163
96.6642
98.9801
96.6828
97.0484
96.777
98.8331
96.9885
99.7854
96.5214
96.4763
96.4339
96.769
97.2386
98.6162
96.5585
98.7349
96.8101
98.3522
99.1043
99.0345
98.7602
97.0456
99.9548
99.7246
98.7224
97.1819
96.8173
96.9987
96.6213
96.7924
99.2979
98.9453
96.732
99.7044
99.8963
97.2327
97.0456
96.6369
96.4849
98.3048
98.1189
96.8363
96.7099
99.499
99.0681
96.47
99.8705
96.5127
96.8452
96.5708
96.6797
98.7628
96.6151
96.6479
96.6656
99.0057
99.1791
98.4193
97.2
99.3621
96.9493
96.9168
96.6393
98.2987
96.8329
98.9069
97.1926
96.5226
97.985
96.9159
99.5936
98.9646
96.9927
96.3362
96.6346
99.7437
98.6738
96.7955
96.7924
96.3993
96.6778
98.7761
99.0269
96.763
96.5733
99.1742
99.7745
99.1541
98.9342
96.4263
96.4521
99.6962
96.4682
98.3011
98.9801
96.5758
98.2853
99
96.6783
98.6363
96.6671
98.7761
96.4669
98.5341
98.9995
99.9802
98.9638
97.0808
98.3081
96.2914
96.6267
96.4947
96.56
96.9831
98.8762
96.7064
96.4573
98.2911
97.2217
97.2258
98.3986
98.2365
96.7825
96.5419
96.9892
99.5708
99.1669
97.0471
98.9635
96.7413
96.7023
96.4339
96.6887
96.4844
99.7942
96.7015
96.7185
96.859
96.9258
96.709
98.2942
97.8372
96.4618
96.6738
98.9507
98.9392
96.9324
96.6226
96.6093
96.6132
99.5622
96.3817
98.284
99.0341
98.7875
96.9411
96.7131
97.3419
99.6991
96.3937
96.4958
96.3766
97.0658
99.4804
96.7166
98.9856
96.5521
96.5427
96.5086
96.6524
99.327
99.3675
96.5077
98.6365
97.3257
99.7539
96.6406
97.0322
99.4954
96.4483
96.677
99.9889
96.3972
99.4398
96.4114
96.7099
96.706
96.6635
98.4396
99.6154
98.5975
98.7866
98.1221
98.9873
96.6318
96.7037
99.7942
96.6144
98.1318
98.8122
96.5298
96.6422
96.4669
98.6156
96.732
98.8787
97.053
99.0328
97.2092
96.9072
96.7468
99.3837
98.809
98.2193
98.2737
98.2585
97.0498
98.7615
96.9542
96.5733
96.5044
98.9621
98.6287
98.9069
96.6458
96.5419
98.2506
99.9144
98.9873
96.4211
96.7383
99.7195
99.1762
96.4463
96.5369
99.6759
97.2835
98.758
96.6089
96.6784
96.7653
96.7684
96.564
96.6801
98.2846
99.5472
96.7207
96.6571
99.4175
98.4413
99.1887
97.3021
96.711
96.3817
96.8398
98.7733
99.9669
96.5881
96.4981
96.8952
99.8607
96.4347
98.4229
96.7138
97.1405
99.6323
96.6132
98.4262
97.0027
98.2416
96.5288
97.8566
98.1508
96.5781
96.6659
96.6393
96.7939
99.4175
98.9016
96.8128
96.3815
96.9006
98.9801
96.6166
99.9189
96.5535
96.3332
99.0089
99.0894
98.9738
97.0852
96.8445
99.1772
97.8817
99.0613
96.7008
96.7684
96.5274
98.231
96.5785
96.921
98.9545
96.7093
96.9729
97.771
96.6505
96.8809
96.7135
99.5108
96.5474
96.4647
96.7116
99.1826
96.6644
98.2494
98.5781
96.7629
99.6771
98.7676
96.777
96.6281
96.7484
96.4716
96.7635
96.421
99.4684
96.4096
98.7432
96.6104
98.7646
96.5691
98.7092
96.8129
96.5585
96.6209
96.5461
97.2728
97.2525
97.1087
98.2331
98.7654
99.6522
98.6978
98.808
96.7859
98.2506
96.5113
96.6336
99.4889
99.8141
98.1171
99.7902
96.5343
99.6043
96.5498
98.5713
96.774
99.7294
96.4879
97.1815
96.9713
96.6435
96.6017
98.0447
96.3397
96.2565
96.7443
99.1115
96.6446
99.0106
98.9304
96.7376
96.5295
99.3666
97.0456
98.677
96.7207
96.8114
96.9659
99.0718
96.7578
98.1562
96.8201
96.7431
96.5338
99.4364
96.6117
96.7344
99.2295
99.4636
99.7375
96.7344
96.711
96.706
96.7423
98.6183
99.0689
99.6087
98.6482
97.1565
98.2775
96.7006
97.8372
97.0433
98.8023
99.4432
99.397
99.0369
98.6687
96.4998
97.1733
99.3641
96.6424
98.1349
97.0144
96.565
97.0225
96.7761
96.841
99.961
98.8682
96.7612
96.6793
98.6936
96.8092
96.6699
96.8537
96.6754
98.8591
98.838
97.0433
96.6645
98.809
99.1037
96.5396
99.6323
99.8222
98.0788
98.9361
96.7166
98.8739
96.728
99.6097
98.9175
99.0198
96.6763
99.5303
97.037
98.7055
98.7487
96.9866
96.9447
96.7163
96.7146
96.677
96.7641
96.7345
97.2678
96.5143
96.6641
98.8932
99.3977
96.8585
97.1464
97.2734
97.8246
96.428
96.9616
98.7019
98.6278
96.7748
99.0204
97.0489
96.8877
97.0506
98.7349
96.7332
99.029
96.5198
96.6535
99.7755
96.9846
96.644
96.9563
96.5194
96.4998
96.5758
96.5193
98.5448
96.5245
96.5717
96.6763
98.2291
96.4902
96.4346
96.9498
96.7159
96.5577
98.3643
99.3848
98.1997
96.6945
96.7583
96.7424
96.4336
98.0443
96.9427
97.1103
96.6883
98.6903
96.9022
96.7218
99.4185
99.0168
96.5998
98.72
96.468
99.9947
97.2084
98.2543
96.8899
97.2633
96.5351
99.3439
98.0099
96.4263
96.4743
99.5997
96.4498
98.3264
96.6227
98.0853
97.7642
96.77
98.8277
96.5516
98.648
96.7398
96.3406
97.2422
96.9233
98.7596
96.77
96.7059
96.4125
99.6919
96.5328
98.7375
99.0558
96.6939
96.7624
96.5449
96.291
96.549
99.4426
98.254
96.644
98.9948
99.47
98.4247
96.6221
98.3225
96.3993
98.692
99.1219
96.6665
98.3279
96.6383
98.9606
99.4282
96.6445
96.5949
98.8613
96.7211
99.6562
97.9419
99.0403
98.2784
97.0511
96.8648
96.7039
99.5098
96.4146
99.0063
96.9772
99.4
96.5605
96.6187
96.5214
98.7692
96.6467
97.2633
99.0462
99.377
98.1562
96.6993
96.6025
98.2853
98.9924
96.7375
96.6642
96.6367
99.7603
96.7887
96.5157
97.0638
96.416
96.6455
96.7913
98.661
99.7262
96.5517
98.365
96.4041
98.4908
98.2156
99.0699
98.9321
99.1328
98.891
96.6347
98.9982
96.7793
96.698
96.3872
96.7422
96.7739
98.6001
98.2844
97.2692
96.7251
96.5328
97.0433
96.4309
98.1559
99.4146
96.7405
98.1348
96.7719
98.7682
96.6609
97.0084
99.1794
98.804
98.9696
96.46
99.1427
96.7539
96.5628
98.7132
96.8164
97.7585
98.7368
98.1578
98.5989
97.1863
99.0328
96.6909
96.6437
97.7664
99.8047
96.5938
96.7309
96.7863
96.3536
96.9269
96.7736
98.7701
98.4067
96.6657
98.567
96.644
96.4525
96.6738
96.7986
97.3944
98.735
98.2197
97.1714
98.2455
96.9885
96.7004
98.8732
99.1528
99.1697
97.201
98.2387
99.0584
96.4483
97.1016
96.5503
96.6639
96.7417
96.6554
99.0241
96.2565
99.8118
96.6669
99.6574
97.0276
98.4391
96.9147
96.4276
96.304
97.0954
99.6597
97.2861
96.6336
97.3002
96.563
96.9809
97.2408
96.4745
96.988
98.3159
96.4282
96.4222
98.7891
96.6958
98.2203
96.3715
96.5144
96.3655
96.9107
96.6869
96.8733
97.2734
98.9301
99.7451
96.6609
96.7287
96.7454
99.1244
96.8351
96.6498
98.2794
97.3099
98.682
97.4061
97.2565
98.9143
99.6283
98.2715
96.9831
97.1397
98.776
99.7538
98.6417
96.4334
98.2161
96.851
96.6768
96.6365
99.1242
96.8597
99.2035
97.3257
99.6981
98.7016
96.7424
99.1293
98.114
98.2197
98.5785
99.3641
99.9767
99.1031
96.4411
98.4247
98.6365
99.0503
98.7434
97.0154
96.5916
98.2379
96.5758
96.4622
98.2438
96.5567
97.0023
99.0679
96.7373
98.2605
96.6797
96.7027
98.7963
96.7144
96.6279
96.6847
96.6406
98.2202
98.6917
96.6593
96.7154
98.8032
99.9256
98.2061
98.8316
99.2092
97.1184
98.2022
96.601
96.4263
96.4743
98.6419
99.7902
96.3723
98.7761
96.574
96.3752
96.6593
97.361
96.574
99.191
96.46
97.2959
98.4057
98.884
98.6764
99.0074
98.3796
96.776
99.7536
99.6861
96.6367
98.7091
99.9833
99.9373
97.083
96.9399
96.4839
98.8429
96.378
98.9085
97.2695
96.7532
98.743
98.139
97.0511
98.9241
98.7343
97.3905
98.8318
99.3465
96.6473
96.5433
99.0328
96.7941
96.8508
98.9558
98.2153
99.9249
96.6492
98.8316
96.257
98.7749
96.6781
96.5346
98.9064
96.5862
96.6094
96.6493
99.7699
99.0279
96.6492
96.5103
98.3791
96.5705
96.5144
96.9421
99.7942
99.4295
98.2168
98.8682
96.3723
96.6701
96.3659
96.4805
96.8618
96.3716
99.1613
96.4076
96.4373
96.539
96.551
98.2616
98.6795
96.6346
96.5948
99.1242
96.6524
96.7158
96.5736
96.6583
96.7511
96.6678
96.7217
99.4626
96.6822
96.5844
98.26
98.2888
96.7174
98.368
98.2156
99.7317
98.3582
99.1595
99.045
96.7389
96.5645
97.2737
97.8556
96.7411
96.4309
99.266
96.3915
98.8751
99.6666
96.6902
99.8056
98.2392
96.7823
98.6231
99.8213
99.5809
96.4538
96.6878
96.8452
97.0813
98.2713
96.4616
96.59
97.0508
97.7604
96.5013
99.8963
96.6482
99.8796
96.4773
98.7313
96.8403
96.5004
96.7662
98.3097
99.3879
96.4027
96.9596
98.2911
98.7055
96.5323
96.7206
98.1921
96.5243
96.4576
98.1349
96.6166
98.7884
96.6759
98.1762
99.095
98.9995
96.6228
96.4903
96.6583
97.1499
96.9617
98.9611
99.4587
96.3763
97.2068
96.4244
97.0561
96.7045
96.7112
98.8964
98.4413
99.701
96.5885
96.6959
96.5585
98.2985
96.6449
98.326
97.2807
98.7496
99.18
96.9987
96.7782
99.0499
96.5099
98.3088
99.5356
98.3399
96.4252
96.6521
97.3341
96.7172
99.0008
96.5313
98.5304
97.1572
97.2227
97.8286
98.9873
99.982
96.6221
96.6677
96.6762
96.6728
98.7486
99.3717
97.2912
98.3524
96.7465
96.6813
99.0689
98.3319
99.0462
99.8452
98.174
98.7951
96.5136
98.7825
99.2893
98.6933
96.3518
99.8089
97.092
96.7338
96.8092
99.1935
97.8259
98.9784
96.7012
96.5202
98.114
99.0354
97.263
96.6428
96.8297
96.501
99.3996
99.0183
96.7394
97.2247
97.2
96.841
96.6449
96.6541
96.7086
96.6623
96.6781
96.7172
97.0937
98.4413
98.5086
97.0469
96.5804
96.5503
99.2243
96.6797
97.2318
96.6819
98.824
96.6058
96.5505
98.9797
96.6365
97.0458
99.3634
98.742
99.5749
99.6153
99.4663
96.8863
96.6231
98.8979
96.7322
98.7344
98.419
96.5411
96.663
96.9539
99.7734
96.361
97.2601
96.4061
97.8392
99.6679
99.7403
96.9684
96.8774
97.2864
98.8367
98.6936
96.588
96.577
96.5857
99.4399
98.0991
99.4882
99.8594
99.9105
98.9409
96.9443
96.4331
99.4642
99.3633
98.7882
98.4301
98.6015
96.5547
97.8139
98.208
96.6474
96.5705
98.6001
99.333
99.0674
96.7659
98.9009
99.7988
97.7357
97.2325
96.4992
98.6468
96.5496
98.8105
98.8322
96.6427
99.034
96.6489
96.4663
98.298
96.6263
99.0089
97.0942
96.5151
96.8226
96.59
99.647
96.436
96.6778
97.2472
99.9567
96.6728
99.1354
98.6228
97.2615
98.2942
96.9992
99.0198
96.8895
99.0689
96.7619
97.1117
96.9851
96.5726
96.4663
96.5246
96.6444
98.2234
98.2562
99.8878
98.9982
96.5271
98.6442
98.3238
99.7743
97.2087
96.6489
96.6322
96.6702
96.6614
97.2368
98.9135
96.4102
99.528
96.6525
96.9356
97.1536
96.7612
99.0076
97.2795
96.5656
99.191
98.2193
97.8309
96.9991
96.5968
98.2669
98.6376
96.6294
96.6682
98.3038
99.8813
97.3124
98.7783
98.735
97.8305
96.5418
96.4849
99.5258
96.593
96.6214
99.667
96.7612
99.1345
96.644
99.6676
97.7002
98.279
97.8697
99.8984
96.7112
96.6778
96.4307
96.8919
98.7875
98.2601
96.5569
98.9438
99.4282
96.6778
96.7138
97.7836
97.2178
99.0916
96.6589
99.1742
98.2161
96.915
98.8949
96.9617
99.6402
99.1138
99.8507
99.6258
96.6676
99.0674
96.3913
98.7905
98.3165
97.1142
97.0973
98.3576
98.6965
97.1536
98.6231
98.3696
98.7301
96.6071
96.5707
98.8027
99.0456
96.841
98.9646
99.499
97.0991
99.7326
97.1375
99.6491
96.9482
96.3497
99.1876
96.6715
97.1373
99.7804
98.8952
98.7517
98.3377
97.263
96.6804
98.1171
97.0023
96.6598
96.5952
97.081
96.4765
96.7636
99.2531
98.2818
96.6013
98.6199
96.629
99.1242
98.4035
96.8558
96.6645
96.6879
98.9442
98.9736
96.6287
99.0619
99.5799
99.0432
97.1007
98.3429
98.682
96.66
97.8145
96.6847
96.7424
97.0408
99.1698
97.1632
96.6648
98.2392
96.6754
96.3954
96.4959
96.5771
99.8983
99.6087
98.5367
96.4279
96.7918
97.1733
98.2506
99.3988
97.0322
96.7936
96.8809
99.0126
99.0576
96.6216
97.3191
99.7326
97.2247
96.5485
96.4928
99.6574
96.7532
99.1562
96.7516
96.8598
96.5577
96.7136
98.7313
97.2227
98.8678
98.342
96.3813
99.0792
98.6968
98.7541
99.0873
98.7602
96.6346
96.9578
97.0543
96.6535
96.8558
96.6609
96.7454
96.7582
96.6778
98.7221
98.7331
96.6445
98.4229
99.701
96.5089
96.728
98.8028
96.7787
98.5986
96.6758
99.4695
96.6577
97.2283
96.9563
99.3828
96.6198
98.753
96.7265
99.6475
96.7116
99.0135
96.4208
97.0658
96.4375
97.2615
98.7343
99.4405
99.2804
99.7794
99.1299
96.6059
98.3582
99.7646
99.6246
96.3874
96.6432
96.6575
96.6115
99.0328
98.3614
96.618
96.5151
96.6246
96.8042
96.4114
96.7324
97.8615
96.3304
96.6246
99.6993
99.5147
96.4845
96.7661
99.4342
96.4324
96.754
96.6797
96.5676
98.9259
96.6525
96.4243
97.1819
99.5029
96.9977
96.4849
99.6649
98.6999
96.4222
98.0209
99.7841
97.1134
98.6897
98.7513
96.9258
97.0543
96.6322
96.4122
98.9867
96.8618
96.3659
98.9293
96.631
97.1605
96.5367
96.6944
99.313
96.6588
96.574
96.6734
98.9772
96.6726
98.3223
96.8009
96.5762
96.8406
96.7338
96.7696
96.6198
96.9128
96.4498
96.9303
96.6185
99.7375
96.7539
96.9383
96.7253
96.2914
98.7469
96.7539
99.0689
99.0204
96.9698
96.9378
98.5726
96.8426
96.6397
98.2715
96.7629
98.7432
99.4564
96.6338
96.5773
98.286
96.9673
96.6303
99.8959
99.1228
99.04
98.6795
98.1475
96.7075
99.4438
98.488
98.8949
96.3465
99.0168
96.7483
98.8441
99.5051
98.7402
99.9648
98.7885
99.9094
96.7254
98.6652
98.9519
96.7211
98.7701
98.6108
98.2156
97.1428
97.1861
99.9947
98.4362
98.174
96.9421
96.5733
96.6329
97.0316
97.2802
99.4197
98.8952
99.3429
96.9138
97.2746
99.5522
99.0299
96.6482
96.6085
96.7079
98.8671
97.0991
99.66
96.5032
96.6041
97.9902
97.3002
96.7633
96.7825
96.5214
98.9973
96.6598
99.1882
98.359
99.7933
96.6555
96.8598
98.1979
96.9219
96.6576
96.5182
96.636
99.4954
96.6312
99.6605
96.7582
96.5627
97.1012
99.0479
98.7118
99.0187
96.9324
98.2132
99.184
98.146
96.5742
96.4227
98.1979
98.6015
96.7682
98.9916
97.3131
96.4006
96.5061
96.8128
96.4556
96.7231
96.6171
97.0213
96.6187
96.6434
99.6153
97.321
99.7982
98.2715
98.873
99.1206
99.3403
96.291
96.5524
98.2548
96.6791
98.9291
96.5577
97.2846
96.4972
98.2913
99.0977
98.2631
96.6751
97.3513
99.0791
96.5432
97.8697
96.6529
98.4082
96.4654
98.9412
99.8123
98.6255
98.1566
96.6183
98.2187
97.0073
96.7506
96.6367
97.3224
96.6492
96.497
96.4937
96.8104
97.0578
96.4188
98.8991
96.7011
96.7121
96.6057
96.3131
96.6222
96.9383
98.7785
96.3084
99.7985
96.6664
96.7739
96.5754
99.5508
96.7064
97.0183
96.6498
98.4671
96.7267
98.9108
99.0267
96.5249
96.7217
96.8147
96.6231
99.6976
97.4366
98.742
96.4773
96.9059
99.0623
98.9462
96.4129
98.2379
96.8774
98.283
96.4687
98.7771
96.7116
99.342
96.3216
97.1637
99.3439
96.407
96.6784
98.2756
96.6331
96.8443
98.7132
98.9801
96.4011
96.5707
96.5379
99.4405
99.1293
96.7991
96.9339
99.0107
96.4853
96.9427
99.6649
98.7052
98.2853
98.2161
98.6865
99.1086
98.969
96.6231
98.3336
96.6869
97.0954
99.8469
96.6979
97.8372
96.5344
99.5257
98.2367
96.6641
98.8294
96.7099
96.3659
98.9873
99.9509
97.1347
98.69
98.2217
96.848
97.1176
96.5857
96.5993
99.2073
98.7446
98.6287
97.9017
96.6395
98.359
98.832
96.6839
98.1283
99.5782
99.0499
96.6737
96.5429
97.6813
98.6539
96.7026
96.7152
97.2092
98.3291
98.7016
96.6219
99.0215
96.5673
98.7532
98.3053
96.6783
96.7079
99.7986
99.0609
96.6336
97.0038
96.5514
96.4838
98.5807
96.5119
96.711
96.7324
97.1657
97.1311
98.7402
96.7877
99.5987
96.6735
97.1242
97.2893
99.6746
99.0499
98.2135
98.9015
96.6283
98.8826
98.9507
99.3179
98.8654
99.0126
96.7414
96.6644
99.3361
97.3158
99.0929
96.7581
96.7469
99.7047
98.3301
98.7019
99.0872
98.3426
99.1541
97.0404
97.023
99.5094
96.6894
96.6879
98.2228
99.7743
98.6652
98.2152
99.0699
97.1807
96.6539
96.6735
98.3197
96.9443
96.6851
98.5836
99.4802
99.9028
99.7804
96.5046
97.0115
98.9175
99.1292
98.8991
96.7603
96.5841
99.4728
99.737
96.75
98.2626
98.7774
98.6235
96.6272
96.5404
99.5987
99.8527
96.4669
99.2988
96.9138
98.6419
96.6959
96.5189
98.8105
96.6798
99.9256
96.3721
98.1349
98.2508
98.3437
98.245
96.6645
98.8689
99.5393
98.6278
96.621
96.5703
96.8464
98.2282
98.7952
98.9777
98.2136
96.6959
98.3931
96.4222
99.8963
98.6199
99.0644
99.5139
98.0971
96.9696
99.8336
98.6778
98.7321
99.6759
98.8122
96.8823
99.9604
96.6751
96.6138
99.4007
98.2307
99.5522
98.9658
96.8733
96.4977
98.9801
98.8906
96.6047
96.3518
99.6562
99.6666
96.7353
98.9983
96.9338
96.2894
96.6746
96.7058
97.0154
98.2554
98.1393
96.5853
97.1343
98.1971
96.5338
97.3313
96.7149
96.791
96.7775
97.3229
96.723
99.5442
96.5323
96.6588
96.6368
96.7079
98.9171
99.043
96.787
99.5108
98.2853
98.7534
98.9143
99.2199
99.4728
98.4396
98.6897
99.6574
96.8975
96.7094
99.4279
99.6872
96.6072
99.6658
96.7349
99.6937
97.7604
96.6945
96.9752
96.6969
96.588
96.3997
96.5344
96.6249
98.0044
99.6088
99.4652
98.6104
99.9608
98.9064
96.7288
97.8994
99.1206
99.6998
96.5964
96.3739
97.1098
98.1046
96.5632
96.5773
96.644
99.5956
96.5456
99.6872
99.0135
96.6422
97.2237
96.6682
96.5202
99.3403
96.6611
98.9004
97.1354
96.5059
98.891
99.9013
99.4012
99.9359
96.3689
99.0076
96.3955
96.4743
99.5895
96.7052
96.6873
96.4951
98.9085
99.0508
99.0071
97.3287
96.7079
96.4053
97.2626
96.818
96.7019
98.8859
96.627
97.1251
98.8591
97.0387
96.7001
96.5823
98.7588
96.6959
96.6049
99.6838
99.7942
96.5988
96.5902
97.0116
96.6349
96.6805
96.7853
97.2
98.6652
96.3937
96.8085
96.7997
98.8666
96.5421
96.7305
98.6215
99.7699
99.57
96.6022
98.7716
99.2125
99.0267
96.9596
97.0349
98.682
97.2399
96.4076
98.9409
96.5057
98.3867
96.5961
98.6852
97.1251
99.6475
96.4163
99.4607
99.4636
96.4843
98.7172
96.4126
96.7588
96.5569
96.6722
96.7376
97.005
99.8056
96.9569
96.6829
96.6477
96.6115
96.6664
99.0096
97.217
96.593
98.7432
98.3354
99.5393
96.862
99.3439
98.7487
99.1215
96.5741
99.8959
96.7269
96.9708
96.7186
96.5902
97.7002
97.079
98.2701
98.2762
98.0447
96.9987
96.7482
98.8812
96.7853
97.0981
96.6952
96.5384
99.879
97.3944
96.4417
96.3558
98.2754
96.774
96.5745
98.6587
97.0732
97.0203
96.713
99.7996
96.5454
96.4068
96.593
98.7749
96.8173
97.1343
98.4193
96.845
99.1602
96.7284
96.3558
98.2183
96.4505
96.5951
99.8751
98.3131
96.6721
99.7764
96.6758
96.6662
99.034
98.2506
96.6123
98.3361
98.6275
96.6894
99.8056
97.0289
99.1862
99.6922
96.5404
96.671
96.6496
98.1768
96.6455
96.718
99.7195
96.7067
99.2561
96.3947
99.4445
97.1191
96.8398
98.7116
96.5919
96.5577
96.4556
98.6778
98.3985
96.4474
98.3131
96.7113
97.2749
98.0843
98.891
96.3997
97.2084
99.66
96.6912
96.6906
96.7072
98.8609
99.4295
98.8338
98.5713
96.6243
98.1153
96.6548
96.5898
96.3947
97.3386
98.8199
98.6791
97.0834
96.4984
96.4933
96.6535
96.6944
96.5639
96.6147
98.8094
96.5364
98.3425
96.7005
96.6057
98.5799
99.8961
96.9052
97.2451
96.4941
99.3933
96.5365
98.0144
99.3666
96.5707
96.9443
97.2374
96.5223
96.5044
97.2135
96.7465
96.5295
96.6529
96.382
96.6822
96.9729
97.2746
98.2806
97.1016
97.1016
98.1318
96.9977
96.7245
96.4198
98.6228
96.5226
96.6124
96.9006
99.4387
99.7055
99.377
96.646
96.4226
96.7304
96.9905
98.1096
96.5781
96.6584
96.8895
98.6231
98.7185
98.6903
98.2038
98.7109
96.7752
96.5883
96.5457
96.3645
99.4973
96.4663
96.9128
98.8591
98.9967
98.3748
96.3721
96.5824
98.9435
98.7313
98.6391
98.3387
96.6911
96.6967
98.9701
96.7593
98.27
96.5716
98.9454
96.6784
96.509
97.2462
97.8342
96.654
96.6803
96.5676
96.7001
96.5444
99.6052
96.9793
96.6473
96.6406
96.7107
99.5163
98.4391
96.8402
96.5113
96.6727
97.1458
98.7535
96.6705
96.3397
97.2095
98.7035
96.5659
96.5633
97.2749
97.0027
96.3524
98.9658
97.0149
96.8323
96.555
99.7466
96.7244
96.6944
97.8392
96.4907
96.8309
96.7939
96.6811
99.7318
97.2121
97.2676
96.9742
98.8654
98.9093
98.1685
96.6939
96.659
96.8765
96.9441
98.298
96.8365
97.1053
99.7952
96.6343
96.4577
96.4682
97.2412
98.3414
99.7804
96.5055
99.6
96.5301
99.0064
99.5862
99.8118
97.1365
96.8616
97.2462
98.3178
96.5341
96.9267
98.4912
99.8056
96.7787
96.6214
98.4309
96.3954
98.1851
97.0131
96.5114
96.6876
98.9723
98.891
96.9159
96.6739
99.0916
96.6523
98.0853
98.9021
96.4206
98.9142
96.6615
99.6402
99.1744
96.9047
99.4515
99.0433
96.9639
96.5717
96.4865
96.5104
98.838
98.1053
98.5862
96.9172
99.7916
98.1763
99.1086
98.8671
96.6513
98.9301
96.6878
96.6568
96.4282
96.5985
98.7117
98.9301
96.6803
96.6343
96.7135
97.2297
96.7008
99.4638
99.5994
98.1882
96.9893
96.7895
98.971
98.3882
99.1698
96.4773
98.2807
99.8326
98.2506
96.3698
96.6329
97.1146
97.0614
96.6132
98.8032
96.4708
96.6521
96.6202
98.9769
99.6538
96.6653
99.3635
99.1595
96.8809
96.809
99.5902
96.7116
98.8331
96.6675
98.764
99.6361
99.0759
98.7124
97.0091
97.0655
96.7163
98.6764
96.6357
96.4618
99.5239
98.1349
97.2412
99.3338
99.3338
97.2564
98.9995
96.6726
96.555
98.119
99.1919
99.1296
96.5695
99.411
98.4908
96.4147
96.7139
96.7539
99.381
99.6062
96.602
96.5876
96.7064
96.4172
98.7434
96.6866
99.0508
98.9258
97.2007
96.4392
96.3626
99.6003
96.6473
96.6399
96.7609
96.4206
97.2785
98.8104
97.0428
96.629
96.5691
97.0438
99.0499
96.5158
99.5393
96.5953
99.6799
99.5319
96.8127
99.9249
99.0976
97.2227
96.8598
98.4012
96.4334
96.9985
97.2708
98.3522
98.5828
97.0675
96.7443
96.6115
98.3413
97.23
99.0699
99.8537
98.8017
96.7782
98.7565
99.4342
98.5589
97.9185
96.6609
98.7986
98.6944
96.6581
96.5898
96.6314
96.845
97.0216
97.0443
96.8885
96.9157
98.1758
98.9327
99.0644
98.2087
96.5328
99.8959
96.8749
99.6591
98.8859
96.3626
96.6124
98.6271
96.6086
99.5701
96.4465
97.2412
96.6815
96.3931
96.3806
96.7023
98.6886
98.3136
99.7246
96.9698
98.699
96.4457
98.9606
97.0144
99.7037
98.2303
96.5203
96.709
97.3386
98.3208
96.7332
96.8367
96.4087
96.8394
99.4587
96.4789
96.3306
98.9385
96.6641
97.0954
96.6324
99.3089
96.3987
96.2885
98.8901
98.7733
99.0087
98.6207
96.6638
96.5622
97.112
99.199
99.0894
99.1043
98.8591
96.6622
99.702
98.8762
96.9431
98.7783
99.5459
96.527
96.6939
99.5932
96.7407
98.27
99.3996
97.0543
99.072
98.557
99.4374
96.464
98.8224
98.8802
99.5758
99.0354
96.6115
98.5304
99.2697
99.3923
98.9995
97.0609
98.8372
96.8483
97.1117
98.3981
96.7284
98.7587
96.6097
96.345
96.6047
96.8849
96.4902
96.7825
96.7072
96.7262
98.7785
96.77
97.2382
96.6258
97.0153
96.9147
96.9809
98.2963
96.6857
99.9627
96.554
98.4223
96.3777
98.5578
96.6943
98.8775
99.8776
99.597
96.7175
98.6268
96.5272
96.6419
96.6226
99.0929
99.9168
97.0073
97.7933
97.247
98.4229
97.9182
96.3817
99.5239
99.3684
96.7
96.6707
96.7973
98.7846
97.1922
96.4711
97.0433
97.9272
99.5701
96.6598
98.1873
99.2509
96.6657
96.4524
97.8197
96.7539
96.5104
98.6874
96.6887
99.7902
96.4342
96.724
96.4011
96.7231
96.551
97.2964
97.2626
96.7684
98.3472
99.0679
96.568
99.5433
96.7412
96.4239
96.5949
96.9006
98.3458
96.621
96.9268
98.839
97.8599
98.424
96.5145
99.0747
98.8949
96.7148
96.9684
98.0498
96.7423
99.7745
96.4557
96.7864
96.7044
99.7764
96.4884
99.1192
96.6671
97.2835
96.3721
98.2245
98.335
96.8848
97.1572
96.6598
99.0747
96.7175
96.6775
98.2183
96.7477
96.5958
97.1466
96.5463
96.5943
98.9324
99.2683
99.5725
96.5726
99.4747
96.6692
97.3154
96.7275
97.0667
98.7313
99.4004
97.1621
98.8931
99.1192
96.1922
96.5822
96.5157
96.709
97.0824
96.9866
99.7804
96.3779
97.7976
96.6451
96.6713
98.4176
98.7847
98.6275
98.8126
96.4997
96.7493
96.6059
98.3197
96.6862
96.7641
98.7469
96.7526
96.4968
98.9401
96.9987
96.6795
96.7046
96.6434
96.8367
96.81
96.4744
98.9314
99.4684
96.8401
98.0027
96.6778
96.6499
96.6086
99.397
99.0074
98.3256
98.3178
98.2548
99.9434
96.4448
96.8962
99.4973
97.0251
99.5192
98.9926
96.6555
99.7886
99.8056
98.9551
98.3837
99.724
96.8069
99.7761
97.0382
99.6097
98.2849
96.5143
96.6805
96.5947
99.7329
96.5113
96.6303
96.6226
96.9809
96.7394
98.8338
97.8139
99.6922
99.0815
96.6471
99.5076
96.6556
99.6806
98.8125
96.8342
98.0854
96.5779
96.497
96.5427
99.3771
98.7221
97.1856
96.5428
97.7768
98.7132
98.9454
96.8208
98.3624
99.1747
96.4958
98.2929
97.9781
96.7099
96.6781
98.6391
99.2911
96.7999
96.6139
99.9669
97.0861
99.0337
97.8404
96.809
96.4765
99.4541
98.7065
96.5364
96.868
98.359
96.4487
96.496
98.9393
99.8206
98.28
96.6406
97.4274
99.928
96.7144
97.3046
99.8776
98.9736
98.4101
96.9592
96.9403
98.952
96.4686
96.4992
98.9999
96.6595
96.5145
96.8208
99.6491
96.4498
96.503
99.9441
98.7147
99.4643
96.4347
99.8118
96.8258
99.0215
96.6609
97.249
96.6419
96.5874
98.259
97.8072
98.688
96.7482
98.4193
96.9684
99.9572
98.5935
96.9826
96.9364
99.1287
96.3153
96.7493
98.5859
97.9326
96.6919
96.5948
96.5421
97.3068
99.3457
96.3987
96.602
96.6086
99.7566
99.66
96.9512
97.2793
96.654
98.7185
96.7145
99.9672
96.6273
99.5076
97.0812
98.8626
96.6959
99.4367
96.6093
96.5195
98.2844
99.0894
96.7037
97.0438
96.9367
96.5428
96.9031
96.6535
97.0803
96.6828
97.2664
99.0447
98.7631
96.6526
96.6912
97.2472
97.7736
96.6641
99.5983
97.1087
99.6
96.413
99.1288
99.9197
98.1923
96.8593
96.7927
97.258
96.4981
96.6892
98.242
99.6838
98.7117
96.5444
96.6987
99.4643
96.7041
96.6813
97.0382
98.8875
99.1528
98.7221
96.8033
98.6108
97.2793
98.8338
98.9615
98.6833
99.0873
96.5804
98.9861
99.3592
96.9948
97.0306
97.2068
98.7439
97.1428
97.0379
96.7588
96.4667
99.0264
97.2633
96.6825
96.4226
97.7334
96.6275
96.6805
96.6897
96.7256
96.5004
96.5169
96.9072
98.9821
96.7581
97.8353
96.8774
99.6283
96.6011
98.2951
98.3321
96.4076
97.0812
96.8085
99.3031
98.9143
98.5778
98.9605
96.549
98.047
96.8435
99.0341
99.4798
98.2016
96.6135
96.9112
96.3777
96.4113
97.0202
96.858
96.9047
97.181
99.5094
96.6975
99.7286
97.7583
96.3954
96.6876
96.5487
99.486
96.7198
96.7287
96.9469
98.4362
98.8533
98.234
97.0404
99.0274
96.8055
98.7487
96.3524
99.3818
99.4232
98.3108
99.4053
96.6967
98.9736
96.8342
96.5105
98.5935
98.5827
96.6012
99.701
96.8783
99.5855
96.6431
96.7174
98.7727
98.2517
96.4113
96.6752
96.9999
99.4035
98.7615
96.611
96.7812
99.7804
97.2219
98.8277
96.7375
98.2862
98.7418
96.6116
96.6479
97.1134
96.7856
96.5745
96.3777
96.6583
96.7072
98.6974
96.8079
99.7761
96.5298
96.4532
96.7043
96.7396
97.081
96.9383
97.2489
96.8754
98.974
96.5234
97.1464
97.7292
98.9947
96.665
96.6085
96.5932
96.4765
96.6021
98.7118
99.5522
96.554
98.5925
96.7873
97.2716
96.5677
96.6086
96.4199
96.434
96.4512
99.4295
97.0524
96.5736
96.4861
96.6797
96.6847
96.8099
98.7957
98.3735
96.9992
99.8963
96.6264
98.9336
99.6708
96.9569
98.6644
96.524
96.3485
99.1288
96.7384
96.4833
98.7771
99.7566
99.4368
98.5441
99.0864
98.8441
96.8038
99.4104
99.4053
96.6231
99.1427
99.7985
96.7465
99.0107
98.2517
99.7361
97.003
99.8181
96.5891
99.5936
99.792
99.0137
99.8401
98.8187
99.1562
98.7402
98.2806
96.6287
96.7856
97.0014
96.7166
99.9661
99.5886
99.4279
96.7924
99.1889
96.2565
96.7095
96.7682
97.2406
99.3504
96.7901
98.9425
98.2603
96.7646
98.119
96.684
96.5287
96.7238
96.9122
99.7742
98.6745
96.6811
96.5754
97.2746
96.8681
98.9327
96.4485
96.5004
96.8127
96.3739
99.2125
98.7854
96.5046
96.9987
99.9256
98.8767
96.8749
96.4758
99.0661
96.9128
99.6512
96.4929
98.7019
98.6549
98.7321
97.0991
98.688
97.1819
99.7566
99.0148
96.4417
96.7603
99.3995
98.7974
96.509
96.5514
99.8047
97.1868
99.0279
96.7201
96.7271
96.4132
98.0218
96.5403
97.3172
97.1235
99.381
98.7174
96.5276
96.7532
99.6191
96.6642
96.6343
96.7549
96.7784
98.2205
98.7682
96.9957
98.1318
96.8472
96.9856
97.2472
96.5673
99.8159
98.4716
96.6294
96.5795
99.3043
97.834
99.9672
99.0403
98.1878
96.6355
96.46
96.5874
98.3367
96.6427
96.618
96.5493
97.1209
98.9545
97.0041
96.5653
99.5472
99.5637
99.6436
96.7684
99.3729
96.666
96.5322
99.3923
96.7312
99.1669
96.7107
96.554
96.7109
99.7656
96.7539
97.1744
97.8817
96.6694
98.2461
98.7891
96.3971
98.2775
98.3048
96.7455
99.528
99.4
99.4374
97.2304
97.8043
99.04
98.2439
99.0499
97.1605
98.8894
99.0591
96.8085
98.9611
97.8362
97.2912
96.8885
96.3292
96.6939
98.7088
99.4571
97.178
98.0209
97.048
96.3462
96.6625
96.728
97.05
97.2417
96.5961
96.6984
98.424
96.6496
96.6325
99.188
96.4409
99.4146
96.66
96.6201
96.6552
96.7004
99.5758
96.8218
98.119
98.8006
96.718
99.5051
97.2256
96.6393
97.082
99.1528
98.9997
96.6854
98.9963
96.5992
96.7323
99.928
99.0328
97.0924
99.0016
96.742
96.6523
99.3788
96.6435
96.6568
98.6872
99.5258
96.4289
96.7346
96.8578
96.5497
99.1234
96.6932
96.7116
96.8158
99.2812
96.5149
96.6686
98.9916
99.3788
97.2477
98.5669
96.527
96.4985
99.7706
96.9953
96.7873
99.0235
96.5288
99.4135
99.4012
96.6188
99.4667
99.5081
99.7531
97.138
98.8116
99.0432
96.7158
99.5532
96.8173
99.4559
98.8764
99.0264
98.677
99.2648
97.0061
98.2601
99.6861
96.6998
98.9646
96.6947
96.7372
98.66
98.9064
96.6093
97.7988
97.3909
99.4151
98.6949
96.6758
99.1847
96.5055
98.682
99.68
96.8231
96.3651
96.8809
97.0362
96.5742
98.3357
96.9267
99.1194
99.0929
96.636
98.3125
96.7993
98.1803
98.6031
96.6432
98.9801
96.7777
96.4339
99.7538
99.0575
98.7261
99.04
96.7887
97.3129
96.3645
96.771
96.9189
96.678
96.6781
96.6021
97.1499
99.103
98.511
99.2151
98.7967
96.4708
99.4007
96.5881
96.6621
98.75
97.0115
96.8829
98.7627
99.0008
96.7172
96.464
96.6778
99.7286
97.0456
96.9417
98.5657
96.8042
99.8817
98.4225
96.6819
99.2804
96.608
99.77
96.5138
98.3038
96.5504
96.4495
98.6459
97.2262
98.6495
96.6622
96.592
98.6231
96.8756
96.7276
96.5272
96.4778
98.2203
98.2794
99.8586
96.7928
98.6207
96.5322
96.7835
98.6738
96.5677
99.1519
99.4274
97.0214
97.2776
98.1046
96.6322
98.9611
96.754
98.4212
96.3518
99.7411
96.7269
96.5562
96.5958
98.1221
96.7517
96.4813
98.8906
98.9755
96.6171
96.9455
98.7124
96.5567
97.1354
96.6197
98.761
96.5994
96.8809
98.8626
99.1558
98.4413
96.9002
97.2734
96.6646
98.3111
96.4794
97.3158
96.5223
99.0791
96.8975
99.724
96.9464
96.769
98.7036
99.4692
98.7905
97.035
96.6086
99.015
96.6881
96.9107
98.2156
96.5238
96.9793
96.8638
96.6303
96.408
97.1458
96.5916
97.201
96.7603
99.188
96.6395
96.5448
96.7254
96.9698
96.6188
97.2503
96.5716
97.2033
98.3458
99.0872
96.5314
99.7825
99.7906
98.9779
99.0267
96.2633
96.4448
97.2626
96.6849
97.7857
96.6659
96.7609
96.394
96.5326
96.4977
96.6489
96.6584
96.47
99.9758
96.5764
96.6048
96.7842
96.6172
99.724
96.3698
98.7132
98.2794
98.9994
99.5356
97.1176
98.6015
96.6675
96.608
97.1573
98.3524
98.3197
98.3522
96.4538
96.7338
99.676
96.5311
96.9831
96.6124
99.8964
96.5781
99.9256
96.6665
98.2093
96.8098
96.7809
96.527
96.6012
98.1979
98.845
96.7822
96.7273
98.1768
96.7245
96.6844
99.027
96.6824
96.6595
96.6144
97.2873
96.2716
98.801
98.6104
98.845
96.9487
96.4357
98.2952
97.0306
98.2987
96.7094
96.6616
98.8385
99.0154
99.4667
96.8051
99.7073
97.2678
98.4981
96.7008
99.6154
99.303
96.81
98.1124
96.4998
96.979
99.0225
98.2778
96.7376
96.6576
98.5086
99.8022
97.0438
96.4936
99.1043
96.6664
96.9367
96.8578
99.8983
98.5915
96.3965
98.3522
96.5149
96.9075
99.5987
99.4012
96.4858
99.1192
96.4948
98.6687
96.5311
97.2383
98.9143
98.5925
97.3654
99.6069
97.0204
99.0602
96.4777
99.0074
96.6346
96.6257
96.9652
96.6525
97.3131
96.9168
98.2812
98.6549
96.5454
96.5745
96.5113
99.6981
98.1053
98.1577
98.2509
96.3362
98.0027
97.1499
99.1979
97.2219
96.8075
97.2568
96.4229
96.5616
96.3936
97.2121
96.6772
96.7766
96.4465
99.0136
98.335
96.7213
99.9752
98.8998
99.8542
97.092
99.5465
98.4373
98.6978
96.5757
96.5739
96.8928
98.2153
98.4057
99.6666
96.8978
97.0767
96.5314
97.7904
96.7477
96.9493
97.2692
99.4081
96.75
98.133
98.8125
99.6779
97.9017
96.4096
96.9017
99.7806
96.5358
99.7594
96.6411
98.3614
98.2475
99.4121
99.4822
98.6944
98.5448
96.5193
99.4203
96.4196
96.6157
98.3197
98.7701
96.8597
96.4606
99.4274
98.2344
96.6226
98.2989
99.6069
96.4879
96.9213
96.6687
97.0483
98.8609
98.6874
99.6998
98.8331
98.8438
96.3954
96.5562
98.8612
96.6822
96.7746
98.4109
97.3604
97.2802
96.5458
96.5874
98.2135
96.464
96.5182
99.0029
97.7836
96.6115
96.6207
96.6358
96.5158
99.5433
96.4778
99.5076
96.6839
98.5357
96.6531
99.5885
96.9566
96.4936
96.5341
96.7302
98.9581
98.36
96.7629
98.5684
98.8017
98.7591
98.6001
98.3171
96.663
98.7941
98.4413
96.8598
97.0767
99.0354
96.7635
96.7927
98.9958
96.7924
96.771
96.3936
96.6156
99.0111
96.9708
98.8806
99.0486
96.5047
97.267
98.8795
97.2903
96.4001
98.4188
98.6099
96.4465
96.5493
98.6345
99.7612
96.728
96.9514
96.5437
98.1459
99.1045
96.6645
96.6564
96.5668
99.3031
96.8458
98.234
97.1655
96.5482
97.035
96.9082
96.7001
98.2903
96.5668
99.574
99.5377
98.149
96.4094
98.9085
96.5969
96.5463
98.1528
98.4908
98.6271
96.4765
96.6853
96.6692
96.6438
96.5785
96.5813
96.5194
96.6457
96.6535
96.6828
96.5164
99.4281
98.7536
98.6765
99.9462
96.7662
97.0027
96.6318
96.5535
98.7373
99.5568
99.3637
98.8126
96.754
96.8787
97.1184
98.2732
96.6587
97.0167
98.5538
96.6521
98.1768
97.1209
99.9669
96.3779
98.3433
97.0028
96.7931
98.77
96.6993
96.77
99.6246
99.961
98.946
98.4223
96.6566
99.6799
96.5113
99.7484
97.1053
98.2806
99.7792
96.4145
98.9621
96.5323
97.23
98.2952
98.3081
96.5563
96.8173
98.7187
96.6531
99.6999
96.4701
98.5772
98.0447
96.6051
99.04
96.6505
96.9383
99.7502
97.0702
98.7828
96.9565
96.4831
97.0289
96.4146
96.9857
96.9196
96.7037
99.0367
99.7952
96.6218
96.7296
97.0868
96.6294
98.8416
99.597
96.4316
96.6462
98.3425
96.5908
96.8597
96.4461
96.7578
98.2621
98.1124
96.5916
98.3111
99.04
98.9999
98.7224
97.7857
96.5938
98.4176
98.5598
99.4822
96.77
98.2906
96.7656
97.0144
98.3336
96.9941
96.7873
97.0084
96.6377
96.9223
96.3869
96.6979
97.2692
96.7008
98.353
96.3971
97.7329
98.7047
99.1637
98.9581
99.7949
96.9779
96.6531
96.349
96.7039
99.7902
99.5795
98.9475
99.6958
98.9101
98.9994
96.629
99.6937
97.8392
98.5634
99.8586
98.421
97.1623
96.8961
98.3614
96.8823
96.5598
98.6749
99.1281
99.6635
96.8092
98.7102
96.481
96.9831
99.0126
96.6979
97.2864
96.4947
98.3432
98.567
96.4239
98.3432
96.5375
96.6002
98.259
99.3941
96.4122
97.1665
98.6596
97.2412
97.2943
98.68
96.6287
96.5061
96.7302
99.1475
96.6366
96.6226
96.7653
96.4409
98.2767
99.9054
96.5604
97.0646
97.2336
99.3941
98.9679
97.1225
99.1296
98.7771
96.7548
96.8377
98.3108
98.5629
96.6604
98.7343
96.5936
96.926
97.8969
99.103
96.7099
96.6322
99
99.5725
98.5535
96.4826
98.9701
96.6394
99.0259
98.7785
96.6007
96.6038
98.3361
99.1669
97.2813
99.4728
99.9947
96.3967
98.9558
97.1565
99.6089
99.2356
98.3831
98.5535
96.7684
97.8145
98.9994
98.4666
98.2098
97.2149
96.407
96.6568
99.6602
98.5928
96.6313
98.7941
96.7154
96.6214
99.1884
96.8101
96.6209
98.4391
97.2
98.2526
98.2558
98.2778
98.9435
96.7418
96.4222
96.8555
98.7064
96.7287
98.763
98.2543
99.6993
97.2701
96.9324
96.7152
97.0767
96.6291
96.6534
99.3722
96.8101
97.0213
96.6554
98.3271
98.3126
99.4047
99.6958
99.4165
99.0609
96.8749
99.6088
97.1819
96.5061
96.9738
96.556
97.0004
98.0496
96.8558
99.1416
96.4881
96.6998
96.8688
99.6052
97.2412
96.7194
99.7893
96.9327
96.5493
99.0069
96.4658
96.9713
96.4238
97.0991
96.7547
97.2678
96.6257
98.0579
97.0408
96.7895
98.1803
96.7243
96.6373
96.6519
97.0969
98.4666
96.8895
97.1954
97.0873
96.9473
98.2756
96.9457
96.6422
96.618
99.575
98.7149
96.6711
96.5691
99.8984
96.5238
96.5587
97.2701
97.2422
96.4163
96.7509
96.5683
97.9617
96.6336
96.6346
99.8705
96.5225
96.9138
96.6258
99.7942
99.3852
98.8994
96.5272
97.0443
98.2265
98.2153
96.66
97.1807
98.342
96.6142
96.5194
98.4912
98.1956
97.184
96.7928
97.8394
99.2035
98.9976
99.4931
99.1528
96.6444
96.7624
96.5332
96.9596
99.4695
98.8186
96.5418
97.1373
96.9274
99.9108
98.977
98.9797
96.3462
97.0778
98.2307
96.6707
96.926
98.8006
96.8648
96.7506
98.8613
98.8964
98.9209
97.8659
96.7172
97.2611
96.4845
97.0167
96.7104
96.4182
96.4577
96.633
98.4301
98.3414
96.5988
96.5
96.8531
96.5375
96.6586
99.1468
98.6754
96.294
96.6424
96.6367
98.2409
96.763
96.874
96.6479
99.3457
96.579
96.6524
96.9421
98.682
98.7286
98.7373
96.6552
96.733
96.4637
96.6834
96.633
97.0275
98.909
99.0354
99.4988
96.6695
96.8072
96.6572
96.7267
96.6243
96.6803
96.9708
98.9627
96.7307
98.9945
98.7812
96.5618
97.0902
98.1824
97.1954
96.6476
97.0902
96.9487
98.5441
96.6762
99.6626
98.9963
99.8594
99.1328
97.0322
96.9429
96.6173
99.5113
96.3715
96.5992
99.9548
96.3872
97.0084
96.7088
99.6804
99.0148
98.3576
98.6183
98.7118
96.4839
98.9707
96.9168
99.702
99.486
96.5754
96.6198
96.6059
96.6156
98.1795
98.7563
98.7024
98.9598
96.5116
98.114
99.0225
99.4851
96.6879
97.8615
98.641
96.6451
99.7511
96.5145
96.4303
98.8925
98.6765
98.3432
99.3675
99.9648
98.967
98.7348
97.2068
96.9987
98.688
96.4268
96.6932
97.0511
97.2451
96.6017
96.4276
96.6593
96.7748
96.6163
99.0894
99.3729
97.1405
97.2004
96.5418
99.8818
96.6336
96.8072
96.6336
97.2633
96.9461
97.2807
97.7642
99.6666
96.9556
96.6493
98.2806
98.7019
99.1281
98.8906
98.6278
97.1449
98.3126
96.6902
96.7739
99.2381
98.1997
99.4068
96.5622
96.9244
97.2503
96.763
97.2413
96.6694
96.5045
98.9327
99.337
96.6331
96.7305
96.4556
96.9031
96.6158
97.8994
99.9313
98.047
96.677
96.5935
96.7067
96.5449
99.5847
97.3513
96.8598
96.6607
96.5659
99.1591
96.5888
99.04
97.2175
96.9565
98.2379
96.4422
96.7187
96.6778
97.2813
96.9987
98.243
96.6919
96.5403
96.8363
98.5634
96.5889
98.6826
96.5142
99.1215
99.5498
96.4929
96.8089
99.4519
96.6854
98.6872
96.7416
98.7004
96.5051
98.8689
99.6089
96.4363
96.8377
99.1287
96.4907
96.5853
96.7578
96.6764
96.4849
96.7635
96.7997
96.5472
98.2168
96.6039
96.5093
96.5661
98.1923
96.7538
96.574
96.4268
96.8365
96.6748
99.5303
96.809
96.5695
98.2461
98.9209
99.6642
99.0126
98.1736
97.3556
96.7455
99.7037
96.7609
99.7781
96.4576
96.7519
98.8272
96.7273
96.6419
96.5434
99.0451
98.9412
96.9138
96.4951
96.6815
96.9104
96.671
96.5287
99.1252
98.3939
99.0742
96.561
96.7215
96.7012
97.2501
99.0334
96.6329
97.2512
99.0247
99.1244
97.3158
96.5311
97.1553
96.6958
96.6449
96.4839
96.8403
96.7218
96.7383
96.7023
98.3165
96.6897
96.7869
99.1935
96.6894
99.8534
96.9514
96.5113
99.1086
97.0576
98.4106
98.4488
98.7349
96.6678
96.8749
98.1795
98.7036
99.483
97.1819
98.7118
97.1168
97.0792
99.0442
99.0821
98.4488
98.3875
96.6021
96.716
96.4483
96.702
96.9173
96.4921
98.1283
99.6642
96.8447
96.7206
98.2717
99.4915
98.8678
98.2989
99.3722
98.7503
98.3279
99.6921
98.9945
98.5598
96.7548
96.6798
99.5305
96.7166
96.7337
97.8151
98.6665
96.6581
96.4094
98.5672
97.2304
96.6422
96.5779
96.6735
99.6258
99.9572
97.0038
97.2304
96.4512
96.6451
98.2223
98.9615
96.8309
96.3698
98.7673
98.5481
98.6162
97.1627
96.6737
96.8033
98.8609
96.9831
97.0954
99.2199
96.66
98.688
99.5758
96.6046
99.0183
98.427
96.9177
96.5952
98.597
99.0331
98.2253
99.9981
96.6116
96.5779
97.0236
98.9268
96.7418
96.629
96.9055
97.0937
99.3338
96.5116
98.7486
96.4865
96.8098
99.029
96.5301
96.394
96.7271
96.9565
96.6984
96.6048
99.3995
96.6734
96.9104
97.2564
96.3361
96.7231
98.906
96.9146
96.5348
96.6343
96.6616
97.2219
96.6051
96.5757
96.5556
96.5931
99.4754
98.8932
99.1287
96.7927
97.2383
96.6025
98.0818
99.8608
98.6513
96.6551
98.8629
96.8754
97.2247
99.8596
96.646
98.7383
97.7973
98.3774
96.6687
96.5733
99.6252
96.7232
96.9808
96.7012
97.2859
98.7736
96.9417
98.9884
98.6798
96.668
98.286
99.7376
99.6278
98.2755
96.5716
96.7254
99.7699
96.5534
98.9564
96.6479
98.9777
98.6944
97.0036
96.6227
99.9645
96.4701
96.7165
96.4566
99.0661
96.7139
98.8859
96.7869
97.184
96.7026
98.8429
96.5632
96.5676
96.6419
97.0216
98.7611
99.9013
97.2721
98.8582
97.1868
96.8069
98.326
96.6112
96.8428
98.3319
97.0251
96.852
96.5144
99.7656
99.9364
96.8625
99.7206
96.7151
97.1315
96.8928
97.0778
96.6098
98.274
96.6099
96.8268
96.6879
96.497
96.7646
96.4532
96.7887
99.4135
96.7414
98.4525
96.7139
96.3448
96.6626
96.3448
97.0154
96.7038
98.3367
96.5396
99.881
96.6408
98.4101
96.851
96.4844
96.6085
96.506
96.5395
99.4398
96.2894
97.0778
96.4495
99.0126
96.7294
99.3883
96.754
96.6615
99.5896
96.8688
96.9378
96.7323
98.8591
96.3869
98.6745
96.4282
96.5569
98.9475
96.6198
97.2031
96.4539
96.6678
99.8779
96.6021
96.627
98.6248
96.4839
96.8209
96.5779
96.5883
99.9189
97.3067
96.8681
99.1613
98.7815
98.7735
96.6949
96.5705
99.4114
96.3607
99.4052
99.4
97.8145
97.0655
96.4159
97.8295
98.368
96.579
99.7699
98.2585
96.6672
96.4922
99.7317
96.6991
99.2391
98.369
96.5314
97.0298
99.2531
97.2806
99.4579
96.7144
96.6795
96.6838
96.5004
98.27
99.5142
96.6171
98.8122
96.5952
96.7414
96.7603
98.7261
97.143
99.2768
96.4113
99.8089
96.6791
98.9171
96.304
96.5914
96.4524
96.6261
99.1086
99.2106
96.7516
96.6214
99.8428
97.0254
96.9138
96.6388
99.2223
98.1053
96.9267
98.9779
99.5192
96.496
98.735
96.6499
98.2931
96.7612
98.5591
99.0456
96.6412
96.5673
99.1736
98.335
98.0869
99.3848
98.7148
96.5079
96.9738
96.5888
98.3237
99.4235
99.4525
96.6707
99.6258
96.7999
99.702
97.0091
96.6173
96.644
96.6513
97.2406
99.8779
97.0433
98.8826
96.4951
98.763
98.688
98.3383
96.4001
96.5951
96.468
99.2893
96.5046
96.4044
98.8957
96.7005
96.9173
96.4243
96.6831
96.718
96.4243
96.6651
97.1046
99.8591
97.2415
96.7403
96.3428
96.5994
96.5434
98.1967
98.3546
96.5961
96.7724
96.7274
96.9324
98.9696
96.6029
97.1968
97.8151
98.7024
99.6746
97.0045
96.7293
99.4445
98.6377
96.9511
96.7687
96.7824
97.2585
96.7376
96.9457
99.902
99.0847
98.3081
96.7059
96.733
96.4227
98.3463
96.3485
97.2758
96.9698
99.0328
96.6945
96.7342
97.2746
99.1747
98.3615
97.9617
96.8403
97.295
96.6393
99.1217
97.204
98.6872
98.8751
96.6285
96.6409
96.3721
97.0796
96.6264
96.7408
96.7258
99.0609
98.5125
96.6384
97.8246
96.5877
97.3191
98.2754
97.0349
97.0433
96.6058
98.7242
99.9214
97.3577
96.5367
96.7936
99.3587
99.9136
96.7454
99.377
99.0137
97.0314
97.3124
97.8362
96.6538
96.6231
96.6496
96.5004
96.6635
96.4948
97.2749
99.4463
97.2663
98.7173
98.2132
96.4632
96.6991
97.0981
96.7276
96.6104
98.8954
97.2489
96.5714
97.099
99.7466
96.7973
96.546
98.9579
99.7804
96.592
98.365
98.5807
98.7549
96.7161
99.7077
97.3386
99.3265
99.4692
99.5994
97.0091
96.5985
98.9549
98.6852
96.7244
96.6419
96.645
96.7198
98.1923
96.8272
98.8259
96.6112
98.1851
98.6278
96.5396
96.4816
96.8464
98.4197
98.3665
96.7971
96.7927
96.5757
98.7149
97.0213
99.6708
99.0673
96.4147
96.7116
97.1496
96.7251
99.2326
97.0091
98.9558
96.7159
99.6976
96.3723
96.5996
98.1177
96.8128
98.1283
98.4188
96.5709
96.4162
96.6457
96.5988
96.6883
98.7941
97.3285
98.7645
97.1117
99.1797
97.0644
98.2784
98.1046
96.9539
99.6052
96.6621
98.7774
97.2663
96.8268
99.6561
98.4188
96.6132
96.5877
96.4757
99.4636
98.225
98.6139
99.9789
99.749
96.5395
97.2831
98.3351
99.5332
98.967
98.8657
96.3739
98.2344
96.6949
99.3729
99.4564
97.0289
96.6656
96.5369
98.845
96.5779
98.7222
96.5632
97.1536
96.5301
98.1717
96.8895
99.4642
97.1962
96.6984
99.5922
96.4199
98.8898
96.6437
96.7978
97.9781
99.0353
98.9976
96.9072
96.4583
96.4417
99.98
96.7254
98.9821
99.184
97.0203
97.3604
98.6278
98.3233
98.9947
99.1519
96.6795
96.8406
96.6444
99.1766
96.5586
99.5401
98.511
99.0576
96.8649
99.0087
96.9017
96.5051
99.02
97.0496
99.7889
98.9976
96.4687
99.3338
98.87
99.6475
96.9383
96.6306
98.7673
96.4027
96.6783
99.3611
96.7424
96.8616
98.8394
97.0609
98.9948
99.5489
96.6949
96.8398
96.5754
98.9404
96.6429
96.7067
96.4948
96.6905
96.3689
98.7512
96.6879
96.4947
96.5427
96.6336
96.6226
99.6803
96.6853
97.2746
96.5398
96.5832
98.8111
98.7537
99.0742
96.6839
96.7718
99.3149
96.841
97.2149
97.0891
99.4195
98.8514
96.3084
99.4436
99.6861
99.5564
98.2439
96.6528
99.6771
96.6458
96.9211
98.5657
99.0148
97.083
98.1566
98.3233
96.723
99.467
96.5914
97.0213
96.7888
96.7971
98.9905
97.8342
96.5631
98.3301
99.6679
99.4007
96.6781
98.8258
96.7662
97.3099
97.0069
96.9657
99.5983
97.8052
96.6902
97.8197
99.2768
96.77
98.36
96.9403
99.0175
96.6261
96.6303
96.7516
96.7473
97.8162
99.575
96.769
96.6721
98.5781
99.667
99.5948
96.7555
99.6679
96.7916
99.4679
99.6708
96.8458
96.7058
97.192
99.0575
97.1916
98.9994
96.3691
98.5783
96.673
98.9392
96.7765
98.2708
96.7039
99.8867
99.3828
97.0868
97.0762
96.9464
96.5812
96.5326
96.6166
96.5668
98.2757
97.0422
96.6753
98.7762
97.0438
99.3883
98.7014
96.4495
99.1031
96.618
99.5223
98.2713
96.4865
99.7988
98.7575
99.0121
99.4834
96.4831
96.5711
99.1766
96.3631
96.7116
98.686
96.6834
96.9832
98.4843
96.6973
96.4351
97.7642
99.7511
99.0403
96.754
96.6038
96.7583
98.7432
99.4015
96.4937
98.8105
99.5236
96.5753
96.6733
97.8086
97.0991
98.3357
96.6949
96.5695
96.9244
99.0676
97.1243
99.7186
96.6482
97.738
97.1605
99.2055
96.4501
96.7952
96.9172
96.5073
99.5472
96.4861
98.6391
96.562
96.4669
97.2585
98.369
96.6735
98.7047
96.6427
96.5448
96.7661
99.1296
99.6362
96.4525
96.7116
98.8258
96.8825
96.5375
99.7073
97.1499
96.7595
96.5572
99.8528
98.2849
98.4434
97.8353
97.0116
96.9797
96.2716
99.6533
99.4051
98.0218
99.3641
99.0507
96.9412
96.8845
96.5633
99.0274
96.554
96.5753
97.1184
96.9784
98.9646
97.8392
96.9914
99.4552
97.1861
96.9752
99.7794
96.6844
96.6462
99.0552
96.6727
98.2701
96.6538
99.4185
98.2409
96.9429
99.5597
98.4488
98.2089
96.4243
99.4728
96.5891
99.5795
98.9736
99.1865
97.0806
98.5528
96.3937
96.5367
97.3195
96.665
99.486
98.3861
97.2073
97.0646
98.4105
98.2943
98.0617
96.6534
96.4619
98.7328
96.851
98.7004
99.2188
97.0193
97.3049
97.7334
97.0498
98.8111
97.23
96.6419
99.6195
96.8996
99.6562
99.5847
96.7635
97.8936
96.6222
96.4062
99.1166
96.6698
97.1117
96.565
96.7333
96.7322
96.5495
96.3815
98.9973
97.0739
96.6536
98.7341
96.5498
96.5174
96.8783
96.5673
98.326
97.7856
99.2081
97.1343
96.4992
96.5516
96.6653
96.6048
96.9104
96.7824
96.722
96.6489
98.2929
97.8441
99.8396
98.5392
96.554
96.5996
99.0417
96.7696
97.112
98.8086
96.6324
96.4608
99.5192
98.4671
96.5622
96.8817
96.4608
97.8653
96.4498
98.9643
96.6525
96.6862
99.43
96.8043
98.7286
97.0902
99.0168
97.8398
99.7942
96.4849
97.1209
98.7847
99.6861
96.8111
96.47
96.7423
98.5638
99.0301
99.9029
96.5274
96.5057
96.7646
97.2443
96.5202
96.6367
98.7565
96.6163
96.9829
98.359
98.8111
96.5817
98.9779
96.874
96.8042
96.5668
98.2593
96.497
96.8041
99.8469
97.3107
96.5532
98.8901
96.665
98.6015
96.4663
96.742
97.0438
98.1968
96.6678
99.1163
98.7802
96.7223
96.6425
96.9403
98.7375
98.688
98.6015
98.8772
98.9143
97.7363
96.7433
96.7477
96.8759
96.9473
98.3413
96.5853
96.7317
96.6989
96.4997
98.8806
96.7612
98.8591
96.9659
99.495
96.7305
96.9367
98.3573
99.8818
96.8209
96.7048
99.6
98.6873
96.5113
96.5223
96.5242
96.7439
96.7971
96.8681
97.2262
99.8005
98.3546
96.5267
96.3997
96.5639
96.8798
96.7313
96.4839
96.7417
99.0712
96.7761
96.5733
98.1805
96.8363
96.5176
96.6066
97.1744
96.7211
96.9427
97.3129
98.1129
99.0279
98.4057
96.6964
98.6876
96.9317
96.5249
98.7352
99.9434
98.7549
96.3713
98.5577
96.5377
97.2806
98.9535
98.8044
98.3038
99.6253
96.6847
96.5668
97.217
98.6749
98.7456
96.5779
96.4159
99.7896
96.8467
99.1669
96.6521
96.7099
97.0385
96.6496
96.5605
96.3962
96.6882
96.4342
99.1344
98.6363
99.8963
98.3197
96.5174
99.342
96.564
96.6226
97.304
96.5307
98.7014
98.1736
97.1016
98.9336
99.6922
99.6411
96.8885
98.9336
99.3943
98.5634
97.8936
96.47
96.4669
99.4068
99.5401
99.6679
99.5749
98.7716
99.4398
96.5582
98.2643
96.4364
96.7263
97.0508
98.4229
96.5503
99.4638
97.2356
96.5577
96.6269
98.7341
96.6124
98.2307
96.5314
98.2601
96.8201
96.6937
98.6878
98.9175
98.7967
99.0152
98.6034
98.3723
96.6293
98.6587
97.1328
96.7918
96.5938
99.7988
97.2326
96.7337
96.7023
98.891
99.5029
99.9627
98.3426
98.8835
96.6609
96.6497
97.2734
96.7194
96.618
96.5621
96.7399
97.0408
96.7519
96.8198
96.5161
97.6955
96.7682
97.3142
96.7154
96.6804
99.981
97.8281
97.1198
96.7186
96.8329
96.75
97.0677
96.8848
97.2381
96.6335
96.6669
98.6776
99.7804
97.1922
97.0023
98.2912
98.2611
96.5295
96.4959
96.5369
96.6286
96.8003
96.6543
98.7735
96.6432
98.7963
98.557
99.4879
96.3766
96.4001
96.6349
96.4113
96.7458
97.2721
96.4448
96.7307
98.964
98.2438
96.3808
99.5421
98.2614
96.7822
97.1133
96.7856
97.2175
96.4525
97.7604
96.9342
98.641
96.5802
99.5855
96.7201
96.8211
96.5269
99.9755
98.7608
98.3245
98.9963
99.7566
97.0502
96.6226
98.3524
98.3265
96.7035
99.6991
99.1288
98.7004
96.6441
96.4895
96.5676
99.98
98.6402
99.0486
96.437
96.7099
97.0653
96.9326
98.8682
99.8796
96.7414
97.8353
96.8701
96.5978
96.503
96.9409
98.709
98.7392
96.6568
98.884
97.0609
99.0279
96.7547
96.8236
99.3883
96.7835
97.771
97.2283
98.8689
98.3458
97.2042
96.668
99.2697
96.7809
99.2979
96.7674
99.1986
96.7431
99.0609
97.3078
99.2391
96.5822
98.2614
98.6162
96.7524
98.5577
96.6926
99.2741
99.5701
99.7761
96.7342
96.8756
96.6465
96.6092
97.2633
98.2554
98.9085
96.6035
98.6228
99.9661
96.6818
96.774
96.7309
99.6224
97.2371
97.1354
96.5607
96.6104
99.5508
96.6314
96.562
99.4368
96.6623
97.1905
99.4649
96.6843
98.8682
96.5126
96.8243
98.8416
96.6902
96.9659
96.5263
96.9742
98.4671
96.5927
96.2894
96.9656
96.7284
96.4076
98.7627
97.2624
96.6904
98.1096
97.0604
96.6775
97.0808
97.2565
99.109
98.4212
99.1882
99.1612
96.73
98.7587
99.1595
96.5972
96.6306
99.1354
96.5395
98.6903
97.3944
96.5653
96.4495
96.5365
99.4851
96.9914
96.5057
99.7504
97.2015
98.9615
97.0981
96.3406
97.0981
99.2694
98.2093
96.4619
99.0442
97.1887
99.5472
99.4007
98.9385
97.7329
96.7551
98.3361
98.8301
97.3046
96.7121
97.2396
99.6306
96.8329
98.3361
99.6882
96.4483
96.6615
98.6287
99.0451
97.3287
96.5138
99.4697
96.7435
96.6653
96.7775
96.716
98.9905
98.3774
96.4102
99.4515
98.8186
96.862
98.6944
98.1971
96.7888
96.5337
99.02
96.6011
98.7822
96.6086
96.4997
96.6613
97.0605
96.8243
99.667
96.8267
99.0016
96.5517
96.5458
98.8272
99.6611
99.0503
98.8071
96.6705
97.1016
96.9671
98.2943
96.7128
98.298
96.4175
96.6269
96.7275
98.368
96.9893
99.044
98.3934
96.6271
98.7127
98.6497
96.3792
96.687
99.4987
99.4085
98.7537
96.7888
96.9403
99.3995
98.4671
96.3455
96.4806
96.6444
96.6191
99.6999
96.8365
99.0438
99.7734
97.9162
99.4175
99.1882
96.7138
98.4176
99.1779
96.6394
96.8218
98.865
97.0433
99.5139
97.1627
96.6094
96.4948
98.2392
99.6191
99.303
96.3721
96.6902
96.5656
96.5822
96.7059
99.0903
99.7718
99.4643
99.6361
96.6909
98.9916
96.5888
96.6035
97.1534
99.3729
96.6995
98.5975
96.4622
96.6705
96.6328
97.3577
99.6529
96.6575
96.8752
98.5629
98.9865
98.8367
96.6664
98.7173
97.0021
97.3046
99.027
98.7331
98.1604
96.6408
97.1343
96.631
99.8507
98.9442
97.0203
96.6579
99.4235
98.6974
99.7411
99.4399
97.003
97.1146
96.712
98.5974
96.7787
96.7646
98.3686
99.4954
96.9315
98.3901
96.6054
96.9464
96.5234
97.0251
96.4252
98.7733
99.7338
99.0636
99.8178
98.8591
96.4461
98.2989
96.683
96.6267
96.5709
96.3563
96.4667
96.9364
99.6806
97.1496
98.7513
97.8286
96.5857
96.6046
99.712
99.662
96.5374
99.1794
96.9441
97.8145
98.7174
96.7481
96.6213
99.0274
99.4587
99.68
96.5927
97.2062
98.2517
98.3114
99.5371
97.0483
99.5956
96.6694
98.8423
98.7014
96.6608
98.9475
96.9317
99.7466
99.5094
99.5564
99.0267
96.7656
96.6805
97.8246
98.5731
98.4067
96.6926
98.8855
98.1499
96.7019
98.8533
96.5985
99.4663
98.3934
96.7039
97.0514
98.9564
99.5371
96.6053
98.4223
96.4647
96.6783
96.9738
99.7044
96.5779
98.9519
97.0675
96.6489
97.092
98.9453
96.4102
98.7192
96.5785
99.5701
96.562
96.6735
97.0413
98.0991
96.572
96.6914
98.3831
96.8268
98.9639
97.2617
98.5935
99.7042
96.5176
98.6791
96.2885
98.6183
96.8787
97.0456
96.6269
96.7674
96.7139
96.9022
97.8066
99.1055
98.9727
96.7748
96.3645
96.6393
99.9054
98.8762
99.7286
96.7148
98.7001
96.7313
96.6937
96.1446
97.1209
96.4573
97.0251
99.1345
96.9752
99.47
98.5891
97.3181
99.2007
96.6136
99.7804
99.4197
96.6811
99.1706
96.7373
97.7232
96.6336
97.0543
99.3672
96.9809
99.6962
96.6881
99.4279
96.3972
96.7132
98.2929
96.7353
98.8362
96.5219
98.9453
97.0225
99.6253
98.5684
96.4619
98.9412
97.2793
98.6681
96.6138
96.5352
98.3426
97.2783
99.3995
96.7944
99.7648
96.5758
96.8011
98.3832
96.7993
96.4921
96.6023
96.6427
96.6721
99.7361
98.1604
96.5013
99.7729
97.2793
99.6195
96.6803
98.8678
96.7538
96.6594
96.7405
96.8633
98.9948
99.6922
96.5396
98.2683
99.5303
96.7641
99.4922
98.6495
96.6701
96.4076
96.6007
98.8105
99.5433
97.0638
96.9708
98.234
96.4918
96.5703
96.6666
96.6032
96.6231
97.1834
96.6366
96.5888
96.4096
98.4309
96.551
96.4797
96.7391
96.8616
96.7483
99.6529
96.6417
98.3901
96.5772
96.9512
96.9303
99.6087
97.2078
96.6615
99.5855
96.9565
96.5862
98.3691
96.8491
98.1795
97.0167
96.6112
96.5771
98.3111
98.1566
96.9661
98.9404
98.9873
96.5448
96.6738
99.6591
99.0792
98.7628
96.6839
96.9849
99.4405
96.7588
97.14
96.4777
96.6231
98.8998
96.6425
96.6991
99.2125
98.6727
97.7292
99.337
99.6993
99.7242
99.7288
97.7363
99.1287
96.7656
99.8197
96.6639
98.809
96.6968
99.6293
99.6561
97.1572
96.7176
96.6338
98.427
98.2472
96.8993
99.1375
96.7165
99.3717
98.8112
96.3913
98.7785
96.7146
98.6405
96.6336
98.2156
96.618
99.397
98.1805
99.281
96.4196
99.2911
96.5902
98.8998
97.9272
98.7676
98.6514
96.8114
96.6368
98.3358
96.6959
99.0403
96.818
96.6778
98.7587
96.5683
97.0379
96.6408
96.6025
96.3131
96.4275
96.5771
96.7019
96.9057
99.7612
96.6538
96.5961
98.9701
96.4717
96.4616
96.9539
96.939
96.5722
96.611
96.7895
98.7392
96.3947
96.7349
96.9116
98.9401
97.8286
97.2734
96.5773
98.2194
97.0711
98.9869
97.2728
99.4064
96.6825
98.3524
96.3401
98.0496
96.8506
96.7008
96.77
99.0623
96.9455
96.4276
96.5496
98.2135
99.9373
96.6286
96.6815
96.8402
98.7001
96.5257
96.8506
97.0045
96.5764
98.8559
96.8588
97.1225
99.4286
99.6872
99.0225
96.4573
98.7905
96.7443
99.5303
99.7288
98.5086
96.6626
98.6139
96.5099
96.4566
99.3037
96.5495
96.711
99.0198
96.6355
97.0004
96.7068
98.7109
97.7702
97.1128
96.8194
98.2452
96.5988
99.9054
96.3874
96.663
97.1553
96.4331
97.1464
97.2087
98.1763
98.8477
97.2783
99.4374
97.2099
97.2007
96.9905
98.7941
96.2885
98.723
99.499
96.6338
98.5234
97.2227
97.0868
99.1528
96.5269
97.249
99.0312
96.7944
96.9287
96.6489
96.6487
97.2325
98.266
96.743
97.0362
96.5396
98.2416
96.874
99.0462
96.5269
97.2964
96.5733
97.2095
98.6974
99.7177
99.0844
96.757
99.1744
98.2778
99.8508
98.6686
96.4849
97.1266
97.2784
97.0813
98.2849
96.6072
99.0661
99.5147
99.4191
96.8681
98.9945
98.2256
96.4394
96.601
96.9447
98.6199
98.9656
98.1869
97.2749
96.6343
98.2087
96.7965
96.8342
96.7005
99.3177
98.8657
97.2721
99.1375
96.9784
96.4675
96.8598
96.6837
98.2406
97.0888
98.9873
98.9712
96.5516
99.5809
96.5418
98.3382
98.839
96.6594
99.5895
98.7963
96.3131
99.7531
97.8139
96.7472
96.776
96.565
98.5577
99.1402
96.6978
97.8162
98.2012
99.3637
96.5332
97.1458
96.7761
96.5788
97.2503
98.8991
99.8129
99.3895
98.1898
97.2785
99.6921
97.1432
96.7003
96.9673
96.9596
98.6007
98.2378
97.2031
96.6971
99.0742
98.2931
97.054
99.7825
99.7889
96.5086
99.1186
96.437
96.6794
98.2706
98.9507
98.3365
97.0957
97.1744
97.0072
99.6522
96.7389
96.5616
96.4947
96.5521
97.1667
98.5629
99.7322
98.1776
96.6346
96.3306
98.6153
98.9873
98.9715
99.1781
97.0327
98.8116
99.1192
96.7734
96.6027
98.3837
98.2494
96.6144
99.0176
98.8536
96.583
96.8506
96.4716
99.1612
99.8379
99.0844
98.768
96.4958
99.2741
99.1591
98.2857
98.9142
97.3246
96.4615
96.6258
96.6535
98.2406
97.0469
96.3971
97.8151
96.4569
96.6944
98.9437
98.7701
98.6832
98.7127
96.5857
96.6784
96.6584
97.2033
99.2531
96.4648
97.0751
97.2078
98.5836
98.353
96.6898
98.2402
98.2585
98.359
96.4196
98.1713
99.327
98.3095
97.2501
99.0679
98.891
98.3831
96.5722
96.6784
96.5639
96.8749
96.7284
98.6587
96.6979
98.5828
96.7959
96.7581
96.8443
96.7936
96.511
98.365
96.5004
97.1757
98.3774
99.213
96.9992
98.7458
98.6921
96.5351
99.4286
99.8528
99.6848
96.6213
99.8751
98.3546
99.3758
96.5104
98.6455
98.2136
99.213
98.8429
96.8201
96.4948
96.7059
98.557
96.8734
98.365
97.1251
99.0854
96.8009
98.3279
96.4876
98.2181
96.7088
99.0221
96.4871
96.7391
97.9419
96.4663
96.4531
96.4125
96.7469
99.9313
99.1804
98.6199
96.654
97.0973
97.0981
96.8127
99.1029
98.3377
96.5323
96.9556
97.003
99.2199
98.7351
96.4773
96.6987
96.7323
98.5974
96.7941
97.2806
96.9356
99.8779
98.8657
98.1758
98.7174
98.2454
96.5003
96.6547
98.9646
96.6998
96.5577
96.5908
96.5393
99.1887
96.87
99.2683
96.5294
97.3154
96.4826
99.9029
99.5258
96.6409
96.7333
98.9342
98.3772
96.6397
97.8286
96.8734
99.6323
99.1861
97.198
96.9639
96.9512
99.337
98.3892
98.6474
99.2774
98.7701
98.7127
98.9611
96.4044
99.1228
99.2073
96.3418
96.8637
96.7152
98.7088
99.3696
96.8114
98.2517
96.3536
96.6444
98.3291
96.4188
98.8111
96.5725
98.245
98.4159
97.0038
96.5926
97.2784
96.8445
99.0137
99.1167
98.6278
99.4954
98.9615
96.3999
96.6768
98.6455
99.7875
96.7325
98.7098
96.7719
99.4728
98.2853
99.1037
99.0456
96.3716
96.6004
97.0492
98.6376
99.9545
96.6023
97.0644
98.6442
97.0644
97.2092
98.424
98.0096
96.9303
96.7407
97.316
97.1993
96.5925
97.1655
97.8135
96.4346
97.0168
99.7511
99.6293
98.3108
96.7595
96.4663
98.9324
97.8139
96.7128
98.671
96.6429
99.4351
99.7688
96.4992
97.2062
97.2915
96.6881
97.9017
96.6845
96.6727
98.9643
96.6699
96.6713
96.7997
99.6916
99.5413
96.5532
96.774
97.1259
99.6362
96.3971
96.921
96.7275
98.9895
97.0289
96.5782
98.9982
96.6134
99.6538
97.2441
98.6765
97.2217
96.687
99.5319
98.6772
96.4662
96.6682
96.3872
98.8949
97.2678
96.5334
99.4423
96.7394
99.1194
98.1167
96.9082
96.481
96.6932
96.56
98.3354
97.0806
96.8377
96.492
96.9149
99.4387
96.5113
98.9392
96.4569
99.422
98.743
96.6228
96.4839
97.0041
96.7345
96.8861
96.7165
96.7323
96.5496
99.8469
99.8308
99.0942
99.3149
98.263
99.7047
99.5184
96.6116
96.7276
96.5857
96.9752
99.1043
96.6773
97.0185
96.731
96.4769
97.8221
96.291
96.9721
99.6799
98.225
96.3676
98.2826
96.7271
96.7265
96.6811
96.6825
99.3439
98.2119
99.66
96.6534
98.2853
99.1889
97.2341
99.1988
98.3814
99.4679
96.6285
98.8666
96.6273
98.4908
98.3723
98.6215
99.3149
96.507
97.0604
96.5645
96.5444
99.8379
96.4316
99.02
96.564
97.0973
98.8812
97.8285
98.3892
97.2835
97.8285
96.6281
99.0005
99.02
98.0496
96.6785
99.6561
97.2785
98.1878
97.1128
99.6664
99.4258
97.0251
99.43
96.769
99.1427
96.5624
98.2943
96.6672
96.5004
98.7432
96.6255
99.1071
99.0792
98.1968
96.6749
96.4583
99.1698
96.4759
96.7991
98.8323
97.1819
98.8689
99.8528
98.709
96.4765
96.5763
97.2311
99.3089
98.0991
99.7806
98.234
96.4041
97.2032
96.7416
99.9752
96.6275
99.8197
96.5214
99.6481
99.3666
97.738
96.5857
96.506
96.7412
98.2931
97.2611
99.1242
96.8765
96.3075
96.8055
97.8484
96.858
98.3365
99.5176
98.7596
99.342
96.4058
96.7288
96.7011
98.2778
96.9317
96.671
96.6695
98.4373
97.7437
96.4819
99.0854
98.9869
96.7377
96.7538
98.275
96.8885
99.3611
99.0168
96.9684
99.0612
96.3948
99.6728
96.5145
99.1698
96.8122
99.1591
97.0954
97.0041
98.2683
96.6249
99.702
99.5983
96.6443
97.099
98.3832
98.7117
96.4015
96.6411
96.3084
97.1867
96.5013
96.6454
97.1968
96.7435
98.7716
96.3131
98.9442
96.6185
98.7952
98.3484
96.6367
96.6543
99.5098
96.428
98.3756
96.9443
99.1703
96.5149
98.9707
96.6714
96.787
96.5335
96.633
97.2615
99.3633
96.8734
96.5053
96.6382
98.2406
98.7159
99.6991
96.5521
99.4798
96.5375
97.1962
96.5736
97.0679
99.3504
99.3879
96.6523
99.5932
99.9608
96.6688
96.7635
98.9873
96.7254
98.2717
96.622
97.2422
99.1664
96.7274
96.4716
98.8441
99.0609
97.2731
98.259
97.3158
96.4995
97.1053
98.3967
99.1217
96.6441
97.0137
98.5786
96.6798
98.9867
99.6402
98.3053
99.0942
99.2391
98.1758
96.5908
96.4159
99.8959
96.7154
98.6211
97.316
98.7192
99.4583
99.1031
99.981
98.286
96.6696
96.9248
98.9009
98.149
99.4889
96.588
99.3634
96.7001
96.7116
96.858
97.8615
99.5264
97.8372
96.596
99.6574
98.7901
98.2223
99.3633
97.0125
99.8867
96.7116
96.9548
96.67
98.1956
96.8885
96.7227
96.3721
98.2701
96.6474
96.6336
96.5894
96.4836
98.6943
99.3457
98.2495
99.4274
97.0576
99.4185
99.1887
96.6886
99.6861
96.7859
96.5988
99.3208
98.7885
99.2151
96.8204
99.0183
96.7941
96.8406
96.6086
96.6626
97.2007
97.0045
96.8204
99.9651
98.5949
99.7804
98.2906
96.81
98.8215
96.7003
99.0247
99.4909
98.216
99.7504
96.6013
98.8122
98.8385
96.6734
96.4556
98.6903
96.4279
96.7662
96.6831
97.0048
97.9486
97.0019
96.9987
99.9054
96.5079
99.0499
96.5711
96.6762
96.4871
98.3321
99.6087
96.6492
96.6572
96.5174
97.1373
96.4591
96.549
99.0499
98.6495
98.9205
99.5489
99.7889
97.8817
96.6749
96.5226
97.0498
99.0602
99.9183
96.9383
96.6613
99.015
96.5853
98.3582
99.7933
96.5762
96.6805
99.199
96.5103
99.5855
96.6473
96.3698
98.8
99.9136
96.7003
98.2385
96.6649
98.9942
96.7216
96.8211
96.6715
99.6893
96.3312
98.8318
96.7254
97.0027
96.7435
97.0193
98.4012
96.4789
99.0303
99.5251
98.9707
96.8075
96.6905
97.2903
98.742
96.5066
98.7375
96.7408
96.7325
98.9537
99.9108
98.174
96.6489
99.4571
96.4695
96.7103
96.8122
96.5113
96.6515
96.711
99.3504
96.411
96.46
99.5997
96.6329
96.4844
96.6072
99.0659
96.3689
96.6093
97.1405
96.77
97.1315
96.6838
99.1794
99.6087
99.213
96.5916
96.6512
99.2188
97.0605
96.6269
96.618
96.8134
98.0218
96.5514
98.6235
99.8005
99.6861
96.754
96.7183
99.5933
96.8208
98.7812
96.7863
99.6981
98.1419
99.5319
98.8202
98.9895
96.6813
96.5582
96.7287
96.3518
98.2438
99.597
98.7588
98.1873
99.1055
96.4995
96.5526
99.0064
99.3179
96.408
96.574
97.0236
98.1153
97.0036
98.9479
96.6653
96.9013
99.6052
96.5
96.7041
99.5749
98.2715
98.2558
98.284
98.8441
96.6686
99.1118
97.0362
96.3351
96.376
99.0977
99.3788
98.3985
96.5997
96.6004
98.5915
96.4182
99.4857
98.7185
96.654
96.7629
96.8342
96.9461
96.6586
96.5949
97.1466
98.7716
97.8392
96.4532
96.4778
98.2631
96.5343
96.4238
96.7902
96.5952
96.7139
98.6001
96.621
99.7536
97.1352
96.4606
98.2558
98.8338
96.9367
96.6403
99.0518
98.2234
99.4638
98.2523
96.81
98.2135
97.7585
98.8187
97.8951
98.9801
96.4196
98.9638
99.4973
96.7342
98.7224
96.6887
96.4139
98.2585
96.4114
98.7982
99.9028
98.7019
96.5151
99.5465
99.4052
98.4605
96.644
97.2793
96.4096
99.1935
99.8118
99.4416
98.5845
96.5885
98.8574
99.0442
96.3691
97.7702
98.9638
98.7604
96.2565
96.3987
96.7131
98.2461
98.8199
99.06
96.5326
96.8802
99.44
98.7348
98.6015
96.6013
97.7585
96.5746
99.0354
98.7727
96.5894
96.7775
99.4064
96.5241
98.9945
97.1053
96.8394
98.2387
99.3848
99.8542
98.7446
96.7232
96.9469
98.6999
96.9731
98.8806
98.8199
96.9431
96.6357
96.4289
96.8108
99.266
96.5862
96.4279
96.8592
98.1795
98.8187
96.6047
99.628
98.8126
96.6586
96.4778
99.0174
98.4177
97.3072
98.1971
96.4577
99.4757
96.7011
98.5125
96.6338
96.6179
96.757
99.6882
97.0751
99.882
98.8032
96.5358
98.146
99.4754
96.9207
96.4122
96.5384
96.8134
98.9965
96.5298
96.6575
98.2194
96.7213
96.3987
96.7325
96.9378
96.7138
98.7118
96.5088
98.6754
96.2885
98.1153
97.7856
96.8705
99.07
96.6739
98.119
98.8979
96.7941
97.0751
99.9598
99.1138
96.9427
99.2303
96.7955
96.7557
96.6609
96.7408
97.1198
99.1862
98.6487
99.8222
96.7482
96.9461
96.7526
97.7768
99.5371
99.0821
96.5976
96.718
96.5877
99.6561
99.9608
99.6635
96.7482
96.8038
96.6975
96.5908
96.5341
97.2802
97.144
97.0824
98.7261
96.413
96.4628
96.4375
96.5564
97.2746
99.6576
99.0699
97.2408
99.0442
96.7775
99.0361
96.728
96.4421
96.7271
96.3698
97.0991
96.7149
96.5295
98.7535
96.7842
99.7684
99.7764
97.8859
96.7399
99.8306
96.6759
98.9639
98.9639
96.9563
96.6885
96.7173
98.7857
98.7375
98.7478
96.7895
99.8703
98.266
97.0868
98.3432
99.1287
96.642
98.3357
96.5898
98.1869
96.5006
98.2187
96.588
99.4114
98.801
96.4006
96.7099
96.593
97.2758
99.0549
96.6189
96.492
98.6832
96.8861
99.8428
96.8111
96.6046
96.7099
99.4747
96.9809
96.5223
99.1281
96.4675
96.8127
96.6444
97.2092
96.4011
97.0578
99.4851
96.568
99.1519
99.7437
97.082
96.4128
96.6043
96.8379
98.1241
96.6094
99.68
97.0732
96.4632
96.5857
96.4645
98.831
98.699
97.9177
98.2452
96.7139
97.3224
98.9564
99.4399
98.254
96.4839
99.4281
96.5745
96.5485
96.7885
97.0379
96.6751
99.8326
98.7016
96.6675
97.9185
98.2119
98.3429
96.6823
96.8226
98.6376
96.6939
97.0793
98.7825
99.4121
96.7332
98.8187
99.7294
99.0279
96.8085
96.7682
99.0382
96.6029
96.6489
98.1836
99.3439
96.6303
99.7511
96.4929
96.4319
98.969
96.5343
97.2795
96.687
96.6203
99.9364
99.0656
96.6086
96.8688
99.1071
96.5997
98.9507
98.6686
98.9736
96.7435
97.6955
99.1176
99.5892
96.6838
96.6642
99.882
97.2302
96.6285
96.7619
99.0126
99.0176
97.3419
96.3768
99.1244
97.2187
99.4399
96.7139
96.5781
99.4794
98.2903
96.9698
98.4212
99.9309
98.7368
96.6869
97.819
99.7286
96.8353
96.5883
98.6754
99.0499
96.4816
96.6991
98.1947
98.806
98.2633
98.2913
96.5182
96.8962
98.3361
99.4104
96.4947
96.3397
98.2558
96.4823
96.7724
96.7338
96.4981
99.1703
99.5901
99.4071
96.6349
98.8855
99.1045
96.3948
98.9821
96.6995
99.5886
98.863
99.746
98.9958
96.5233
96.2582
99.4889
96.4303
99.5597
96.8537
96.5301
96.7856
96.3497
98.1053
96.7583
98.7513
97.0646
96.635
98.865
98.3934
99.1139
98.9291
96.6797
96.9455
96.3446
97.304
98.5304
98.2853
98.9786
97.0524
96.4557
96.6813
96.9006
99.6475
98.9995
97.2861
99.8336
98.648
97.2092
96.7017
98.7092
98.6103
96.6744
96.554
99.0602
96.3962
96.7612
96.507
99.6999
98.114
98.7934
97.0183
99.337
99.8129
98.743
99.5896
99.7291
96.6873
96.5883
99.5051
97.1881
99.0154
98.3125
99.5012
98.7328
96.7869
96.3836
99.5184
96.7121
97.1003
99.3338
98.7762
96.5504
96.4211
96.631
99.7684
97.8342
99.0602
98.5822
99.7688
97.011
98.4229
99.3403
97.1242
96.7262
99.5394
96.7096
97.0891
99.5708
99.7923
99.4185
96.5487
98.68
96.6998
98.5464
96.4431
98.833
99.2835
96.718
96.5004
96.6138
96.4863
96.6403
98.7183
98.8186
96.7313
98.9946
97.8197
99.3729
97.1714
97.1733
96.5374
99.2295
96.4363
96.6746
96.6967
99.5413
96.8286
97.7976
99.0623
97.8392
96.674
96.732
99.303
96.766
96.7612
99.3995
98.865
98.1701
97.2692
96.7936
97.1581
96.5746
97.2746
97.1418
97.0125
96.9639
96.503
96.5586
98.8998
96.6594
99.1562
98.8991
96.6564
98.5989
96.4563
99.9183
99.7889
98.5535
96.7825
96.7011
98.3643
98.9435
98.8122
98.1809
98.7105
96.6473
96.3781
97.3129
97.2382
99.3177
97.1466
97.1807
98.4908
97.0042
96.5265
96.4663
99.0004
96.4936
99.5956
96.6664
96.4431
99.9604
98.2951
96.3462
99.8005
96.9907
96.9047
96.6678
98.5209
98.8224
98.1809
98.8258
99.6629
99.8983
99.0334
96.3971
98.4462
96.6654
96.4573
96.7913
96.6595
96.3872
97.8796
98.597
99.1889
97.0658
98.964
98.891
98.1979
98.2344
99.9572
96.5245
97.2386
97.0492
96.7146
97.1538
98.1873
96.7019
96.5514
96.2606
98.6865
99.0676
99.5472
96.8754
96.7936
96.4918
98.3943
97.0185
97.1003
99.4798
96.9981
99.1794
96.7766
98.1566
99.6378
98.9807
99.9481
98.9437
96.5151
97.0428
96.6781
96.6222
98.6007
97.2399
96.4682
96.629
96.4701
99.7733
96.5519
96.5778
98.8006
97.2414
96.6435
99.9516
96.9493
96.6881
96.9219
96.7481
96.6428
97.2237
96.5569
99.6891
96.6315
98.7016
97.0888
98.809
99.4988
97.2873
97.0981
96.4053
97.0981
98.4413
98.9456
98.8323
97.0117
97.4274
98.9995
96.5695
98.7716
97.2509
96.4686
96.8085
99.0362
98.8426
96.5176
96.7327
97.2368
96.4303
98.6228
98.3862
97.0458
96.6395
98.2088
99.6992
96.7418
97.0484
99.2107
99.5896
98.2047
99.0403
97.0751
98.9453
96.6638
96.8127
96.9734
96.6556
99.3896
98.7951
97.0677
96.7682
99.6867
98.5974
97.0649
98.9963
96.4861
96.5653
96.5788
96.5519
99.0311
96.7609
99.3878
96.646
97.2117
98.688
97.9902
96.6228
97.0287
99.3696
96.415
96.7274
98.2775
96.7245
96.4316
98.4396
96.9742
96.7455
99.7942
98.8224
96.6112
99.7743
98.7485
96.9832
96.6565
98.7909
98.2611
96.643
96.6477
99.879
96.2871
96.6759
96.7936
98.776
98.5785
96.5411
97.2257
96.4569
98.6365
97.2585
96.7275
97.0732
96.5449
96.6669
96.5628
98.9976
96.8447
96.6979
96.8377
96.7924
96.671
96.7154
98.7149
96.5057
99.5081
97.1168
97.2069
96.39
96.6201
96.6746
98.8991
98.969
99.2244
98.195
96.6843
96.5961
96.5356
96.8978
96.4943
99.7302
99.3635
96.9991
97.2032
96.6493
98.3774
96.6503
96.4336
96.6763
98.9909
97.2374
99.607
96.6727
97.2327
98.8609
98.7857
98.9527
98.8901
96.4958
96.6649
97.1859
99.8818
99.0873
97.8411
96.5429
96.733
96.6059
97.2333
96.6163
98.2033
96.6422
98.3886
97.3082
96.7113
96.6678
98.3357
98.6403
97.6888
97.0149
98.6455
96.4608
98.5357
96.5761
96.5733
98.8732
96.6194
96.7232
96.7377
98.3665
98.5629
98.7899
98.8678
98.7901
96.9399
96.6614
96.6018
99.7889
99.4423
97.0443
99.8172
96.6455
96.6291
99.7317
96.6958
96.7997
97.2178
96.5758
99.2476
97.1388
96.4515
96.8243
97.3191
97.0298
99.2602
98.1566
96.7325
96.6326
98.9615
98.6417
99.6605
97.1428
98.368
96.3667
96.9364
96.5711
99.5192
96.5267
99.8983
96.716
96.59
96.485
98.7514
96.5907
99.7758
96.7039
96.4977
99.184
98.7478
96.6367
96.6678
99.5029
99.3233
96.7094
96.9196
96.9244
99.495
98.6754
96.527
97.3577
99.0183
99.6861
99.7075
97.3246
97.1856
96.6998
96.6548
96.7499
96.9196
96.4525
98.5102
99.3923
96.3739
98.7622
96.4147
96.6454
98.7006
99.7984
96.6227
98.3614
97.2399
96.6735
96.5562
98.2784
98.9946
96.4139
97.2283
99.0432
96.8043
98.2461
98.8955
99.9309
96.5521
99.0232
96.5668
98.9736
96.7482
99.7273
96.6455
96.3997
96.6021
96.9752
99.7886
97.8239
98.3837
98.9851
96.3806
96.6246
96.3955
98.7952
98.8044
98.6936
96.5958
96.8618
97.0787
96.774
99.7699
99.4121
97.092
96.611
96.714
99.0354
97.1696
99.5472
96.8033
96.4495
98.353
96.8952
98.2198
96.8458
96.6944
99.8878
97.3082
96.5061
96.7011
98.2061
96.5927
96.4448
98.7192
98.3665
98.3131
98.0443
97.1565
96.9981
96.6455
98.6403
99.6576
99.7794
96.4463
96.6183
96.7198
96.7256
96.9724
96.668
96.7294
96.4611
98.8224
96.6577
97.0167
98.6268
97.0174
98.7604
96.6942
96.9569
96.8733
98.7749
99.0126
98.909
96.504
96.6808
98.921
97.8524
96.3397
96.7856
99.8206
96.5503
99.8452
98.2578
96.7037
96.7186
96.659
97.2396
99.0335
96.759
98.3862
97.0806
96.8268
98.9643
98.9564
98.3867
96.9411
98.9479
98.2599
98.2217
98.9867
98.2911
98.7575
99.4203
96.5824
96.4843
96.9248
97.2903
99.9144
97.0732
96.5781
96.5773
98.3426
96.5493
96.6358
96.5467
96.5703
96.5225
97.3107
96.4303
98.9702
96.5689
96.6386
96.7381
96.9433
96.6471
96.6432
99.7906
97.1667
98.2932
96.5161
99.5392
96.5013
97.2297
96.7231
99.8596
97.8295
96.4282
99.9452
98.2416
96.7121
97.2701
96.7916
96.6798
98.3524
97.0646
98.3723
96.6598
98.2601
98.1153
98.2235
96.9464
96.5277
97.2383
99.3837
99.9144
99.2188
96.8365
96.4663
96.6881
96.8899
99.6069
96.5792
97.079
96.8134
99.4973
99.3037
99.0075
99.6402
99.5983
96.5301
96.8003
96.5668
99.6062
99.6666
96.6613
96.5605
96.859
98.2737
98.9712
96.9948
99.1288
99.6195
96.6016
96.7153
97.14
96.8025
98.9621
99.4564
96.6609
96.9831
97.4366
96.5968
96.4133
98.1977
96.4096
96.7916
97.0213
96.6607
99.5896
99.7242
96.7253
98.9973
99.0916
96.6643
96.5741
96.7107
96.6845
98.2012
98.7204
96.5467
96.6905
99.4004
97.8441
98.9385
96.5555
97.2813
96.5517
97.3158
97.3195
96.6604
96.5703
96.504
96.6959
96.8531
97.2802
98.9638
98.5775
98.2356
98.8939
96.7244
96.4465
99.1915
96.5032
96.4346
98.6541
96.5301
96.9809
99.8809
97.0498
98.1046
97.8309
96.4124
98.8006
96.8406
96.8297
99.2936
96.671
98.3108
98.7098
96.9542
96.5761
98.9809
96.4471
97.1117
96.6906
98.2611
96.4647
96.408
96.5263
96.6043
98.5775
96.712
96.7026
96.8164
99.0451
96.5411
98.5593
96.8208
96.791
96.8863
98.7986
96.9779
99.4039
98.1562
99.4366
98.3208
96.3713
98.6865
99.1166
98.5038
96.6151
99.444
99.8056
96.6778
96.6226
97.3944
98.9611
98.9712
98.5199
98.6681
97.1529
96.5463
98.9965
98.9527
96.5964
96.7492
98.2362
96.7008
96.7253
98.7565
96.4662
99.6561
97.0767
96.7916
98.2372
96.8802
99.7379
96.3715
97.0483
97.0506
98.6199
99.7949
96.5554
96.7696
96.7417
98.3166
96.6116
96.6121
96.561
98.3442
98.6886
96.6714
96.4995
98.326
99.3684
97.1449
97.2692
98.284
96.702
96.6035
96.6958
96.4671
96.9652
96.7121
98.7532
99.7326
96.9565
99.1292
97.249
96.5618
96.6194
99.0441
98.839
99.381
96.6713
96.7293
96.5761
97.2323
99.9648
96.8052
98.2378
96.7052
97.1347
98.6874
99.129
98.8441
98.2472
98.7527
96.6822
99.0493
96.6366
96.5505
98.2879
96.7716
96.6004
98.7065
96.46
98.2952
96.4849
98.4462
98.77
98.9412
96.6944
96.8055
99.3933
98.7067
99.1666
99.9959
99.9309
96.6434
99.8586
99.7206
98.9945
99.0674
99.0334
96.858
96.9986
99.7889
96.4044
97.0638
96.7391
96.687
96.6355
98.688
96.618
96.8638
99.2356
96.673
98.8533
96.733
98.2826
98.2879
96.8616
96.6645
98.8383
96.5384
96.5225
98.3038
99.712
99.6779
97.0028
98.7124
96.6409
96.4622
98.6417
98.9532
97.0828
96.7383
96.9493
96.7325
97.0023
96.972
96.6015
98.5783
99.5823
96.7179
97.0739
96.4897
98.8514
96.4061
96.7271
99.3977
97.2422
99.2853
99.1192
96.957
98.9768
96.7877
96.8342
96.7046
96.4196
96.9047
97.3374
98.1607
96.6473
98.6183
96.5524
99.5094
96.7002
98.2367
96.5089
96.4778
96.7684
96.5577
96.7186
96.7183
97.2374
96.4646
96.4863
96.5287
96.8752
96.5695
96.4222
97.0379
96.6444
99.9168
99.3933
98.9715
98.7348
96.7058
99.881
96.9779
99.8052
96.776
96.4663
98.4981
98.3741
97.1117
96.6702
97.0638
96.7024
96.6984
96.4711
96.8734
96.702
98.6587
99.3421
98.845
96.9267
96.9829
96.3216
96.6221
99.7755
99.7328
99.5895
99.9249
96.6012
96.5126
96.5301
98.242
99.1288
97.2577
96.5403
98.9209
97.8599
96.7511
96.7513
96.5605
96.4992
96.6437
96.2894
97.0357
99.0503
97.7736
96.6998
96.8042
99.8159
96.6549
98.1419
98.7159
99.6246
96.4182
97.1012
99.5918
98.7973
97.1168
99.8023
96.4897
96.5003
98.6231
96.5757
98.9802
96.9832
96.8312
99.8382
98.8997
99.4781
96.6535
97.8238
98.7835
99.1591
96.6018
96.5701
98.6943
96.9333
99.6635
96.7059
99.7451
98.6268
99.3771
98.9801
96.5741
96.7168
97.0508
98.801
96.6833
96.4647
99.1541
96.6231
98.208
98.9401
97.0362
96.9457
98.3861
98.6621
96.9128
96.5547
96.7422
98.5877
98.2767
96.3691
99.8306
96.7465
99.5997
96.6641
96.5202
97.1103
98.2932
96.8191
98.2931
96.5352
96.9233
99.0027
98.964
96.7595
96.5882
96.7003
99.9462
99.1736
96.3689
99.2223
96.6258
99.2531
96.6059
96.4983
98.5672
98.6541
96.8379
96.3955
96.8173
96.4525
98.6139
97.8394
96.6202
97.0289
99.3771
96.862
96.7752
98.7099
96.774
96.6766
97.198
99.2588
99.6258
96.7158
98.2198
98.7091
98.2757
99.7318
97.7933
96.7039
99.0116
97.1916
96.7467
99.0854
96.6587
97.2087
97.2916
96.6919
96.7168
96.9031
97.1003
96.7067
96.7555
96.6457
98.0869
96.4094
96.6943
98.2641
96.8721
98.6665
96.5503
96.9803
98.0594
98.7153
99.0232
96.4456
98.9999
98.9069
99.1332
97.9182
97.7465
96.5621
96.6431
98.686
99.1673
99.7466
98.8954
99.4694
97.0864
96.8637
98.8112
96.6578
96.6529
98.7183
96.6855
96.6046
99.08
97.3287
98.7392
99.9153
98.9945
98.5392
97.955
96.8309
96.6654
98.4035
99.6052
96.6839
96.5891
96.6715
98.7202
99.0136
98.266
96.4224
98.1923
96.6979
97.0438
99.5489
96.7646
99.7806
97.0236
96.4013
96.6845
96.6231
98.2989
96.5821
98.8383
96.7173
98.6949
96.7417
96.7417
96.7313
97.1601
96.5691
98.1776
96.6897
96.3993
97.1995
96.6622
99.0063
96.9829
97.2565
96.6119
99.0609
96.7387
96.5145
96.6898
97.0991
96.7459
97.3067
96.6058
96.7243
99.2693
99.6429
96.6653
99.712
96.6331
96.6419
96.7176
98.9171
96.8465
98.8894
96.6811
98.7498
98.7348
96.6346
96.7235
97.8238
97.1191
99.6635
96.7376
98.7631
96.7869
96.4649
96.8895
96.4865
96.6702
96.7112
99.7188
96.3962
99.5948
96.9739
99.792
98.7628
98.2156
96.4947
99.337
97.2913
98.9072
99.4575
98.7697
98.9983
96.607
97.204
96.711
96.6029
96.6576
99.0456
97.1428
96.5556
98.7098
98.3939
96.6904
96.6866
97.0246
97.7714
96.7149
97.2302
99.0136
96.7152
99.0267
99.7923
96.6887
98.8302
99.7916
96.8506
98.1898
97.3195
96.6959
99.188
98.5125
99.0552
99.77
96.7005
98.2987
96.7235
96.6243
99.5098
96.6383
96.6568
99.7504
99.0215
98.7952
99.4638
96.5267
99.0204
98.7261
98.7121
96.6968
98.3665
99.2381
96.8394
97.0036
99.5094
99.7764
97.8066
96.6476
98.3861
97.8702
98.7202
99.9947
96.5117
96.8749
96.47
97.278
96.4307
99.7699
96.5274
98.2496
96.5202
98.5935
96.8774
96.5714
96.4172
96.5907
96.565
96.6564
98.9021
96.6876
99.4463
96.9829
96.3312
99.2911
96.633
98.2798
96.3779
96.5519
98.2846
96.8825
98.8426
96.6311
96.6834
98.743
98.2362
98.9191
98.1171
96.663
97.3082
99.5401
98.0617
96.5763
96.8845
96.6355
96.6884
96.6727
96.5948
99.5933
99.1766
97.1954
96.6288
96.5396
96.4941
99.4757
99.7538
96.7235
99.0486
98.9736
97.0023
97.8289
97.0711
99.7734
97.0712
99.1772
98.3892
96.8507
97.0131
96.5274
96.5171
98.7204
99.7743
96.8671
97.321
98.6391
96.9461
96.8329
98.2517
99.0995
96.9006
97.0762
96.8391
96.9421
97.2304
98.9535
99.7809
99.4081
96.7396
97.9185
96.6653
99.0107
98.7004
98.2509
96.8292
96.4448
96.5862
96.5485
97.2371
96.6294
97.8151
96.9731
98.3358
97.0289
96.6166
97.3645
99.4581
97.0808
96.4557
98.8626
98.8812
96.4992
96.5958
97.1291
98.8027
96.817
96.5567
99.327
96.3872
98.7532
96.5949
99.5862
97.3285
96.3716
98.3614
96.6894
96.7008
99.0609
96.496
98.6778
99.9168
96.7748
99.7794
98.2029
98.7337
99.0452
97.8936
99.7442
97.1328
98.2087
96.6417
96.3936
98.6255
99.0136
99.5568
98.6162
98.0387
99.6491
98.4115
96.4744
96.6765
97.1128
98.2301
96.9006
97.316
99.0974
96.5783
98.3627
98.831
98.3233
98.9657
96.6187
96.6902
97.154
96.7931
96.6214
99.0676
99.2151
99.1045
96.7916
98.9965
96.6322
98.9558
96.7724
96.9441
96.7416
97.3019
98.1508
96.588
99.9802
96.7887
98.5802
96.5998
97.9301
99.6771
96.3558
98.8314
96.665
96.3698
98.4223
98.0853
96.7511
96.7121
99.4611
96.6419
96.7925
98.2853
96.5952
98.9802
96.4531
96.6764
96.9333
98.5481
99.3265
98.5199
96.7674
96.6984
99.6306
96.8885
98.723
98.305
96.3361
99.1242
96.5619
97.2414
96.7139
96.6971
97.8404
99.5885
99.7326
96.5966
96.5377
98.2701
99.4101
96.4759
96.5709
97.3703
99.1613
99.1288
96.5214
98.561
99.5717
98.7631
97.2341
96.671
96.5891
96.6487
98.7588
96.7997
96.5976
97.7867
96.4771
97.0521
98.3197
98.824
98.9802
99.7745
96.9729
98.6798
99.0114
99.8141
96.7853
99.4695
96.3913
96.8194
96.4805
96.7697
96.6595
96.6785
96.4972
98.753
99.0063
99.7411
98.9209
96.4306
97.0322
96.5429
96.7251
96.7842
98.2621
98.5989
96.5888
99.8959
96.9907
98.7788
99.6538
98.7513
98.6248
99.6491
96.8114
96.5712
96.5418
96.6059
99.8556
98.4843
96.4709
97.6484
98.2807
96.7086
99.4794
98.1921
99.3304
99.3433
96.6999
97.1466
97.0289
96.8011
98.9797
98.1499
99.0069
96.4094
96.7736
99.5332
96.757
96.7482
98.3081
97.2039
98.2654
98.4997
99.3941
97.1176
99.4638
99.4195
96.8351
96.6926
99.0442
96.7186
96.8899
96.9116
96.9696
96.56
99.0689
98.2098
98.3576
96.6909
99.6649
98.9301
98.2292
96.6707
96.5532
96.9742
97.2413
98.4035
96.8578
96.4263
96.8861
96.7186
96.6443
96.5403
96.577
98.758
96.7207
96.8
96.7166
98.7761
98.8666
97.8969
98.8028
96.565
96.5521
96.6772
96.5358
99.0474
97.1142
96.8919
98.9209
96.8817
96.9268
98.5799
96.5633
96.3962
96.6406
96.5467
96.5465
96.7175
98.2181
97.8576
97.7002
96.9772
96.4941
97.8697
97.1019
99.0974
99.8964
98.7803
98.845
96.5841
96.6903
99.1988
99.6597
99.1546
99.0976
96.8659
97.2032
98.9453
96.5432
96.6995
96.8507
99.6474
96.3651
99.7804
96.9877
96.705
96.8783
96.5298
96.6543
96.4577
97.3021
96.7405
96.4921
96.6677
98.139
98.0991
96.8885
97.0362
99.7195
98.234
99.1288
96.6758
96.6968
96.646
96.7353
99.1192
99.4525
98.3875
97.2737
99.1292
96.6611
99.0183
96.6015
99.6362
96.5916
96.6944
96.6529
99.6451
98.9627
97.1354
96.4997
97.1926
96.9173
96.7601
96.9223
96.596
97.1317
96.8209
96.6383
96.6739
98.2669
96.9338
96.6688
99.5498
98.7501
96.6642
97.247
97.0942
99.0456
96.4774
98.3837
96.6451
98.7434
99.6362
99.6803
99.9981
96.9565
96.8716
99.7383
96.7375
96.6322
99.6759
97.2279
96.704
96.5287
99.2683
96.6734
96.4863
99.0174
97.2227
96.4758
96.7924
96.7873
98.5558
99.9767
96.9882
99.6211
96.5093
98.9336
99.628
97.0991
99.0854
98.335
96.533
98.3264
96.7418
96.6482
98.5125
96.7265
96.8754
96.77
97.1881
98.7036
99.4552
96.3915
96.7761
96.4958
96.7093
97.2903
97.3374
99.628
99.4457
99.1915
97.0751
96.66
96.3698
96.7332
99.0225
96.77
96.5346
