96.9387
99.3734
98.8975
99.0934
99.8792
97.7867
98.3257
99.7791
98.7263
99.4658
98.6061
99.9648
98.0075
98.6219
98.9444
98.9687
98.1229
98.2032
98.6987
99.9744
98.1959
99.5907
99.3543
98.0914
99.6058
99.4414
99.7455
99.395
98.1873
98.2186
98.4867
98.3484
98.8139
98.4142
98.0033
99.776
99.599
99.5723
97.9162
98.1819
98.0312
99.9329
98.0753
98.2536
99.485
98.7459
98.1361
99.742
99.4661
99.8884
99.2783
99.6312
98.1521
98.2721
97.1155
98.149
98.2447
98.1808
98.204
98.7573
98.7801
99.7301
99.0133
99.7661
99.5601
99.6883
98.1692
99.4059
99.9433
99.5977
98.2434
98.9694
99.5676
98.2319
99.0096
98.6501
96.8639
98.1989
98.169
99.074
98.9912
98.1385
99.4808
99.8592
98.4614
99.2612
98.3112
98.1403
99.2302
99.7595
98.2702
98.1578
99.4739
98.8773
98.031
98.1786
96.8058
99.5109
98.984
99.3526
99.0783
99.3786
98.2347
98.608
98.8657
98.6793
98.1039
98.1432
98.1949
98.5875
98.2038
98.1459
98.1318
99.4873
98.3577
98.027
98.15
98.7939
98.6988
99.5455
99.4168
98.8527
98.0314
99.7712
98.894
99.4878
96.7285
99.8784
98.0532
98.8562
98.9483
98.0595
98.0632
98.1996
98.6687
99.4717
97.8829
99.9524
99.428
99.8293
99.3006
98.8416
99.494
98.068
99.499
99.6332
98.6351
98.1392
98.188
99.5878
97.7494
98.2805
97.0251
99.6729
98.0689
98.0906
99.0854
98.7024
98.0884
98.1293
98.1134
98.4459
99.4785
98.1405
98.2882
99.6413
99.7132
98.765
98.2601
98.0179
98.5242
98.738
99.0162
98.7816
99.8964
98.2097
98.1204
98.0711
98.1425
98.8962
99.9367
98.1597
98.0814
98.227
98.9353
98.8787
98.2518
98.0503
99.6075
99.0221
98.1795
99.4547
99.7496
99.6051
98.1053
98.1233
99.2783
98.8622
98.2631
99.7508
98.1698
98.2984
99.5076
98.6076
99.3451
98.132
98.7598
99.8181
98.1074
98.891
98.1138
99.1017
99.6082
98.1272
98.0192
99.6009
98.1517
97.7389
99.3402
98.2194
99.9756
98.8832
98.1975
99.0372
99.4103
98.8617
98.9181
99.8152
99.5741
97.1649
98.954
98.0649
98.7853
98.741
98.9051
98.7576
98.7348
98.8668
99.527
98.806
98.6798
99.654
98.1175
99.7208
98.7558
99.7097
98.1766
98.8679
98.1693
99.7237
99.4011
98.5875
99.2735
98.8852
99.3673
98.0505
98.1001
98.1216
99.6578
98.9949
98.1401
97.0739
98.0072
98.2865
99.4672
98.8718
99.5128
98.238
99.6532
98.1187
99.5815
98.0634
98.0851
98.1338
99.8765
99.6795
98.2653
98.9807
99.821
99.4212
98.9774
99.8092
99.0996
98.9998
98.2006
98.1706
97.9953
99.0085
99.6321
98.2493
99.4687
98.1877
99.3474
98.9378
99.1707
99.661
98.2206
97.1666
98.9561
98.1721
98.649
98.8827
99.4744
98.0904
98.9055
99.3527
99.5961
99.6974
98.0916
98.9347
98.9368
98.9754
98.3641
99.1971
98.2196
98.699
98.2162
99.6261
99.5032
98.3724
99.236
98.9695
99.0095
98.8642
99.0971
98.74
98.6861
99.5166
98.0995
99.8937
98.1702
98.1241
98.0992
99.3717
97.8085
99.7373
98.6527
99.6332
99.4368
98.0683
97.9509
98.2664
99.6595
98.3258
99.1407
99.0572
98.2296
98.7369
99.5411
98.2137
98.8763
98.6717
98.074
98.8933
98.6213
99.7775
98.1776
98.0931
98.1721
99.7077
99.0139
98.3794
98.8568
99.8026
98.3516
98.1954
99.8745
98.9855
97.961
99.0746
98.985
98.1423
98.2104
99.658
99.626
98.9973
99.7348
98.6931
98.6193
98.5426
99.5204
99.0148
98.0481
98.088
98.1594
98.1632
98.2424
98.9505
98.9251
99.7491
97.9572
98.0448
98.9025
99.4609
98.1313
97.9238
98.8409
98.1858
98.3717
98.3634
98.1122
98.1699
99.4656
98.8801
99.9466
98.7627
98.422
98.0864
98.2593
99.9355
98.1122
98.8184
98.1015
98.6729
96.9863
99.5445
98.1491
98.1488
99.1017
98.3221
98.1189
98.9695
97.9353
96.9056
98.159
98.7503
99.3919
98.202
99.3371
99.2592
99.5149
98.8425
98.9279
98.1645
99.6804
98.7507
99.556
98.0353
98.0623
98.179
98.2776
99.9264
98.957
98.9524
99.6049
99.653
99.4128
98.1185
99.8411
99.7943
98.2124
98.1988
99.4318
97.229
98.9512
98.3473
99.4687
99.7904
98.1588
98.9413
97.9532
98.4052
98.079
98.8682
99.1231
98.9831
98.8087
98.2051
98.864
98.2636
99.5933
98.1014
99.7215
99.0913
98.7393
98.193
99.4097
98.7938
96.6831
99.4581
98.6717
99.6362
99.447
99.0132
99.6794
99.3384
99.3632
99.6143
97.9892
98.1574
97.1524
99.3982
99.3432
99.593
98.9796
99.665
98.6989
98.2099
99.3346
98.9788
98.2729
98.0182
99.4063
98.6441
97.7464
98.7373
99.8499
98.9511
98.0969
99.7312
99.1183
96.6154
99.9545
99.5282
98.2496
98.7865
99.3973
99.2799
98.1435
98.9148
99.8034
98.6696
98.9238
98.7578
98.221
98.171
99.7442
99.6501
99.0595
99.3241
97.9789
98.1689
99.6243
98.2213
98.8726
98.1496
98.0909
98.3688
99.3378
99.6073
99.6182
99.7367
98.5319
99.4758
97.5397
98.126
98.8793
99.8039
98.1658
98.1567
98.6986
99.7339
98.9382
98.0001
98.4604
98.1739
99.6758
99.262
98.6889
99.6899
98.9864
98.1518
99.6028
98.1363
99.7107
99.3427
99.3994
98.0126
98.8694
99.6589
98.6534
99.4202
98.2544
98.3093
98.8675
99.7215
98.3216
96.9955
99.412
99.4925
99.6919
98.9132
98.8424
97.9765
99.6838
99.3943
99.4178
98.0925
97.9962
98.1995
97.5107
97.8838
99.3493
98.9396
98.0728
98.2349
99.2884
98.1174
98.6068
99.6209
99.4661
98.166
98.6515
98.1923
98.8799
99.4232
99.4727
99.9444
98.7732
96.9387
98.0987
98.1158
99.7766
98.656
99.5084
98.675
98.9206
97.7392
99.6639
98.2412
99.375
98.1171
98.1998
98.123
98.7582
98.2312
99.8907
99.7557
99.2706
98.3091
99.0448
98.7139
99.6314
99.5475
97.9475
98.9474
98.3759
99.4305
99.4378
98.6822
98.2648
99.5227
97.962
98.2397
99.2635
98.8278
98.2131
98.7022
99.3112
99.3348
98.3239
99.4284
98.7834
99.7171
99.3298
98.9986
97.9227
98.001
97.8239
98.7756
98.6148
98.3357
99.375
99.4281
99.4026
99.7476
98.1978
99.5557
99.4473
98.8334
98.1916
98.0683
99.8156
99.4687
99.6406
99.657
98.7865
98.4491
98.4763
98.9644
99.8214
98.0998
99.8239
99.6495
99.3689
99.6293
99.8107
97.954
98.9094
98.8956
98.2939
98.179
98.1498
99.4213
98.1578
97.7716
98.099
99.6879
98.2332
99.3717
99.5675
98.8461
99.0233
99.5744
98.9963
99.5831
98.1685
99.3991
98.109
98.1392
99.6803
99.1382
98.2331
98.9213
98.1517
98.6521
98.4696
97.9937
99.033
98.131
99.6106
98.9992
99.5113
98.9209
97.911
98.8596
99.0368
98.0559
98.6013
98.122
98.5273
98.6607
98.9599
98.6301
98.2272
99.638
99.6313
98.8796
98.3683
98.1282
99.7516
97.094
98.2763
99.6533
98.9927
98.7751
98.9111
98.1059
98.0269
99.2428
98.1879
99.33
98.7259
98.3226
98.1413
98.1252
99.0588
99.6676
98.2706
98.3285
98.2951
98.702
98.9177
98.7329
99.5648
98.8097
99.8261
99.6425
98.875
99.9216
98.829
99.5917
98.0952
99.8774
98.7868
98.7617
99.7476
98.4265
98.346
99.3954
99.7646
97.2109
99.4335
98.0637
98.1626
99.3506
99.5712
99.7962
99.393
98.2571
99.4066
99.7929
98.9919
99.3837
98.1002
98.0198
98.1413
99.1743
98.3229
99.0535
99.3425
98.9645
98.3048
99.6649
99.0276
98.838
99.3172
98.2061
98.7042
99.7226
99.174
99.1576
98.978
97.9642
98.3367
98.8164
99.3037
98.3423
98.0042
99.6279
99.4883
99.3456
97.9552
99.8489
99.6133
98.0664
98.2545
98.9276
98.9554
98.6598
98.5357
98.105
98.2537
98.9837
98.0717
99.4347
98.3603
98.1079
99.1919
99.1283
98.0897
98.9462
98.9342
99.8839
98.2678
98.1832
98.0958
97.9775
96.8585
97.0494
99.709
99.9833
98.6624
97.7568
98.724
98.2751
98.8645
99.5687
98.1624
98.1431
98.1952
99.652
99.6653
98.272
98.0817
99.7131
98.2667
98.1754
99.6935
97.7091
98.8456
97.8644
99.4393
99.6017
98.1847
99.4196
98.272
98.1242
99.9016
98.283
99.3667
99.0988
98.2756
99.463
99.0438
98.146
98.9007
99.7396
98.2544
98.1835
98.1765
98.9186
98.1822
99.661
99.0476
97.8014
98.7914
98.2365
98.1257
99.8578
99.3125
99.5176
98.0608
99.4049
98.4399
98.1115
99.0581
98.2387
99.5699
98.9982
99.7851
99.6191
98.1073
98.0386
99.5115
97.1983
98.7443
98.1628
99.6488
98.4875
99.6042
98.5027
99.6957
99.6128
99.5978
99.0384
98.2605
98.2925
98.9848
99.4521
97.9864
98.9191
98.1986
98.9417
98.1791
99.0133
98.9437
98.0628
98.8004
98.89
98.3601
98.5952
99.6367
97.9817
99.6827
99.623
98.3109
98.0611
98.2283
98.1783
99.541
98.7027
98.9324
98.7254
99.8819
98.0723
99.9008
98.0486
98.1506
99.8194
98.9901
99.4038
98.1749
98.0908
99.3632
98.8334
97.9804
99.3183
99.9669
98.7969
98.7537
98.8975
98.2801
99.367
99.5444
98.2369
99.3653
98.7291
99.5001
99.1156
98.2487
98.2166
99.0629
98.6065
99.5003
98.2005
97.9904
97.9754
98.556
98.6935
98.1765
98.0362
99.7288
98.1577
97.9149
99.3522
99.7571
99.6955
97.9864
97.1575
98.9148
98.1792
98.9171
98.6342
98.8379
98.727
97.9056
98.8654
98.0286
98.8527
98.1665
99.9466
99.8626
98.86
99.8043
97.2522
98.6146
99.8422
98.1327
98.1697
98.8677
98.2428
99.7192
98.1036
99.5691
99.7
99.5975
99.4168
98.8753
98.7454
98.3688
98.9141
99.707
99.5893
99.4661
98.3676
97.9645
98.098
98.2078
99.6846
98.1511
99.3873
99.5938
98.1241
98.7685
98.148
99.8402
98.0993
98.1025
99.7181
99.4652
99.3558
99.5009
98.5368
98.4385
99.8677
98.8668
99.4302
99.5354
98.5618
98.2219
99.5555
98.0058
98.6502
98.1597
98.6212
98.1977
99.0509
99.5675
99.461
98.0417
98.2299
99.6912
99.003
98.1751
99.4487
98.0756
98.0992
97.9574
99.4826
99.417
99.4871
98.9862
98.1029
98.0634
97.8663
98.8383
97.18
99.5359
98.0038
99.1163
98.7722
97.9605
99.4936
99.719
98.9549
99.7342
98.1856
99.8238
99.4816
98.7476
98.9863
98.3768
98.2247
98.8367
98.7311
98.6146
99.3905
99.6055
99.7575
98.0973
98.6669
98.0331
98.461
99.9095
99.4588
98.165
98.9099
98.899
98.8973
99.3264
98.154
99.0263
98.3747
99.8458
99.3337
98.7588
99.0756
99.2302
97.908
99.2028
99.5486
99.3213
99.2706
99.3885
98.1573
98.3838
99.6939
97.9839
99.3411
99.7124
99.4777
99.4934
99.3979
99.114
98.1358
99.2954
99.6885
99.7218
98.7965
98.8454
99.3552
98.7916
99.3875
99.6382
98.0957
98.3397
98.3489
99.3599
98.2069
98.2199
99.511
99.4814
99.6966
99.5182
98.0293
98.1615
98.6363
99.5396
98.1484
98.8893
99.7026
98.9599
99.3299
98.1597
98.8298
98.9378
99.2252
99.3838
97.0477
98.1175
98.1821
98.1879
99.7584
98.9122
99.3421
98.2229
99.726
98.9593
98.4685
98.3031
98.0793
98.9567
98.6959
98.0812
98.0852
99.4311
98.9203
99.6346
99.7875
99.8054
97.8474
98.2302
99.6035
98.7295
99.8243
99.7672
99.3091
98.9054
98.8314
98.9945
98.3452
99.4331
98.3472
99.829
98.0645
99.4257
98.6077
99.3326
98.1135
98.2425
98.2169
98.7465
97.8188
98.9074
99.7909
97.8781
99.0614
98.7025
99.4021
98.5595
98.8451
98.4112
98.1524
98.8955
98.7239
99.6042
98.7454
99.8376
98.1867
98.9689
98.0881
99.935
98.7582
99.7621
98.8626
99.4249
98.9861
99.5451
99.6363
96.9101
99.344
98.0427
98.7747
99.3678
98.3686
99.4312
99.4583
98.8078
99.5419
99.3571
99.6586
98.1524
99.2893
98.0701
98.9747
99.3585
98.1871
98.3732
98.1498
98.2384
98.7667
99.3749
99.2744
98.0129
98.183
99.02
99.6489
98.3089
99.5129
98.2016
98.248
98.0986
99.487
98.8908
97.8901
98.1896
98.7059
96.793
98.3327
99.2409
96.9809
99.2881
99.6554
98.2867
98.9413
98.2174
98.6222
98.2708
98.8219
97.8838
98.9883
98.8167
98.8466
99.5042
98.1062
97.9306
98.2345
99.0281
99.3717
98.187
99.2879
98.1058
98.2987
99.2459
98.7085
99.6444
98.352
98.6394
98.4262
99.749
98.938
98.2998
99.6112
98.6157
98.8133
98.1962
99.4771
98.8875
98.1225
98.2367
98.204
98.143
98.2699
98.6138
98.1061
99.6384
98.0491
98.1975
97.9605
98.1827
98.8693
99.452
99.4252
98.0147
98.1407
98.7791
99.6125
98.1855
99.5143
98.2444
98.0832
99.6335
98.8934
99.8117
99.2183
99.878
97.9198
99.0528
99.3532
98.2663
98.1806
98.1964
98.2689
99.6859
98.2282
99.088
98.6695
99.8687
99.6914
98.2205
99.7656
98.4969
98.148
99.3797
99.4804
99.8284
99.3655
98.7681
98.6308
99.5636
98.6442
99.778
99.2856
98.7208
98.7303
99.7368
99.4511
97.9233
98.1869
98.7443
98.1184
98.8959
99.4958
98.134
98.155
99.0272
98.7815
98.1799
99.527
97.5852
98.819
98.0831
97.9104
98.3231
99.9645
98.1996
99.813
98.0205
98.7741
97.209
99.5013
98.1844
98.777
98.175
99.4017
98.3353
98.1234
99.5247
99.7066
98.1428
98.2332
98.2032
98.0235
97.9249
99.008
97.9504
99.356
98.1456
98.2542
99.4164
98.2135
98.1365
98.3765
99.6622
99.3456
98.1017
98.7484
97.5522
99.825
99.6098
99.7639
99.7007
99.3322
99.2295
98.772
98.9448
98.1365
99.9929
98.1678
99.0696
98.7415
99.6518
98.0748
98.6877
98.9406
98.7167
97.1576
98.2413
98.0407
99.4533
98.2546
98.1016
98.2727
99.7146
99.6141
98.9565
98.9836
99.6494
98.1366
99.4665
98.9281
98.8073
99.785
98.9604
99.5947
98.8405
98.1533
99.5138
99.3953
98.2674
98.8723
98.2382
98.897
98.1271
98.2345
97.9916
98.0791
98.1641
99.6203
99.6341
98.295
98.9878
98.7144
99.622
99.9909
98.6191
98.8543
98.0836
98.4131
97.8862
98.1133
99.5684
98.8304
97.9193
98.9501
98.3445
98.2005
98.0967
98.1434
99.7931
98.053
98.2912
98.3721
98.2427
98.8691
98.8743
98.2136
99.6703
98.1256
98.7687
98.8018
99.7126
98.4856
98.3121
99.749
99.5918
98.2718
99.44
98.6453
98.2308
98.2218
98.242
98.6755
99.8234
98.921
99.8089
99.4221
98.1553
98.1027
98.4065
97.9671
99.761
98.4093
99.7612
98.2909
99.353
99.4834
98.2619
98.2237
98.2276
98.5905
98.9056
98.2215
98.7203
96.9016
98.5613
97.9963
98.2349
99.6743
99.496
99.0879
98.0246
99.5584
98.1956
98.3641
97.9966
98.9612
98.178
99.4353
98.1551
99.3853
99.8383
98.7788
98.7251
98.7077
98.2992
98.3427
99.31
98.4563
97.905
99.875
98.18
98.2662
99.4633
98.6928
99.293
98.8477
99.0549
98.2259
98.8272
98.5423
98.2316
97.9189
99.9482
99.835
98.7505
98.7449
98.2636
99.4055
98.6807
98.7916
98.0317
99.3007
99.8324
99.4051
99.527
98.6785
99.4472
99.1172
98.3209
99.9317
98.0988
99.0099
99.0968
99.663
98.7554
98.2977
99.4452
99.4631
98.0943
99.6235
98.8813
98.7718
99.9539
99.4133
99.5975
99.3564
99.1409
99.7123
98.1688
99.2667
99.9283
98.9687
99.2638
99.2943
99.6862
99.358
99.2844
98.9752
99.7773
98.1864
98.0994
99.5355
99.0042
99.8402
98.232
99.676
98.1864
99.766
98.6782
98.0805
98.0717
98.2921
97.7253
99.4373
98.8156
98.8775
98.7301
98.6211
99.7083
99.1872
98.9106
98.1933
99.61
98.1379
98.1773
99.6782
98.7069
99.5302
98.9772
99.0783
99.0221
98.2698
97.9297
99.4273
98.0027
99.3603
97.9215
98.7375
99.5406
98.2208
98.0445
99.7172
99.7225
97.9935
98.0529
97.9107
98.5121
98.6706
98.459
98.0532
98.3124
99.5924
98.8483
98.6643
97.9861
98.9829
99.0264
98.186
98.8802
98.3184
97.9824
98.1921
98.0082
98.0967
98.8858
98.0807
98.8049
98.1211
98.1806
99.0701
98.2287
98.1338
98.459
99.6292
98.2002
98.0766
99.4413
96.9387
98.7085
98.1184
98.2698
99.6611
98.2084
98.0169
99.7219
98.3555
99.452
99.5788
98.8537
98.1892
98.2036
98.1787
99.0206
98.2579
98.8618
98.0712
99.0418
98.245
98.7609
99.6737
99.5781
98.9649
98.152
99.1503
98.1801
99.3529
99.5365
97.8447
97.7955
98.1777
98.269
98.7444
99.3782
98.6176
98.7176
96.924
99.0553
97.917
98.9457
99.8952
99.6134
98.1661
98.9729
99.2458
99.4421
98.1204
98.3033
98.9893
99.3448
97.0694
98.9438
99.5515
99.5917
98.8276
98.2649
97.9744
98.982
98.3116
98.8269
99.2663
98.106
99.3919
99.4395
98.1429
99.6924
98.0082
98.1854
99.3471
98.0256
98.8034
98.1923
98.139
99.6045
98.1759
98.9924
98.6579
98.1556
98.2506
99.8744
98.2536
98.9444
99.737
98.0647
98.1284
98.9932
98.5821
99.4939
98.7833
98.0023
97.9999
99.8648
99.4159
99.2601
98.1269
98.1797
99.9911
99.3547
99.5728
99.4268
98.0458
97.4997
99.0552
98.2936
99.6446
99.8592
98.4433
98.1062
99.5576
98.7708
99.7517
99.0523
97.7193
99.0783
98.0716
97.8752
98.1411
99.3976
98.3861
98.7765
99.2998
98.8934
98.302
98.2336
98.3939
97.1051
99.7073
99.0561
98.1299
99.6637
98.0346
99.4354
98.916
98.389
98.5884
99.4093
98.7777
98.1891
98.8022
99.4285
99.8148
98.0626
99.231
99.3566
99.7548
99.4578
99.7948
99.0287
98.2127
97.9902
98.199
98.6432
99.3327
99.5908
98.2735
99.4967
98.8376
98.0265
98.4884
98.891
98.1156
99.9161
98.1801
99.147
97.9149
98.9487
99.0451
98.0843
98.1939
99.638
99.0583
99.412
99.7626
98.3936
98.6303
98.0861
99.4162
98.1502
98.3192
99.6542
99.5815
98.9964
99.7026
97.0686
99.6315
99.4853
99.6386
98.1862
98.957
98.0886
97.9641
99.5242
98.6531
99.7413
98.1817
98.7204
99.7353
99.6934
99.4151
99.4744
98.7139
98.9268
98.2669
97.9902
98.1549
98.2168
98.2074
98.9898
98.3821
99.54
99.7441
99.7495
98.9512
98.3348
99.4926
98.2465
98.162
98.1693
99.3409
98.4522
99.5555
99.3873
98.8124
99.6572
99.6261
98.1683
98.2232
99.8792
98.9683
98.0301
98.4132
99.6248
98.772
97.9378
99.7094
99.2029
99.6972
99.3416
99.3
98.2129
98.9302
99.0107
98.3359
99.4213
98.3126
98.1226
98.6385
99.4176
99.4035
98.992
98.2864
98.6869
99.4844
99.6839
99.0105
99.3802
98.352
99.4756
98.958
98.9047
99.3145
99.4489
98.6252
98.088
98.069
98.8671
99.0051
99.6602
99.3966
98.577
98.7756
98.9173
98.8003
98.0753
98.0934
97.7787
98.7295
98.6921
98.2483
98.6652
98.9712
99.5054
99.9646
99.8047
98.1116
98.1858
99.4281
99.7104
98.9229
99.6973
98.5553
98.1202
98.7116
97.985
98.8759
99.0464
98.2058
99.3475
98.1481
98.152
99.734
97.0628
99.4147
98.8662
99.6581
99.3137
99.0754
98.0706
98.6249
98.8132
98.0605
98.177
98.1039
99.4679
98.1035
98.3546
98.0816
97.0691
98.1451
98.9831
98.1557
97.9398
98.6894
99.4995
97.2689
99.5643
99.3553
98.1684
98.6854
98.0085
98.6471
99.015
98.0204
99.6331
97.2029
99.6432
99.5707
99.9604
98.7086
99.4201
98.2884
99.5231
99.5541
99.5141
99.5446
98.1269
98.3323
99.2981
98.2509
97.8219
98.843
97.2082
99.5648
99.6671
99.0415
99.0215
99.5075
99.2517
98.214
98.2319
98.1457
98.2403
98.2946
99.4892
99.0016
98.9613
98.0323
99.4241
99.702
98.148
99.0544
99.6293
99.7488
98.6837
98.2445
99.651
99.7764
98.1853
98.6164
98.6481
98.8414
98.1769
97.0726
98.0746
98.0751
99.793
99.6222
99.8999
98.1693
98.1586
98.1767
98.882
98.1016
99.4478
99.3609
99.0121
98.89
98.0852
98.752
99.3905
98.5767
99.3944
97.1216
99.5445
98.9391
98.9792
98.8683
98.2495
98.9251
99.7769
99.44
98.9505
99.3583
98.7476
99.3866
98.9857
99.5954
98.8692
98.2829
99.4684
99.4671
98.1568
99.5609
98.0154
98.2968
97.9561
98.0107
98.1479
98.6635
98.0755
99.6058
99.7644
98.9842
99.4951
98.273
98.7085
99.5062
98.9938
98.9793
98.8886
98.2254
98.913
98.2303
97.3885
98.9524
98.2636
98.0978
99.5839
98.7605
98.619
99.4126
99.0129
98.0791
98.087
99.0489
98.2802
99.4939
98.3345
98.9549
98.6934
99.5358
99.1046
98.6827
98.6987
98.8174
98.3367
98.8032
98.6704
98.6895
98.9681
98.3898
98.9053
98.0426
99.4871
99.3686
98.0745
99.6529
98.2229
99.178
99.8198
98.7128
98.9479
98.0076
98.2993
98.1767
99.6741
98.9393
99.7425
99.1945
99.4253
99.595
97.9776
99.9393
98.8652
98.896
97.9998
98.6922
98.7156
99.6379
98.1206
99.4325
99.6607
99.4025
99.7079
98.8879
98.2093
98.6865
98.2043
98.2897
99.1484
99.5002
98.9785
99.5304
99.6926
98.195
99.012
99.571
98.5809
98.9583
98.1788
98.2934
99.3148
99.4197
98.0433
98.2949
98.1912
99.3278
99.7317
99.9618
98.0763
99.9305
99.3296
99.5721
98.233
99.4915
97.9794
99.8685
99.338
98.9709
98.7249
98.4209
99.7197
99.3793
98.2436
98.7686
99.3489
99.3296
98.9344
99.8215
98.8485
99.7397
99.6241
98.2079
99.4946
99.0169
98.5774
98.2451
98.9724
97.62
98.3071
98.8425
99.2605
99.464
99.4026
98.8784
98.2039
99.4732
98.1158
99.5033
98.1341
98.1778
98.0617
99.3496
99.3691
98.0194
98.1052
98.1813
99.551
97.9482
99.3441
98.9861
98.2558
99.6653
98.6992
99.6995
98.1105
98.7941
99.3503
97.9734
99.9592
99.4826
98.6891
97.9776
98.9206
98.1097
98.0653
98.1289
99.4387
97.801
99.3571
98.205
99.4679
97.9983
99.7409
98.2185
99.0009
98.2983
99.1484
98.3983
98.8882
98.8592
96.9279
98.9076
99.4017
98.1892
98.9786
98.3139
98.278
98.8531
99.3472
97.7334
98.7553
98.7413
98.876
98.3329
98.6982
97.6883
98.2983
99.0747
99.3936
99.6129
98.9252
98.0976
99.0501
98.4316
98.8439
99.4932
98.3463
98.1509
98.2204
99.3911
99.6565
99.3365
98.1058
99.7717
98.1571
98.0329
98.4539
98.0979
99.4004
98.1429
99.7119
98.1455
99.289
99.4328
99.2155
98.7372
97.9848
98.0522
99.5773
99.4629
99.0197
99.6773
99.6326
97.8379
98.0709
98.6214
99.5298
99.1214
99.9317
99.4155
98.0818
98.7307
98.2881
98.1631
98.3112
98.8382
98.4975
98.9178
97.9386
98.7606
98.0933
99.5206
98.3366
98.8288
98.1573
99.8214
99.3542
98.2467
98.2939
98.2506
99.393
98.0036
98.6353
98.6927
98.5236
99.6667
98.7949
98.8317
99.409
97.7994
99.8456
96.9368
98.9383
99.4107
98.3844
98.2308
98.1093
98.1113
98.7163
99.6698
99.4182
99.5731
97.9276
99.6444
98.8334
98.635
98.128
98.0517
97.9521
98.7868
99.7359
99.661
98.1957
99.6693
99.001
98.958
98.6404
96.8554
98.2039
99.5141
99.785
98.1128
98.4901
99.4819
98.082
99.3119
99.6703
99.0185
98.9116
98.7748
99.5699
98.5739
99.2325
98.3035
99.4008
97.1871
99.4651
99.7789
99.6772
99.4944
98.274
98.2588
99.4379
99.4151
99.5504
99.5052
98.1131
99.8132
98.247
99.5531
99.4929
97.8135
99.6439
98.3558
98.223
98.7963
99.4472
98.1405
98.0131
99.639
98.1286
99.3625
99.087
98.6179
98.5563
99.0057
98.9634
98.199
98.9561
99.2067
99.6021
99.345
98.2337
99.5883
98.1657
99.6724
98.0223
98.164
98.8272
98.6339
99.6037
98.1665
98.0448
98.7531
99.8917
98.6706
98.2301
99.1428
98.2525
98.94
98.2805
99.488
98.902
99.0824
98.1768
99.4643
99.7318
96.9606
98.0497
99.0589
99.2679
99.6966
98.2152
98.0827
98.146
99.6176
98.932
99.6009
98.2596
98.3116
99.6807
99.5019
98.1278
99.4863
99.5975
98.8871
98.0599
98.6415
98.3832
98.4387
98.1036
98.1827
98.0341
99.4274
97.8849
98.1738
98.1749
99.7034
98.1688
98.1695
99.8709
98.0448
99.2651
98.316
99.9322
98.682
99.3725
98.5047
98.1461
98.1547
98.6744
99.3488
99.6335
99.8876
98.9877
98.1954
99.0027
98.4172
99.1812
98.2287
98.07
99.3198
99.7419
98.8241
98.2447
98.7234
98.2336
98.9439
99.4225
99.0073
99.7399
99.8902
99.4455
98.2535
98.7425
97.8379
99.157
99.0313
97.9698
98.7644
99.5805
98.8784
99.6943
99.5159
98.2512
98.7776
98.6561
98.3297
99.7269
99.4542
98.739
99.3811
98.7716
98.0563
98.1227
99.545
98.4065
98.2192
99.9337
98.8382
98.0284
98.8289
99.1166
99.0033
98.2025
99.9507
99.6704
99.6732
98.6793
98.3407
98.2188
98.1365
99.6914
99.3932
99.6894
99.6619
99.5648
98.1666
98.1889
98.6179
98.8361
98.1149
99.7907
99.5307
98.8967
98.9554
99.4034
99.3196
99.4422
98.6254
99.3785
99.7344
97.8838
98.3018
99.5776
98.1469
99.3821
98.3024
99.6536
99.9531
99.7689
98.1498
99.0173
98.5719
99.7164
99.3085
99.2338
99.5569
99.3363
99.0222
98.2086
99.5147
98.0441
98.1617
99.6796
99.7494
97.9923
98.0549
99.017
99.7795
99.2627
98.0872
99.8678
98.1692
98.1251
98.3029
98.7745
98.1636
97.1117
98.7678
99.5351
97.9957
98.7492
98.1754
98.073
99.824
98.3516
98.3303
98.2505
99.1574
98.2955
98.0569
99.6673
98.1642
99.5903
99.2393
98.291
98.0499
98.8461
99.8887
98.8449
99.017
99.6276
98.7906
98.6626
97.1324
98.2743
99.0315
98.1017
98.9053
97.7005
99.7138
98.983
98.2806
98.6904
98.0415
98.0117
98.0339
98.8586
98.1754
98.1621
99.5669
98.1935
99.6629
98.2196
98.0766
98.3567
99.7148
99.5543
98.9554
98.8776
98.9342
98.9265
98.9256
98.0192
98.3699
98.6774
98.3023
98.7778
98.2144
99.687
99.7377
98.3373
99.6948
98.7526
99.4266
98.6368
98.352
98.7428
98.2119
99.6645
98.9763
98.3241
99.4916
99.365
99.3301
98.2807
98.7465
97.9946
98.121
98.2174
98.515
98.0366
99.4344
98.7938
98.7405
99.5394
98.087
99.7156
99.6836
98.2813
98.8142
98.7481
96.9868
99.7086
98.1223
98.1598
98.6689
98.7362
98.1308
99.5776
99.6882
99.5112
99.724
99.5114
99.2914
99.1349
98.0458
99.3114
99.8004
99.1423
97.0115
99.6897
99.6996
98.1324
97.9828
98.3466
99.8359
98.2329
98.1434
99.6528
99.0479
98.9842
98.1098
99.0289
98.5918
98.1395
99.632
98.1835
98.7415
98.2269
97.9771
98.0995
98.7337
98.8627
99.6857
98.1992
99.5461
98.0274
99.0042
98.7548
99.4123
99.3982
98.3109
98.7262
99.5849
98.786
99.4893
98.3353
98.0278
98.8158
99.0036
98.1331
98.6464
99.8531
98.109
98.3779
99.6835
99.1794
98.2798
99.3931
99.5554
99.8624
97.9233
99.6435
97.8229
99.5499
98.9393
98.7902
98.9572
99.4964
98.1143
99.3706
99.631
98.863
98.7368
98.0103
98.3152
99.4514
99.6945
99.8663
98.9166
98.9233
99.7607
98.9759
98.0798
98.0766
98.1844
98.2675
98.2899
99.3078
98.2936
98.3601
99.3816
99.0941
99.6483
99.4068
97.8967
98.7519
98.1446
97.9361
99.642
99.0483
98.8043
96.8641
98.1253
99.3487
99.058
98.9907
98.3353
99.4912
99.7126
99.5212
98.9133
98.1052
98.103
98.0428
99.5729
99.4688
98.7906
99.4316
98.7487
98.0862
99.0481
99.527
98.2469
97.1849
99.6931
98.7808
98.1241
99.3731
98.7063
99.0586
98.9891
98.7621
98.2042
98.5928
98.6942
98.0022
98.2124
99.7654
99.5439
99.6581
99.0555
98.1805
98.3073
98.6118
98.1974
98.317
98.1198
98.254
99.0023
99.0446
97.9146
98.2103
99.4982
98.1804
99.0403
99.4274
99.4818
98.2077
98.0363
98.0686
98.1849
98.6565
99.3127
98.255
98.0964
98.2326
98.1479
97.0799
98.8353
98.9824
99.6241
99.274
98.7817
98.9291
99.2576
98.6272
98.0404
99.719
99.5615
99.3527
99.0575
98.1716
99.59
98.2902
98.1697
98.8796
98.6312
99.5708
98.6783
99.483
98.3877
98.1506
98.1589
99.8372
99.9555
99.0027
99.4901
98.2074
98.2334
98.8483
98.8028
98.1884
97.8698
98.1188
98.1825
98.8396
98.559
98.2773
98.6072
99.9523
99.8542
98.8135
98.2656
98.8451
99.6457
99.7945
98.1799
98.1566
99.4283
99.528
98.1009
99.6457
98.065
98.4685
99.613
98.9076
98.5327
98.8959
98.3599
98.7187
98.1309
99.6025
99.5861
98.3494
98.1088
99.689
98.1906
99.587
97.1049
98.1387
99.2893
99.8243
98.1381
98.0754
99.5075
98.2273
99.0286
98.6971
99.023
98.9124
98.3381
98.3578
98.9439
99.6819
98.1859
99.8711
98.1382
98.1265
98.1265
98.2262
98.121
98.2003
98.7229
98.9567
98.2711
97.9947
98.1641
98.897
98.2704
97.8822
98.91
98.0967
98.8531
99.026
99.4743
98.1468
99.7791
98.1536
98.9688
98.8847
98.7286
99.1972
99.4994
98.041
98.8303
99.4215
99.4853
99.5124
99.5841
98.1834
98.2101
98.1993
99.3793
99.435
98.1802
98.8815
98.7619
99.6119
98.4607
99.4123
97.148
98.0697
99.3775
99.0358
99.6581
99.9322
99.3614
98.8483
98.0047
99.0101
99.6824
98.8242
99.2509
98.9326
99.3311
98.1904
99.4102
99.459
99.3316
99.0025
98.2632
98.8087
98.2588
98.1822
99.0378
99.0037
98.8934
99.6553
96.7981
99.5499
99.7842
99.3813
98.9467
99.4557
98.0155
99.9544
99.5031
98.2062
98.8241
98.1986
98.9168
98.1678
98.193
99.0901
98.8197
99.8867
99.5943
99.3987
99.5547
98.1194
97.9008
99.5331
98.0376
98.0877
98.9604
99.4217
99.3357
99.1732
98.6102
98.3125
98.9604
98.8994
98.1136
98.0398
98.2259
99.7005
98.7371
99.6757
98.7601
98.8239
98.9868
98.9894
98.5671
99.7003
99.3412
98.1947
98.8045
99.3564
99.0884
98.8805
99.2839
98.1475
99.6798
98.1448
98.0574
98.7451
99.4288
99.3452
98.2414
98.4734
98.9989
98.8452
98.0939
98.0896
98.8736
98.7517
98.1113
98.9169
98.8595
99.4905
99.7291
98.2741
98.8592
98.182
99.8825
99.4687
99.7557
98.0941
98.655
98.0675
98.1194
98.964
99.8248
98.1758
98.1537
98.9555
99.0983
99.424
98.1764
98.2464
99.8908
99.6143
99.3283
99.3463
98.2006
98.1397
98.9692
98.6209
97.9025
98.0296
99.7834
99.8499
99.0263
99.5002
99.5228
99.1535
99.5105
99.4379
99.1622
98.2131
98.1531
99.8794
98.8212
98.7878
98.6396
97.8349
98.8511
98.8024
97.8636
98.2578
98.9332
99.8175
98.2303
99.8182
99.0253
99.9204
98.3068
99.1647
99.6509
98.115
99.3159
98.8231
98.9079
98.9439
97.9812
98.7011
99.5889
99.4061
99.9278
98.8821
99.1902
98.186
98.2255
99.6991
99.0735
99.6464
98.4957
99.7601
99.2876
98.951
98.7804
96.9561
99.7585
99.9934
99.5691
99.4942
98.1427
98.2746
98.1664
98.0591
98.1849
99.6645
98.216
99.2237
99.3587
98.8674
99.6176
99.7553
98.2183
99.4051
97.9879
99.0078
98.6535
98.9201
98.8465
98.9145
98.1416
98.8595
99.674
99.9495
98.2477
98.247
98.1845
98.9737
99.3551
99.1002
99.8793
99.2658
99.4241
97.8663
98.835
98.8331
97.8191
98.9639
99.7796
99.778
97.9975
98.6214
98.1343
97.16
98.4086
98.8768
99.0328
99.763
98.8911
98.2541
99.5917
98.7093
99.4389
98.7598
98.2072
99.3243
99.0215
99.2942
98.1158
98.7582
98.1593
98.2489
98.1519
98.2154
99.2438
98.142
98.4524
98.7101
98.7566
98.9952
99.7936
99.2735
98.6798
98.2633
99.6389
98.1321
99.6225
99.1335
98.9816
96.9755
99.4553
98.218
98.0652
98.3427
99.4195
99.0089
99.4357
99.6073
99.4099
98.1382
98.3047
99.668
98.1186
98.9262
98.1555
99.8414
99.4318
98.3094
98.1783
99.725
97.7884
98.2436
99.6273
98.3268
98.9564
98.84
98.1016
98.9317
99.4157
98.3498
97.703
98.1402
98.8421
99.757
98.5513
98.2207
99.6502
99.6782
98.6025
99.9142
99.3293
98.7819
98.935
97.8276
99.4794
99.021
99.2496
98.2026
98.8541
97.878
99.3527
99.5328
98.8479
98.2539
99.438
98.6605
98.5952
98.9614
98.6424
98.6582
99.4474
99.0859
98.3665
98.1722
98.144
98.5237
99.5423
99.487
98.1278
99.3296
98.469
98.132
99.3725
99.406
98.0329
99.4266
98.1647
98.9193
98.63
98.176
98.8087
99.4337
98.9245
97.9966
98.9245
98.8313
97.8181
98.1268
98.3789
98.2705
98.2331
98.3374
98.7845
98.9381
98.1694
98.0851
99.4026
99.7221
98.9342
98.3735
99.8626
99.4361
98.9851
97.9887
98.2603
99.6147
99.7965
98.1856
99.2517
98.4083
99.7008
99.6486
97.8998
98.8998
98.1899
99.3647
98.7146
98.1026
99.5212
99.3475
98.0159
97.9883
98.4977
98.6766
98.8568
98.6984
98.0129
99.5565
99.5224
98.3647
98.106
98.1475
98.1771
98.1736
98.2225
98.0633
98.4004
99.3241
98.2913
98.9359
99.6999
98.174
98.9587
99.5677
98.7419
99.0641
98.1526
99.6831
99.0021
99.6709
98.1114
98.273
98.823
99.3581
98.9081
98.205
98.1451
98.7835
99.5749
99.0178
99.114
99.7074
98.9155
99.5891
98.1374
98.9145
99.0107
96.8151
99.9513
99.63
99.6413
98.1163
98.7158
98.2102
98.7228
98.0899
99.6987
98.8986
99.5402
98.7185
99.511
98.8421
98.9804
99.8708
98.8999
98.1131
99.8032
98.9545
98.0547
99.5576
98.9316
99.6397
99.3943
98.9174
99.4897
98.1661
98.0413
98.2925
99.313
98.1372
98.1681
98.3014
98.068
98.1868
98.7126
96.9997
99.8405
99.1691
99.2877
99.7597
98.7184
98.0561
98.3245
98.1814
97.7417
98.6571
98.6902
98.6555
97.8639
97.9774
98.1811
98.9738
99.7875
98.8174
98.3246
98.5467
98.0896
99.6443
98.6546
99.4187
98.0758
99.4298
98.406
98.7565
99.7521
98.17
98.8207
99.7487
99.6621
99.7106
98.2681
98.255
98.9153
99.4538
99.6194
98.1942
99.8109
98.114
98.7252
99.176
98.1273
99.3367
98.7153
98.8899
99.6414
98.424
99.7198
99.5449
99.6868
99.4231
97.9555
99.5525
98.07
98.9072
99.5321
99.4591
99.1092
99.6684
99.4095
98.6416
99.7348
99.4477
99.9244
98.1661
98.0619
98.4653
99.2322
98.0637
99.7681
97.8822
98.8589
98.5582
99.7696
98.691
98.159
98.2021
98.9775
99.5931
98.7111
99.7426
99.5362
98.1378
99.3648
98.1331
97.8918
98.124
98.3567
98.685
98.4469
99.6203
99.6549
99.6039
98.7863
97.9837
98.134
98.5706
98.9117
98.1648
98.8557
98.1251
98.2686
98.1463
99.704
99.3625
98.9472
98.1916
98.7401
98.0675
98.7937
99.458
98.0516
99.1644
99.603
98.1848
98.2876
98.9212
98.0121
99.988
98.3505
97.9961
98.1615
98.9792
98.1464
99.0483
98.9591
98.846
99.4863
98.1112
98.4734
99.6953
99.6825
98.9787
99.3978
99.9678
99.4406
99.4919
98.9501
99.0616
99.6262
99.4778
98.2506
99.8701
98.5551
98.7712
98.6092
99.5879
99.1092
99.3422
98.8346
99.4264
98.6249
98.0798
98.1157
98.3398
99.9174
99.6838
98.921
99.0843
97.8103
98.1561
98.8931
99.3365
99.8441
98.2513
99.4534
99.4628
98.8758
98.1534
99.5914
98.2819
99.5786
98.0361
99.3781
98.242
99.4114
98.5791
98.7388
98.2309
99.5946
99.5773
98.5663
99.8685
99.0706
98.7368
98.623
99.928
98.9561
98.1849
97.9104
97.9696
99.733
98.0684
99.024
98.7225
99.5273
97.93
98.0283
98.904
98.1984
98.9555
99.4515
98.8297
97.1562
99.3899
99.7907
98.1065
99.5901
98.2128
98.2071
98.9052
98.9928
98.2789
99.4222
98.8504
99.928
99.6425
97.951
99.0649
99.661
99.6291
99.9132
97.9194
98.3064
97.7975
98.1795
99.5226
99.7264
98.2538
98.0158
99.7463
98.6753
99.0224
98.1246
99.8152
99.7878
99.1017
97.1052
99.6107
98.1785
98.1532
99.2833
99.5921
98.0601
98.9446
99.3735
98.6909
99.4485
99.5271
98.3462
98.8383
98.1439
97.9742
98.7693
99.0668
98.125
99.6397
97.9219
98.6311
98.1476
98.129
99.7264
98.0794
98.2404
98.8493
97.9229
99.9874
98.1736
98.6821
99.5725
98.0155
99.5136
98.4268
98.9097
98.7989
98.2531
98.2148
98.9424
98.7166
97.9826
98.4158
98.1205
99.0792
98.6017
99.5293
98.024
97.7563
99.9233
99.0213
98.0525
98.9679
99.1037
98.3139
98.9606
98.1193
97.2365
98.1533
99.888
98.1889
99.4092
98.1175
98.52
99.3545
98.6744
98.8668
99.6809
99.7433
98.9858
99.0852
99.1209
98.2975
98.1464
98.7473
99.9127
99.681
98.8842
98.9283
97.8498
98.5554
99.4506
99.6583
98.1832
99.7613
98.1394
98.8838
98.8815
98.3027
99.792
99.4731
98.1556
98.1221
98.3363
99.7752
98.0293
97.2747
98.9213
98.8877
99.6893
98.7061
99.5497
99.1089
98.8118
98.2336
99.8463
99.0139
98.2481
98.0574
98.1451
99.6789
98.193
99.6928
99.4636
99.0775
98.1643
99.0132
98.1526
98.8739
98.0948
99.4301
98.0804
98.1905
99.4242
98.1824
98.0315
99.6855
98.1869
99.3516
98.1942
98.0747
99.7474
98.1876
99.5272
99.9539
97.8509
98.12
98.8117
98.2853
98.2619
97.9209
98.1533
99.5785
98.0802
98.8218
99.6144
99.352
98.1621
98.9944
97.1371
99.3567
99.4949
99.9756
98.2825
98.7064
98.4565
98.186
99.5789
99.0916
98.0094
98.8229
98.0997
97.9853
98.4089
98.21
99.3534
98.09
98.2861
98.241
99.7517
99.7665
98.9405
98.7089
98.0985
98.2397
98.2021
97.9959
98.8617
99.372
99.3815
99.4828
98.2038
98.8167
99.5564
99.6045
99.5851
98.2736
99.3568
99.6696
99.808
98.7205
99.7038
99.64
98.0125
98.0868
98.2276
99.4062
98.7238
99.5265
98.928
98.1857
98.3162
99.0092
98.1622
97.9666
98.9064
98.3462
99.6192
99.5386
99.3821
99.5245
98.2006
98.0189
98.1535
98.866
99.4033
98.9523
99.3724
99.1575
98.9865
98.9968
98.004
98.9262
98.3463
99.5502
98.6549
98.7441
98.2267
98.1101
98.1194
98.2856
99.0678
99.4316
98.9511
98.7991
98.2735
98.7706
98.2203
99.72
99.4475
99.4193
98.6121
98.1265
98.6136
99.3146
97.1113
98.217
97.794
99.7064
99.2603
98.6979
97.9366
97.0896
98.7681
98.2391
98.2268
99.5995
98.0146
99.8172
98.0978
98.6959
99.6943
98.1263
98.6122
98.0361
98.354
99.4113
99.6794
98.0765
98.3869
98.2971
98.6732
98.0232
98.2155
98.917
98.7324
98.682
99.6202
98.764
98.0256
97.9452
98.7586
98.7682
98.7054
98.7898
98.6803
98.9049
98.0082
97.7035
98.8267
99.8792
99.3146
99.9479
99.9513
98.5959
99.1711
97.1151
98.1622
98.9843
99.9127
99.4587
99.7555
98.5895
99.3957
98.7798
99.5853
99.9602
99.6706
99.1577
98.8335
98.2424
99.6435
98.9402
98.1158
99.5184
98.1588
98.1122
98.2606
98.2419
99.0264
97.9629
98.2195
99.5018
98.576
98.7097
98.8628
98.2632
98.1125
99.5514
98.1812
98.0132
99.4396
98.5967
99.0638
98.601
99.5445
98.9519
98.0274
99.374
99.4851
98.8845
99.1133
99.7742
98.2635
99.4628
99.4711
98.216
99.0411
98.0808
98.8871
98.0682
98.0988
99.0338
98.1178
98.2998
97.9566
99.5572
98.8651
99.1392
98.9472
98.1624
98.9073
98.643
98.1712
98.7294
98.7126
99.6894
98.0235
98.4154
99.4649
99.0222
98.7627
98.0003
99.5768
97.9851
97.9506
99.3159
99.3685
99.711
98.6586
98.1209
97.0673
99.5636
99.4736
99.388
98.9409
99.3958
99.5139
98.7127
98.6565
98.2561
99.5147
99.7489
98.8133
98.3793
98.1459
99.8533
98.216
98.2508
98.7736
98.2326
99.2845
98.8609
98.1714
98.2114
98.9495
98.2271
97.9626
96.9174
98.1424
98.2508
98.9168
99.0294
98.6721
98.2381
98.5514
99.7191
97.9003
99.0319
98.8312
98.9706
99.49
98.7703
99.3547
98.1434
98.0937
98.2523
99.559
97.9599
98.1717
98.7682
99.426
98.9013
99.2914
99.3912
99.9464
98.2181
98.226
98.2622
97.1082
99.5701
98.8951
98.6683
99.385
99.0851
98.7514
99.4023
99.0347
98.764
99.6241
99.3973
99.7965
97.1972
98.1419
98.9814
98.1925
99.7164
99.0567
98.8876
98.8753
99.7727
98.0966
99.8144
99.105
99.5946
98.2224
98.924
99.729
98.9806
99.4711
98.8648
98.0411
98.6122
98.6907
97.5374
97.0394
98.1913
98.283
98.2558
99.448
99.36
98.2711
99.1995
98.7803
98.932
98.3896
99.3228
98.2124
99.3991
99.4584
99.3098
98.0406
98.9952
99.7764
99.765
99.1422
99.3905
98.4019
98.3849
98.8257
98.3422
98.8936
99.3755
98.1396
98.0555
98.0423
98.8788
98.9986
98.8878
99.0696
99.725
99.3692
98.2239
98.4027
98.2158
98.4742
97.9674
99.4724
98.1111
99.5698
98.4915
98.613
98.2024
99.5401
98.1415
99.5515
98.3491
98.3512
99.6504
99.8333
98.0303
99.3324
97.2257
98.2483
98.0629
98.6945
99.4857
99.4225
98.2316
98.1649
99.4721
98.8744
98.0168
98.9538
98.0438
99.662
98.969
98.0937
98.3955
98.2502
99.7554
99.8326
99.3559
98.6551
99.4687
98.1825
99.2159
99.3499
99.6797
98.9627
98.9969
98.6068
98.7926
99.4641
99.5715
97.6745
98.3302
99.8163
99.6496
99.5906
98.6032
99.4034
99.5931
98.913
99.44
99.0153
99.7808
98.7723
98.2383
99.6807
99.1046
98.7673
98.5024
99.8133
98.4369
98.781
98.1492
98
99.5543
98.1252
99.2578
98.1203
97.8669
98.7146
99.0234
96.8639
97.9203
98.52
99.6924
98.1518
98.2098
98.9729
98.3733
98.9594
98.8723
99.074
98.8175
98.5969
99.0062
99.7132
99.3393
98.9036
98.4866
99.7514
99.9315
97.7614
99.4841
98.2578
97.9958
98.829
99.7774
99.412
98.9285
98.9626
99.0781
98.8837
99.4421
98.8591
98.9146
99.6741
98.1859
98.6652
99.6382
99.3811
98.2493
98.7033
98.3032
97.1504
99.0556
98.5915
98.0037
98.1457
99.7796
99.3527
99.3624
99.6744
98.8845
97.9331
99.2569
98.0715
99.7367
98.9587
99.4362
98.0747
99.5162
98.0881
99.7512
99.5107
98.7952
99.6757
98.949
99.8144
99.3799
98.2033
98.8134
98.0069
99.5129
98.2059
99.6933
99.6749
98.5805
99.6035
98.1161
98.117
98.7484
99.698
98.8546
99.477
98.6322
99.302
98.2615
99.6724
98.8597
99.6002
98.1407
97.6773
99.7787
98.8367
99.7939
98.1153
99.0011
97.9826
98.2738
98.8009
98.1106
99.7299
99.4805
98.1547
98.952
98.0548
98.126
99.6604
98.6397
98.3032
98.7612
97.8874
98.1364
98.9208
98.2038
97.9895
98.1733
98.7819
97.9412
98.137
98.7288
98.7313
98.1946
98.363
98.1577
98.0971
98.0782
99.0171
99.738
98.1441
98.1945
98.1294
98.6689
99.4254
99.5755
98.1598
98.175
99.1922
98.2007
98.9706
98.108
99.5398
99.6643
98.0036
98.1485
97.8331
98.7701
99.8256
98.5123
98.1206
98.7823
98.9976
99.4245
98.9206
98.6945
98.9292
98.7525
99.5253
98.9406
98.3323
99.5621
98.0303
98.1512
98.9847
99.7041
99.2612
98.1893
99.3471
98.3135
98.3628
98.1561
99.3935
99.7588
98.7666
98.2426
98.9809
99.6937
98.7645
99.9184
99.3745
98.7339
98.9002
99.8253
99.3987
98.1816
99.226
99.3559
98.8543
98.6933
98.3369
99.2273
99.4766
98.5022
98.9449
98.7417
99.5585
98.1145
99.4567
98.8158
99.0159
98.8145
98.9908
98.6348
99.0043
99.5857
99.4538
98.1436
99.5847
98.0621
99.5603
98.8968
99.6318
98.0279
99.6542
98.6969
99.0481
98.3106
98.1629
98.2631
98.7661
99.3712
98.1966
99.0181
98.1957
99.6001
98.9693
99.4949
98.886
99.0282
98.9592
99.07
98.7084
99.3931
98.9229
99.4757
98.9658
98.1762
98.2393
98.8546
99.7549
98.7675
98.155
98.5387
97.8914
99.3464
99.4863
98.103
99.8405
98.191
98.9025
98.7524
98.2436
98.0033
98.196
98.9667
98.936
98.3654
99.7961
98.8199
97.2283
98.8668
99.6195
98.903
98.8106
99.3412
99.6864
99.3499
99.4106
99.616
98.971
98.8565
98.0923
98.2687
99.7301
98.3353
98.7443
98.2246
97.2802
98.0095
98.8259
99.8624
98.1337
98.2214
99.406
98.1383
98.0899
98.1049
98.7717
98.1838
98.8839
98.8032
98.992
98.8141
99.4888
99.0352
98.5663
98.5999
98.8194
98.9465
98.8986
98.9856
98.1845
98.4535
98.585
98.1622
98.1001
99.5326
98.1122
99.5354
99.4409
99.5086
98.7153
99.352
98.0707
98.2192
98.1132
98.2171
98.1351
99.8939
98.0551
99.6607
98.1062
98.1301
98.0977
99.7208
97.9031
99.4074
98.1511
98.1334
99.8646
98.1208
99.5411
98.181
99.4137
98.0078
99.1442
99.4606
98.6388
98.7497
98.2271
98.3548
98.0733
98.0937
99.4334
98.1404
98.1172
98.8466
99.0335
99.7387
98.1768
98.0357
98.0021
98.3711
99.6552
99.4668
99.3998
98.1493
99.0026
99.4295
98.25
99.5087
98.1565
99.4506
98.0793
99.6505
98.8953
98.8539
99.6186
98.3701
98.8524
99.9645
97.9943
98.7185
98.5905
98.2735
98.8473
97.9408
99.6656
98.1502
98.2436
97.906
99.7547
98.051
99.4757
98.2369
99.3843
99.0263
97.8797
98.1954
98.142
98.1549
99.5445
99.4801
98.0772
99.4744
98.2024
98.7205
98.1714
98.9062
98.7703
98.1486
99.6445
98.3731
98.2698
99.1172
98.3183
98.984
98.8628
98.8789
99.6862
98.3403
98.1544
98.9831
98.6868
99.4129
99.0382
99.0371
98.9061
99.5635
98.1859
99.709
99.668
98.9578
97.8806
98.0144
99.2792
99.3788
99.3046
98.3091
98.7663
99.6721
98.7318
99.4426
99.0003
98.1611
98.8475
99.8784
98.2464
98.0146
99.3968
98.1478
98.889
98.1615
98.7569
99.9432
98.6671
99.8387
98.7801
99.6619
99.4659
99.4058
98.0848
99.4913
99.9526
98.424
99.5267
98.1429
98.0961
98.6197
99.3894
97.9973
98.6761
97.8514
98.105
98.9229
98.8887
98.6214
99.5956
98.8884
98.94
98.0847
97.9787
99.4524
99.4364
98.1736
99.7172
98.3676
98.2748
98.2416
99.4038
98.9934
98.942
98.3012
98.0303
99.3998
98.7204
98.2042
99.5342
98.8221
99.5731
99.1717
99.1219
99.4237
98.9585
98.3949
98.1087
99.8237
98.1535
98.9945
98.1232
98.0233
98.9639
98.1513
97.9566
99.6508
98.156
98.2387
99.6617
99.3558
98.7352
98.2722
98.9521
99.4573
98.4633
99.5073
98.107
98.6502
98.8041
99.6566
99.3997
99.4491
99.4197
98.1912
99.0391
99.7384
99.6692
99.3259
98.2725
98.1002
98.089
99.0095
98.6861
99.7028
99.711
99.6701
98.5792
98.3434
98.612
98.2042
99.0331
98.2366
98.2445
98.8123
99.8459
98.9604
99.3102
99.354
98.8816
98.9832
98.1753
98.0681
98.1774
98.1997
99.6486
99.4534
98.6896
98.1687
98.998
98.823
99.3567
98.271
98.3347
98.0274
99.1838
99.6975
99.8351
98.7492
98.7427
99.6229
98.0799
98.6032
98.6013
97.9046
98.1413
99.7012
98.1857
98.9974
98.0932
98.9081
99.807
98.0999
98.8705
98.54
98.1257
97.6514
99.7862
98.8414
98.0665
98.1201
98.2152
99.5685
99.7133
98.0871
97.6847
99.5446
98.3361
98.9934
98.2078
99.3613
99.0437
98.25
99.5864
98.7487
98.936
98.242
99.5968
98.6418
98.7025
98.825
98.908
98.2964
98.7436
99.4532
99.119
98.2033
98.1368
99.8908
98.9727
98.1469
98.7849
99.0678
98.1072
98.9749
99.6264
98.1624
98.9407
97.8676
96.7837
98.0505
98.1402
99.4456
99.0245
98.8954
98.1622
98.5755
98.3844
98.6396
99.4053
99.4464
99.4785
98.5439
98.3195
97.8028
99.3586
98.045
98.1513
98.145
98.2245
96.7477
98.5964
97.3324
98.5791
99.4295
99.3195
98.3847
99.6964
99.5815
97.9521
98.6927
99.7171
99.6018
98.9
99.7243
99.0206
98.1628
99.8236
98.895
98.8217
98.9928
98.2137
98.1744
97.9675
99.4855
98.767
97.8503
99.5851
98.1419
98.2222
98.6969
98.823
99.3404
98.1684
97.1053
98.5564
99.5569
98.3711
97.6595
98.0884
99.8013
98.814
98.7484
98.3205
99.7489
98.0948
98.2519
99.3464
98.2368
98.8948
98.6385
99.8816
98.8932
99.0092
99.4882
99.6155
96.9779
98.7473
99.168
99.0129
99.7113
99.0746
98.1057
99.7189
98.088
99.4672
99.4505
99.4772
99.8298
99.8541
99.4496
98.288
98.0535
98.0315
98.9932
99.853
97.9863
99.493
99.9127
97.9739
99.5179
98.2213
98.6752
98.2508
98.3141
99.6108
97.1033
98.6458
99.814
99.3767
97.8871
98.2082
98.2326
99.7473
98.0332
98.0472
98.0578
99.7219
99.5686
99.3912
98.8914
99.3969
99.6104
99.5394
98.1807
98.576
98.1937
98.9574
99.0141
99.6187
98.0834
99.0444
97.9386
97.8752
98.1522
98.866
98.731
98.1729
99.0582
98.1812
98.7808
96.9454
98.3264
99.3561
99.39
98.949
99.4084
99.4435
99.5455
98.0583
97.987
98.7926
98.2187
99.3172
97.9346
99.5925
99.5607
99.7725
98.1961
98.094
99.8482
98.2207
98.2048
99.3102
99.8828
98.8948
99.2877
97.9091
98.9921
99.5212
99.3788
99.4217
99.5938
98.1807
97.5931
98.7476
98.1253
98.8895
98.2237
98.9846
99.4837
99.16
98.1839
98.4638
99.7005
98.9575
99.687
98.2071
99.6214
98.1926
98.0818
98.9316
98.2647
98.2132
98.8396
99.1324
99.6944
99.6505
98.1427
99.6565
98.0977
99.5788
98.823
98.2775
99.353
99.6677
98.7315
99.6722
98.263
99.4242
99.0052
96.8759
98.9423
98.825
99.6295
98.2508
98.0584
98.7746
98.6857
99.3563
98.6599
99.0413
99.6323
98.1231
99.5167
98.7561
96.9271
98.2982
99.376
98.0643
98.1274
98.8336
98.2345
98.1982
98.2558
98.758
99.3252
99.6624
98.2626
99.4683
99.63
98.2309
99.6615
99.0358
98.2513
99.0134
99.6891
98.2287
99.0391
98.1752
99.559
99.5637
99.7637
99.634
99.4816
98.0212
98.5156
99.55
98.3484
99.6674
98.1524
99.6067
99.4811
99.6754
98.2561
99.7331
99.8678
99.7087
99.0264
97.9285
97.8958
99.5421
98.177
99.566
98.3599
99.4944
98.0623
98.0116
98.9741
98.6793
98.067
98.2406
98.8412
98.4986
98.1091
98.6884
99.813
98.9127
98.104
98.8864
98.5098
98.6236
99.6617
98.1854
98.2385
98.1859
99.0618
98.9107
99.5845
98.6285
98.9596
98.779
99.6166
97.9387
99.1901
99.5897
98.1565
99.3751
99.7841
98.8959
98.8286
99.0894
98.3324
98.8702
99.4652
98.6328
99.9833
99.0612
98.9363
99.5076
98.1643
99.749
97.0184
97.8827
99.0591
98.1638
99.7381
99.3579
98.9964
98.7554
99.9516
99.1148
98.7946
98.2071
99.3893
98.1265
99.2077
99.7677
99.8712
97.9945
98.0561
99.7697
98.1524
99.4668
98.9322
99.07
99.333
97.1206
97.0866
99.7994
97.9409
98.206
97.1518
99.6406
98.9116
98.5883
98.1241
98.2153
97.7028
98.1515
99.1669
99.8037
99.7562
98.3838
99.1366
97.9397
98.9875
98.2314
98.2107
99.6417
98.2756
99.39
99.7301
98.2045
98.1229
99.1095
97.0799
98.1195
97.8892
99.235
99.7618
99.5298
98.321
98.1077
98.9497
99.6192
98.1359
99.3788
98.606
97.8549
98.6929
99.422
98.8111
99.6041
98.6958
98.5135
98.2155
98.8828
99.656
99.639
99.3666
98.7698
99.3688
99.5149
99.667
99.3031
99.6058
99.6157
98.1486
99.6091
98.3584
99.4619
98.384
98.1446
98.2121
98.8096
99.7686
98.8722
99.0006
98.2113
99.0567
99.7029
98.0243
99.7972
97.9623
98.7639
99.1928
99.4754
98.9221
98.0113
98.9403
99.7668
98.1843
98.261
98.9482
98.0631
97.9939
97.9496
98.0408
99.8071
98.5133
99.18
98.3022
99.4086
99.9469
98.2916
98.0133
99.5725
99.5852
99.114
98.1705
98.8648
98.6079
98.2585
98.0121
99.5979
99.3602
99.1829
98.2636
99.9257
99.0519
99.3698
99.0042
99.5755
98.1282
98.7248
98.342
99.3303
98.1045
98.9954
98.1175
99.4254
98.897
98.1677
98.5684
98.7968
99.7168
98.823
99.791
99.5981
98.0629
98.1968
99.8627
98.0773
99.7661
98.6685
99.7222
98.2165
98.2493
99.7093
98.8542
98.924
98.9308
98.7713
99.6464
98.0812
99.5854
98.6343
98.8756
98.1855
98.7657
98.585
99.4509
99.6172
99.6319
99.7019
98.3594
99.6525
98.0605
98.7081
98.8917
99.5555
98.1883
99.6299
98.9488
99.4723
99.61
99.3362
98.176
98.2358
98.481
99.4619
99.2736
99.3968
98.8536
96.7837
99.4778
97.9216
99.9736
98.1738
98.002
98.9848
98.8859
99.4145
99.672
99.7419
97.9966
97.0733
98.6937
98.4027
98.6643
98.3249
98.9612
98.2065
98.0519
98.0949
98.1176
97.8307
98.8952
98.0276
99.2636
99.7641
99.7337
99.3309
99.722
98.0026
99.1335
98.1096
99.3855
99.738
98.6833
99.7251
99.8918
99.9907
99.0143
97.9743
98.9097
99.3804
99.3866
99.5442
98.8784
98.1253
98.0798
98.1758
99.7205
98.1914
99.4082
99.5815
99.4697
99.3993
98.0906
98.2501
98.1146
98.0935
98.9425
98.003
98.2097
98.2234
98.8441
98.9049
97.7918
99.7296
97.9683
97.9957
99.3308
99.5014
97.738
98.1551
99.8984
98.9207
99.0158
97.9814
98.3876
99.1525
98.605
99.682
97.8958
99.4514
97.007
99.4469
98.746
98.16
98.1547
99.4231
98.3317
98.6416
99.5077
98.0391
98.7543
99.7268
98.7617
99.3753
98.8547
98.0908
99.5681
98.2436
98.1258
99.3324
98.1081
98.9106
98.0106
98.4949
99.7588
99.7013
98.6105
98.0022
97.9881
99.5773
99.4259
98.6735
99.3576
98.0758
98.1729
99.5927
99.4453
98.8764
98.3047
99.6706
99.6845
98.2221
98.2308
98.1448
98.1254
98.7282
98.2909
98.7462
99.5208
99.414
98.1229
99.8066
98.9284
99.9594
97.1395
99.5911
97.2214
99.7576
99.7116
98.1997
99.6361
99.4539
99.1439
98.1046
99.2776
98.1253
98.0382
98.1804
98.9612
97.6568
98.1585
99.5964
98.8565
99.6728
98.7967
99.9437
99.556
99.0842
99.3758
98.771
97.7935
99.6194
98.3033
97.9868
98.3036
99.9647
99.3417
98.7479
98.1276
98.9946
98.0443
98.164
98.2262
97.1962
99.0107
99.8028
98.7026
98.8503
99.5325
98.9688
98.904
98.1636
99.387
98.928
98.1975
99.594
98.1819
98.163
98.6854
99.5205
99.6622
98.2827
98.073
98.9432
98.1859
98.6013
99.4729
99.3356
98.1478
99.7387
98.2409
99.3975
98.8373
98.8667
98.6954
98.0556
98.1309
99.5975
98.7779
98.4193
99.3661
98.1751
98.1334
99.0618
99.6909
98.3666
98.5915
99.8053
99.4087
99.4291
98.0379
98.8363
99.9568
98.1807
98.9569
98.2506
98.2241
98.1917
99.4007
98.9536
98.6605
99.4128
99.9844
98.9574
99.5293
99.6976
96.9332
98.9507
98.1116
98.3776
98.9707
99.6832
99.3746
98.3778
98.8575
99.6156
99.9641
98.8413
99.356
98.1516
98.7149
98.2781
98.1805
98.3867
98.5018
98.3444
99.0766
97.9371
98.0853
98.557
98.3418
98.1259
99.6696
98.1734
98.6515
97.9188
98.0668
99.7563
98.2956
99.4939
99.07
98.3153
98.1009
98.7903
98.2623
98.4369
98.2252
98.8787
98.5218
99.4785
99.1277
98.8804
98.5669
98.6418
98.0858
98.8073
99.4253
98.6637
98.9439
99.7362
98.1609
99.292
99.6759
99.9788
99.2846
98.649
98.7316
98.6891
98.1581
99.6145
97.9655
99.8683
98.9479
98.2184
98.5575
97.1357
98.212
98.381
99.7678
98.5816
99.5247
99.6923
99.7221
97.9667
99.5172
98.18
97.7261
99.4089
98.298
98.6193
99.9311
99.3885
99.4075
98.6997
99.4843
97.1935
98.6962
99.5182
99.682
98.7919
98.5465
98.091
99.7288
98.8589
97.8434
99.3625
98.7626
99.5668
97.7005
98.8998
98.1097
98.7882
98.824
98.0365
98.9081
98.9502
98.9668
99.4857
98.7006
99.4483
98.207
99.8669
98.2581
98.2142
99.8102
99.7571
99.4593
98.0601
99.7524
99.4651
99.1302
98.686
99.384
99.8124
98.9357
98.0411
98.9325
98.8397
99.0077
99.7073
99.7285
97.2458
99.6824
99.6616
98.188
99.3313
96.7942
98.0041
98.0976
99.466
99.5235
97.8669
98.2957
99.5045
98.0962
99.6037
97.9513
97.6191
98.1954
98.865
99.4392
98.7227
98.9812
98.2614
99.5793
99.5995
98.7801
99.4662
97.9896
99.5034
98.2623
98.2511
98.0611
98.7337
98.3166
97.8477
98.2244
98.9694
98.6941
98.1878
97.9679
98.1229
98.3686
98.2205
99.312
98.1222
98.2009
97.9997
98.1592
98.2269
98.1746
99.3517
99.544
98.1983
98.766
99.5152
98.3214
98.1018
98.1827
98.8782
99.8448
99.5523
99.6348
98.1192
98.975
98.3602
99.4077
99.3937
98.2495
99.3558
98.1146
98.1035
99.4551
97.0237
98.9293
99.6996
99.8828
99.5037
98.9937
98.1353
99.3172
98.1053
98.1036
98.736
99.8665
98.7452
98.7779
98.7051
98.1533
99.2255
99.6416
98.1479
98.9416
99.4187
98.1753
98.2092
99.3811
98.9727
98.775
99.6082
98.093
98.0622
99.7971
98.8959
98.7591
97.103
98.1368
98.8464
98.6978
98.8107
98.1222
98.0244
97.0455
99.7418
99.6793
98.7345
98.3839
98.1308
99.4808
98.1031
98.1889
99.3251
98.171
99.7171
98.234
98.0363
99.9048
98.3111
98.4078
98.0424
99.6146
98.0927
99.9963
99.5907
98.8934
99.7571
99.4496
98.3668
98.9615
99.165
99.3938
99.324
98.1599
98.1475
98.1576
98.2326
98.6577
98.9928
98.8003
99.8604
98.2356
99.4326
98.0842
98.9635
99.4625
99.084
98.177
98.2068
99.0309
99.953
99.469
98.7532
97.9283
98.1355
99.6191
98.9069
98.5144
98.1639
98.966
98.3478
98.6964
98.0892
98.9561
98.2882
99.5196
98.7198
98.6314
99.0125
99.3633
99.5689
99.7584
99.5805
99.8585
99.7753
99.7943
98.7329
99.6674
98.6969
99.4975
98.8936
98.7299
99.6362
98.7804
98.2506
99.7248
99.2625
98.1057
98.9954
99.5796
98.2556
98.8006
98.4027
99.5671
98.1963
98.2087
99.6431
99.4771
99.354
98.2721
99.4729
99.4376
97.9916
99.7025
99.6406
98.2196
99.5966
98.6236
98.3398
98.6576
99.4575
99.902
98.8944
97.9926
98.0302
98.1488
99.105
98.1666
98.9092
98.7866
99.4503
97.2295
99.369
98.9751
98.2409
97.923
98.0171
98.7684
99.4951
98.1451
98.199
99.0069
99.0126
99.3636
99.1096
97.9272
98.2459
98.0667
98.7747
98.9609
98.14
99.303
98.3216
98.2436
98.7961
99.9307
99.7272
98.2979
98.1672
98.1449
98.9554
99.9052
99.4217
98.0827
99.0168
99.5552
99.0113
99.6671
99.3717
99.8706
99.2333
98.1217
99.4455
99.9135
99.0756
99.8402
98.3327
98.8899
98.1692
99.4772
98.1099
99.3577
98.4155
98.7067
99.5419
99.9669
99.0723
99.7543
98.8691
99.594
99.1158
98.1508
98.2303
98.7562
99.6361
98.1577
99.3831
98.903
98.6134
99.09
99.5206
98.1487
98.2143
99.3926
98.7174
98.8039
99.5446
97.6876
98.2146
98.2229
99.6039
99.5848
99.4155
98.065
99.1824
99.6657
99.0211
99.4203
98.1236
98.5545
99.7753
99.7479
98.6408
99.4973
99.8008
99.2899
98.2056
99.584
99.6827
98.8069
98.9088
99.3175
98.0585
98.2643
99.7862
99.8165
98.6572
98.0826
98.7962
99.4363
98.9081
99.4393
99.0037
97.9488
98.2448
98.9465
99.3138
98.9171
98.8795
99.674
99.3693
98.1156
98.3745
98.5276
98.1041
98.806
99.4887
98.6462
99.3993
99.2517
98.2478
99.6757
99.7475
98.557
98.1296
99.5104
99.618
98.0917
99.0709
99.6379
98.1445
98.9286
98.0814
99.4833
98.1513
99.8085
98.7969
99.353
98.3803
99.3456
98.9178
98.1768
98.783
98.1858
97.2915
99.6676
98.0347
98.2182
97.8863
98.8794
98.3129
98.0463
99.5882
99.4255
98.9055
99.3544
99.6518
99.6395
98.0032
98.3104
97.9939
99.6403
99.7119
99.3648
98.8469
98.9373
99.397
99.7517
98.3423
98.9377
98.6253
99.892
99.6874
99.9358
99.6657
98.7886
98.2585
98.1926
99.603
98.1699
98.6222
99.5421
99.6376
98.3037
98.4667
99.3982
97.9723
98.9566
98.2243
98.6922
98.2323
98.0651
99.3
99.5015
98.1584
96.9271
99.5012
98.9372
98.1724
99.878
98.1662
99.7167
99.3551
99.5034
98.6458
97.9898
97.9241
98.0784
98.1797
98.9071
97.0701
98.0786
99.6851
98.5777
99.5603
98.1729
98.1491
98.6999
98.3055
99.6693
98.9847
99.5027
99.6109
98.8179
99.6744
97.8492
98.1149
98.162
98.1393
98.3768
99.5483
98.1032
98.0463
99.5966
98.8983
98.8792
97.1335
98.9367
98.104
98.2373
97.8691
98.8806
99.7606
98.1756
98.8726
98.3712
99.9515
99.4199
99.8666
99.7231
98.1659
98.1455
98.7631
99.8407
98.6565
98.907
98.1294
99.6272
98.8326
98.3074
99.6453
98.2708
98.0303
99.4147
98.8933
98.2717
99.687
98.9686
98.2638
99.6662
98.8173
99.968
99.0461
99.6627
98.1821
98.2401
99.8592
99.3313
98.1119
98.5854
99.6534
99.9271
98.3854
99.3698
99.8021
99.0282
98.2618
98.8414
98.7971
99.0945
99.4432
98.1755
97.9716
98.0106
99.2673
99.0582
98.9642
98.0574
98.9905
98.67
99.6791
99.3991
99.6028
98.31
98.1052
98.9086
98.6818
98.2618
99.6492
98.3017
98.1921
98.6662
99.2718
98.9456
98.9429
98.0478
98.1479
98.1337
97.9509
97.964
98.2249
99.0466
98.9318
98.7919
99.9868
98.869
99.5644
98.9905
99.4736
99.39
99.402
99.357
99.5962
98.9775
98.1518
99.6143
98.2553
98.0609
97.9594
98.4975
98.0763
99.2752
99.2908
98.7035
98.9257
98.2873
98.6509
99.6285
96.8371
98.0443
98.2344
99.742
99.1139
98.9429
99.6761
99.5432
99.6362
98.3245
99.6824
99.335
98.069
99.2733
98.2379
98.1868
97.9842
98.2896
98.7197
99.253
98.824
98.8208
98.6835
99.3031
98.7471
98.0542
99.8648
99.3818
98.1623
98.2138
98.6546
99.3733
98.6402
97.896
98.7473
99.3968
98.8801
99.6444
99.0566
99.0386
98.0551
97.9781
98.0281
98.2469
98.7551
98.1416
98.6427
98.9257
98.0703
99.578
98.86
98.9855
98.8649
98.7148
99.6009
98.8003
98.8761
99.4007
97.0106
98.7758
99.4046
98.1548
99.316
97.1804
98.7545
98.7942
99.6509
99.5394
99.4897
98.0835
99.7028
98.7332
99.4656
99.3871
98.0348
99.4103
98.76
98.1509
98.8276
98.1151
99.3545
98.5811
98.1174
99.3352
99.734
98.1448
99.9391
99.6141
99.5141
99.4853
97.7253
99.3847
98.048
98.8039
98.1495
98.9331
98.17
99.3719
98.7208
98.3015
98.6509
98.9343
98.1481
99.3495
98.0332
98.2189
98.2171
99.721
99.765
98.0831
98.9829
98.2434
98.6801
99.324
98.9614
98.1001
98.1677
99.463
99.8286
97.1506
99.4938
99.4266
99.6548
98.2285
99.9524
99.4705
98.612
98.615
99.6818
98.2749
98.7187
98.8822
99.8458
99.7327
99.9508
98.994
98.0428
97.9952
98.0831
98.0975
99.7538
97.0332
99.7426
98.2078
97.9748
98.7827
98.1556
98.7023
99.4463
98.0591
97.9389
99.6751
98.34
98.0944
99.3007
99.6928
98.6396
97.6116
97.2294
99.9366
98.0797
99.5874
98.1156
98.1823
98.0328
97.8788
98.7658
99.7594
99.3823
99.7021
99.5719
99.7407
98.9937
97.1011
99.8438
98.3912
98.1515
98.7632
97.0739
98.0378
97.0904
99.6563
98.3998
98.1685
98.898
99.0568
99.527
98.3033
98.8871
99.1135
98.1818
99.6842
98.4297
99.6864
99.2458
97.1524
99.6282
99.7418
98.7857
97.8413
96.9545
98.1356
99.9881
98.977
98.0789
98.1971
97.9024
98.8623
99.7521
99.4875
98.1552
98.7699
98.9261
98.1806
98.8685
98.9219
98.9148
99.4552
99.5159
98.859
98.2117
98.7397
97.9716
99.0161
98.1073
98.8488
99.8917
99.401
98.7798
98.0141
98.9611
98.0517
99.7992
98.2722
98.9553
99.8083
98.151
99.8942
99.6981
98.958
99.0729
98.6381
98.0577
99.6792
98.1995
99.357
98.054
98.1576
98.2038
99.3745
99.7541
97.8502
98.2865
98.9986
98.6534
99.6605
98.6585
98.94
98.2324
98.0999
99.9871
98.1563
98.2102
97.6336
99.7839
97.951
98.7864
99.6044
98.74
97.9822
98.1986
98.8854
98.9921
99.7077
98.0078
99.1439
99.0567
99.0401
99.4148
98.173
98.8283
99.5165
98.6006
98.1143
99.749
99.0148
99.036
99.5797
99.3498
98.142
99.5365
98.9075
98.0536
99.4924
99.3014
99.8717
97.6524
99.6973
97.9907
99.6738
98.2368
98.6423
99.4668
99.7609
98.2026
99.0787
99.3939
99.305
98.0803
98.9508
98.8915
99.6836
99.7758
99.5037
98.6855
98.8925
98.1867
99.8215
98.1405
98.2055
99.7106
98.8853
98.1334
98.2387
97.8865
98.1703
99.3753
99.0164
97.9935
98.9349
99.0393
98.231
98.9185
99.5693
98.7198
98.142
99.7219
98.0866
98.7706
98.8713
97.1078
99.4353
98.2268
98.6629
98.7202
99.0333
98.2039
98.7261
98.79
98.4835
99.083
99.8384
99.4452
99.3357
98.2243
98.7595
98.1936
98.2531
98.2262
99.0401
99.281
99.4375
97.9797
98.1722
98.8649
98.6264
99.0027
99.318
98.3779
99.3064
99.6016
99.7367
99.5169
98.2381
98.8117
98.9305
98.6591
98.2132
98.9091
98.1018
99.473
99.9337
99.63
99.394
98.791
98.8915
98.7516
98.6919
98.1803
99.6947
98.9702
99.5799
98.8086
98.7992
99.1319
99.7773
98.2643
98.7344
98.1528
98.2645
99.2492
98.1219
99.3619
98.6537
99.4116
98.0292
98.3861
98.7093
98.8449
98.9053
99.1217
98.2091
98.2847
99.0871
98.2268
99.4915
98.3934
99.0575
99.4606
99.6848
98.2862
98.7396
99.4689
98.0525
99.4371
98.2026
98.6961
98.0262
98.0572
98.8885
98.7587
98.0521
98.9727
99.766
99.0048
99.6268
99.3312
99.3397
98.8921
98.8446
98.8184
97.9273
98.8701
99.905
99.1322
99.4222
99.6734
98.0092
98.3096
98.4083
98.2522
98.6449
98.8827
98.2429
98.2022
98.336
98.8731
98.4955
99.5016
98.0346
98.2783
99.7257
98.8985
98.6937
98.3721
99.4673
99.7527
99.4241
99.9528
99.4074
98.9508
98.0603
98.1338
99.4092
98.1097
98.8037
99.3654
99.0114
99.6879
99.6887
99.4444
98.1783
98.2193
98.9558
98.7508
97.7859
99.858
98.2242
99.2485
98.7104
99.6978
99.7875
98.678
98.9362
99.7022
98.834
98.02
98.7982
99.4389
98.7101
98.0109
98.1897
98.005
98.0549
99.5106
98.4433
99.7697
98.6375
98.2396
98.7594
99.1205
99.0536
97.9305
98.0137
98.1457
98.1094
98.1283
98.0652
98.1625
98.9635
98.8873
97.9161
98.2688
99.7805
99.6228
98.292
98.2324
99.427
99.7008
99.7387
99.2007
98.2583
98.2385
99.7882
98.3213
98.1446
99.3972
98.2259
99.5351
99.3611
99.8251
99.0743
98.0843
99.4102
99.4064
98.314
99.4103
99.9308
98.7809
98.7648
98.2329
99.2621
99.7585
98.9031
97.8865
98.7743
98.5857
97.0871
98.7193
99.0546
98.1681
99.306
98.0057
99.6671
99.5662
98.1768
98.1813
98.1043
98.8167
98.9695
99.7568
98.1899
98.7186
98.2159
99.575
98.4539
99.524
98.7431
99.0501
98.917
99.6171
98.8958
98.7169
98.5134
98.1586
99.5699
99.6866
98.1296
98.2865
99.0292
98.818
98.1559
99.7626
99.5011
99.3793
99.3773
99.8943
98.1797
99.5085
98.894
98.0764
99.1599
98.868
99.7029
98.54
99.0232
99.5331
98.9459
98.2236
97.9742
98.9708
98.2069
99.7953
98.8876
98.2525
99.7701
98.94
98.0516
99.5895
98.7154
98.1654
99.5592
97.9524
99.5933
98.3061
99.5077
98.8588
99.512
99.5626
98.0342
99.4646
97.9195
98.831
98.6857
99.8109
96.907
99.0029
98.1911
97.9265
99.7175
98.9231
98.0589
99.2292
98.1795
98.9404
98.1902
99.315
99.6612
98.0024
98.9403
98.7349
98.8367
97.9097
99.5316
97.0468
99.6496
98.0987
98.7104
98.8003
99.42
98.2323
98.8736
99.4128
98.4277
98.0958
98.7836
99.4093
98.2288
98.2303
98.9044
98.0588
97.833
98.3921
99.2715
98.1221
99.5973
98.2447
99.4455
99.4294
99.6663
98.6702
97.0569
98.0929
98.1151
99.0965
98.2966
98.0137
99.0635
99.3536
99.1066
99.4388
99.6419
98.7265
97.094
99.4191
98.7215
98.7965
98.826
98.7939
97.998
98.238
98.6404
99.8784
99.527
98.7158
98.1927
99.3151
99.2381
98.9613
99.0286
99.4873
98.2
98.0308
99.4539
98.1874
98.0795
99.5172
98.2045
99.2417
98.2147
99.7618
98.093
98.9778
98.7184
99.873
99.6692
98.1196
98.7823
99.6128
98.8137
99.5843
98.8148
99.0043
98.7227
98.259
99.0128
98.6953
98.095
99.1176
99.4329
98.6885
98.2545
98.5217
98.7117
99.504
98.954
98.1525
98.8795
98.3654
99.5995
99.7773
99.3655
98.0213
99.4894
99.2843
98.2114
98.1284
99.6684
98.6958
98.7208
99.8151
99.7341
98.2124
98.0722
99.8441
99.5553
98.2001
98.6601
99.3514
98.8338
98.17
98.1481
99.3617
99.69
99.6318
98.1746
98.7782
98.0552
99.5282
99.3622
99.861
97.9868
98.1359
98.321
98.2536
98.942
99.738
99.6293
98.1855
98.1371
99.7698
98.7824
98.3367
98.216
98.35
98.005
99.599
98.2341
98.6766
98.9325
98.9166
99.422
99.3994
98.065
99.564
99.7893
99.6883
98.5684
98.0239
98.1801
99.9045
98.435
98.9079
98.0917
98.1309
98.2719
98.9237
98.3376
99.5865
98.1243
99.6747
98.8626
99.7143
99.3514
98.726
97.9187
98.0984
99.3503
98.2702
99.0416
97.5153
98.0933
99.3804
99.9022
98.2276
99.0734
98.546
98.1779
98.066
98.3793
98.2592
99.1219
98.06
98.1844
99.6703
98.0816
98.2272
98.2363
99.3527
98.2564
98.9253
98.1477
99.5706
99.7777
99.8531
98.1452
98.3619
98.0254
98.3894
98.0773
97.7392
99.4863
98.7846
99.561
99.3044
98.7074
98.159
98.1637
96.8828
98.3839
98.0809
99.4118
99.667
99.5006
99.4509
98.1357
98.6616
99.3814
98.1628
98.163
98.3056
99.3631
97.8144
99.3973
98.3206
98.1003
98.2317
99.0863
99.5426
98.3269
99.4631
98.2242
99.3539
98.8399
99.713
99.5403
98.3357
98.8375
97.9629
98.4238
98.8975
98.8802
98.1151
98.738
98.1057
99.8557
99.4662
99.5809
98.6306
99.0872
98.9015
99.7514
98.1808
98.1829
99.689
99.3518
99.8026
99.6439
98.1862
98.8763
98.1432
98.0842
98.3166
99.2556
98.3491
98.2922
98.9617
99.694
97.9876
99.7066
98.9168
98.1654
98.5824
98.6783
98.6891
98.8014
99.7117
99.0614
98.5052
99.7007
99.4578
98.2046
98.2196
99.6457
98.0795
99.8657
99.4263
99.655
99.1381
98.5668
99.62
97.9264
98.3424
98.9624
99.4608
98.84
99.7497
98.9914
99.8103
99.4861
98.8348
98.7486
99.3648
99.3921
98.1883
98.5194
97.9521
99.989
98.1907
98.0988
99.4447
98.2528
99.3407
97.0519
99.8337
99.5639
98.1591
98.2152
97.8387
97.913
98.64
98.2975
99.7325
99.4056
99.684
97.9444
98.0643
99.2625
99.2831
98.9025
97.9116
98.3758
99.2561
97.9051
99.8074
99.6164
99.525
98.5081
98.1727
98.1016
99.815
96.8987
99.4192
98.0003
97.1537
99.4415
99.1666
98.2189
98.9439
98.1051
97.9959
98.7576
98.9634
98.0163
98.3973
98.0378
99.2917
99.4031
98.7781
98.0997
98.2128
99.576
99.3746
98.2644
99.7665
98.9806
98.2595
99.8025
98.2663
97.1267
98.851
98.1372
99.1059
98.7403
98.678
98.2729
98.9055
98.9249
98.9533
98.9624
97.9723
97.9233
97.9342
98.9637
99.2945
96.8138
99.3801
98.2743
99.1135
97.949
98.1743
98.1316
98.9974
98.9899
99.5303
99.0435
98.8341
99.2311
98.1752
98.7904
98.1567
98.0835
98.5538
98.7148
98.3652
98.319
98.6462
99.4608
98.1572
98.3174
99.3945
98.6646
98.2715
98.7835
99.6481
99.0401
99.6104
99.5217
99.4764
99.4303
98.939
98.4339
98.2865
98.2856
99.3185
98.0294
99.4405
98.6269
99.588
99.8242
98.3694
99.6559
99.3526
98.9088
98.0109
98.1464
97.0704
98.1032
98.9982
98.6464
98.2141
99.305
98.0091
98.7401
98.9402
99.6775
99.798
98.7505
99.1096
98.2067
99.9418
99.06
98.0623
99.2474
99.8783
98.0049
98.2097
99.6193
98.1062
99.5913
98.2204
99.7151
99.571
98.3214
99.6203
99.765
98.4853
98.8362
99.8051
98.2127
99.8045
98.7028
99.758
99.402
99.3948
98.5047
98.69
99.6287
98.0261
97.0339
99.4624
98.3205
99.4777
98.8252
99.7667
99.5366
98.9526
98.1454
98.6767
98.7659
98.1357
99.4343
98.1451
99.455
98.8544
99.3839
97.9422
99.4106
98.6504
98.1133
98.7082
99.6665
98.1505
98.7418
98.8499
99.5467
97.8728
98.8486
97.9645
98.2053
99.8477
99.6397
98.6225
98.5478
99.5462
97.9848
98.0083
98.0522
98.0198
98.2277
98.7609
99.3942
98.7592
98.9529
99.4827
99.3
98.0868
98.698
97.8508
98.6209
98.7028
98.7425
96.9429
99.3388
98.2266
99.7128
98.6273
99.9169
99.7706
98.999
98.9785
98.0078
98.0488
99.5944
98.1858
99.6751
98.7711
98.0599
99.4398
99.7216
98.3049
98.0818
99.6983
98.1099
98.2914
99.3722
98.1971
98.7973
99.4712
98.8855
98.8193
99.5319
99.1712
98.8806
99.7282
98.7719
98.1861
98.1914
99.3132
98.4088
97.8348
98.0082
98.6538
98.1993
97.9503
99.5273
98.1934
99.4221
98.9323
98.1486
99.409
98.835
99.3809
98.5756
99.1752
99.9603
98.9686
98.2436
99.3013
98.8378
99.1159
98.2744
98.92
98.8313
98.3364
99.4437
99.4902
98.4331
99.5447
98.83
98.0244
99.744
99.2633
99.9202
99.4169
97.9085
98.1987
98.024
99.5022
98.6303
98.2499
99.4514
98.6345
97.2202
98.0711
98.9347
98.1869
97.9663
98.0899
98.0848
99.8378
98.9193
98.7851
97.7963
98.2345
98.7824
99.7246
99.0652
98.4082
99.5043
98.5162
99.3913
98.8892
99.5244
99.2007
99.3653
98.4318
98.1451
99.3405
98.4514
99.9122
98.9183
98.1487
99.771
98.1329
98.1413
98.3023
98.1293
98.2901
98.8481
98.0814
99.6506
98.1712
98.8511
99.76
98.1203
98.9422
98.4295
99.6399
99.5225
98.2672
98.2396
98.1444
98.3983
98.2019
97.7922
99.7415
99.3745
98.253
99.5186
98.059
99.4864
98.1805
98.1118
99.6186
99.0125
98.7749
98.7179
99.6743
98.1989
99.4424
99.6566
98.2055
98.079
98.4171
99.4217
99.3269
98.9524
99.5303
99.7359
98.1374
97.2104
99.3972
99.5666
99.4654
98.2923
99.605
99.556
98.1082
99.9626
98.3976
98.1307
97.7963
98.1807
97.9597
98.616
98.8491
98.2058
98.9091
99.7724
97.055
98.6383
99.4556
98.1715
98.9996
99.4817
98.1598
98.3458
98.2387
99.4683
98.3544
99.6437
99.312
98.5299
98.8645
98.194
99.1116
98.8965
99.4007
98.0646
99.7544
98.016
99.6186
99.9885
99.6638
98.1741
98.0815
99.5329
99.3841
98.7566
99.4668
99.6605
99.9643
99.5401
98.1815
98.9335
99.0169
98.8838
98.3262
98.735
99.3545
99.8322
99.4146
99.8021
98.7265
99.456
98.7548
98.6916
98.2175
99.5564
98.1031
99.6537
99.8536
98.0493
98.1833
98.6319
99.2923
99.6543
98.7223
99.2815
98.2528
98.988
98.873
99.0373
99.456
99.6976
98.324
99.5394
98.9757
99.9346
98.1407
99.5264
98.9402
98.1543
99.5336
97.0758
98.0797
98.9688
99.4162
98.9428
99.0804
99.7383
98.362
98.7381
99.031
98.6993
98.9338
99.4544
98.6889
98.6127
98.1081
98.2391
99.9144
99.4853
98.5059
98.1912
98.6471
98.1222
99.683
98.857
97.8027
98.2904
99.2837
99.5477
99.7158
99.0188
98.2013
99.5955
99.2622
99.2217
99.7454
98.091
99.4045
97.7415
98.6716
98.9952
98.3572
97.3218
98.0877
98.4915
99.7432
98.1459
98.2066
98.6114
97.1708
99.7275
98.9071
98.2642
98.0539
98.0071
98.8671
99.2263
97.1603
98.3058
97.9788
98.0434
98.2514
99.1296
99.7539
98.2226
99.0279
98.047
98.8952
98.7927
98.2569
99.3204
99.9393
99.3428
99.3851
98.1183
98.5461
99.7522
99.3872
98.1577
98.6201
98.8657
98.8525
97.617
98.9224
99.6794
99.665
99.6869
98.1672
99.4902
99.6939
98.6891
98.264
99.1843
99.4919
99.3781
98.2541
98.1059
98.172
99.3298
98.0522
97.9489
99.0221
98.576
98.4304
98.7855
98.593
98.5776
99.6929
98.1117
97.9692
99.076
99.2947
97.1018
98.6768
99.5
99.525
98.1845
98.1709
98.5676
97.6831
98.24
97.2296
99.1253
98.7893
98.0923
98.9513
98.9794
98.8306
98.8003
99.4295
99.1479
99.5001
99.7752
98.7517
99.6583
99.5211
98.7183
98.0043
99.5746
98.2155
98.2443
99.3517
99.5085
98.2049
97.1395
97.7408
99.4026
98.8106
99.5874
99.6161
98.9532
98.7369
99.026
98.2684
98.0724
99.6615
98.9212
98.227
99.7449
98.7106
98.0866
98.1773
98.0403
98.1569
98.961
98.069
99.0217
97.9078
99.5519
98.3085
99.6578
98.1099
99.118
98.0023
99.5838
99.3456
99.3547
99.6693
98.0938
98.4173
98.3976
99.4629
98.594
99.7135
97.1438
98.1823
98.2177
98.1488
98.1991
98.2464
97.9703
98.9729
99.801
98.8464
98.2232
98.0492
98.0178
98.0204
98.8129
98.7866
99.7645
98.7042
98.149
98.6477
98.2801
98.6443
98.6117
98.7214
99.3182
98.0672
99.3441
99.2092
98.831
98.1671
98.0844
98.0983
98.1126
99.7564
98.9413
99.4145
98.0913
99.3771
98.4615
98.6565
98.2147
98.2807
98.0613
98.1918
99.0002
99.6267
99.5067
99.451
99.4021
98.5098
98.0468
98.9866
99.5348
98.1444
98.3879
98.6606
98.0781
98.1428
98.9212
98.1755
98.0818
99.5643
98.8035
99.5105
99.0494
98.2094
98.9378
98.8327
97.0642
98.0247
97.9763
98.1521
99.3493
98.8899
98.4916
98.0939
98.3731
99.4085
98.3483
99.6072
99.0667
99.4773
98.7485
99.0202
98.1278
99.0189
98.3463
99.6308
98.3534
99.5947
98.1888
98.6633
98.2477
98.1811
99.5236
98.7588
98.7906
99.4686
99.7906
98.7259
98.9471
99.2423
96.7883
98.1891
99.0286
99.6307
99.576
98.7545
98.2779
98.02
99.2098
98.0836
98.0532
98.1807
98.9727
99.5419
99.0262
98.1883
98.2917
99.6421
98.0163
97.849
98.0514
96.9371
97.9353
98.1031
98.2261
99.8189
96.8454
99.622
98.2028
98.2022
98.3114
99.8765
98.8351
98.2828
99.5744
99.7632
98.2253
98.2523
97.0941
98.9087
98.0736
99.5862
98.0355
99.3125
99.7034
98.0833
97.8564
98.1502
98.2286
98.6484
99.0267
99.324
98.1491
97.6878
99.9951
98.1089
98.9515
98.9475
99.7383
99.3819
98.2713
98.1821
99.853
97.9978
98.9077
99.0643
98.0625
99.6592
98.307
98.0284
99.4741
98.1128
99.4785
97.9381
99.8168
98.1862
99.4301
99.4137
99.5622
99.9929
99.6782
98.4043
99.2859
99.501
99.7359
99.4182
98.6807
98.059
99.0148
99.5799
98.8576
99.4068
98.2387
99.3574
99.0291
98.9341
98.2226
98.1746
98.1805
99.5246
98.2987
98.931
99.4713
99.79
98.066
99.7863
97.8803
98.9404
98.6193
98.1132
99.4426
98.7894
98.046
98.2142
99.7414
99.9953
98.2732
99.8194
98.1588
98.6328
99.6503
99.3685
98.355
99.4392
99.5705
98.2596
98.9958
98.5901
99.7226
98.6537
98.1172
98.5464
98.2292
98.1523
99.3401
98.1923
98.1965
99.4237
99.7056
98.8814
97.9627
98.6786
98.7789
99.0126
98.3632
97.9676
99.3663
97.9854
99.7203
99.0384
98.4705
98.2963
99.0183
98.0679
98.3154
98.5254
98.063
98.8115
99.5018
96.9101
99.7246
98.6921
98.0418
99.8405
98.755
98.1413
99.6541
98.0175
98.1828
97.7876
98.2276
98.1593
99.5243
98.1256
98.0871
98.348
99.3487
98.3458
98.8392
98.7002
98.0899
99.4568
98.1572
98.2928
98.1967
99.1295
98.2061
98.917
98.0571
99.0662
99.0576
98.2557
98.8528
99.7335
99.588
98.1951
98.2619
98.0287
98.7697
98.8601
99.0358
97.9397
99.6138
99.8054
99.502
97.9923
98.1486
99.3392
98.1638
98.3245
99.2601
99.6772
98.1589
99.4598
98.0646
98.0588
98.3182
99.5039
99.8076
98.2821
98.0145
98.1527
99.6171
99.5504
98.2108
98.8632
98.0764
97.9815
99.3756
98.9865
98.1647
99.2842
97.9377
99.7757
98.2202
98.6188
98.9048
98.2271
98.5935
97.9618
99.0512
98.8438
99.4837
98.7608
98.2039
99.6359
99.4518
99.5101
98.9212
99.9487
98.4275
98.7712
99.757
98.2315
99.0126
99.4854
98.8769
99.562
98.0703
99.3407
98.7416
98.348
98.2736
98.1773
98.1491
98.8167
99.8173
98.0087
98.2612
98.6814
99.8408
99.3565
99.8131
98.5432
98.3377
98.1231
98.9917
98.258
98.0241
99.4568
99.4725
98.9203
98.1865
98.0704
99.8288
99.7729
98.1148
98.1518
99.3241
98.7187
98.2913
99.7974
99.857
98.7964
99.3527
99.3495
97.8361
98.669
98.2069
98.3019
99.9093
98.6682
98.724
99.4745
98.2066
99.8577
97.8316
99.0601
98.6395
99.1518
99.173
98.1034
99.6449
98.0416
98.7674
98.2118
98.0854
98.9866
98.7701
98.1858
99.3004
98.9258
99.6762
98.778
98.871
98.6013
98.7322
99.5995
98.1634
98.9145
99.835
98.7035
99.4343
98.6685
99.4084
98.2123
97.9236
98.3084
99.0253
98.366
98.9402
98.2141
98.2993
98.8873
98.276
99.5004
97.9774
98.9168
98.7967
97.6306
98.1063
98.2694
98.2443
98.9706
99.526
99.4709
98.7756
97.9906
98.3477
98.6645
98.4106
99.4461
99.6799
99.1764
99.6443
99.0528
99.4231
99.4578
97.7699
97.617
98.8081
98.2849
99.347
99.7274
99.3734
99.0123
98.1861
99.6564
99.7948
99.416
98.3233
98.9511
98.0213
99.5555
99.6194
98.3939
99.5547
99.5223
98.6741
98.0733
98.6535
99.3878
99.6732
98.9
98.1736
99.7194
97.8663
98.0955
98.2309
98.9109
98.9938
98.8122
99.2482
99.4825
98.6282
98.6666
98.0603
98.189
98.8374
99.477
98.2304
98.7733
98.2506
98.4018
98.1265
98.6551
98.0022
98.6501
99.9059
98.1678
99.3376
99.8685
98.3924
99.4162
98.0013
98.2996
98.1735
98.1581
98.3088
98.8735
98.1962
99.4552
98.2511
99.847
99.6446
98.2539
99.5144
98.6123
98.5057
98.6062
99.3759
99.4753
99.5395
99.476
99.7674
99.3936
98.2326
99.5429
98.1421
98.0167
98.9225
98.7922
98.1506
99.0073
98.3316
99.7257
99.34
98.576
99.7047
98.1934
99.0114
99.4016
99.3119
98.1258
99.2584
98.964
99.7376
97.946
99.0133
98.0915
98.0978
98.8863
98.7359
98.1104
99.3699
98.2538
97.8945
98.1399
98.1758
98.685
99.04
99.9327
98.1905
98.6834
97.8159
98.3091
98.1257
99.3273
99.4084
99.3128
99.4199
97.9652
99.7944
97.9732
99.8317
97.9629
99.3969
99.0001
99.719
97.5522
97.1754
98.2434
98.2218
97.9085
98.8979
99.3717
99.4354
99.53
98.2303
99.9613
98.8442
98.4036
98.1673
99.7854
99.7006
98.0735
98.0177
99.5561
99.6447
99.3294
98.1566
99.5882
99.381
99.7366
98.9664
99.0956
98.1696
99.4121
99.4686
98.1787
99.2403
99.3251
98.156
98.1491
99.4959
98.8226
99.6193
99.02
99.4555
98.8835
98.0443
99.4945
98.2117
98.1149
98.0319
98.7006
98.1844
98.7639
98.428
99.3871
99.6799
98.7514
98.1055
99.5507
98.0646
99.3843
99.5854
98.19
98.1818
98.382
98.9143
99.9059
98.0004
98.9757
98.4187
97.966
98.0683
99.4052
99.9298
98.3176
99.748
99.3961
98.7788
98.8618
98.7212
99.5055
98.8898
98.2716
99.3626
97.9305
98.2721
98.0317
98.8777
99.6026
98.9148
98.2994
98.9173
98.2779
99.8905
99.2504
98.9021
98.1381
99.1239
99.6893
98.7838
98.6248
99.6307
99.6973
99.038
99.711
98.0476
99.7622
98.0932
99.7494
99.5145
99.3754
99.6437
99.5699
99.411
99.5764
98.1642
98.348
98.3042
98.2879
97.9898
99.5395
98.2963
99.8905
99.5768
99.6379
99.8185
99.3085
98.1505
99.0444
98.1503
99.1679
99.5275
98.2199
98.6605
99.3931
98.1377
99.8774
99.7391
98.8461
99.6134
98.5434
98.6532
98.0321
98.8952
98.0897
99.8536
98.863
98.2865
99.8965
99.3072
99.7516
98.2525
98.1968
98.1786
98.1586
98.8455
98.481
98.8331
98.2078
99.5425
98.3744
99.7078
96.9561
98.8964
98.9884
98.9043
99.2856
99.2897
98.1012
98.2853
99.7696
99.4172
98.0331
98.1476
99.5591
99.7463
98.0714
99.3819
98.6011
98.2038
98.1886
98.2166
98.147
96.7987
99.6386
97.9645
99.3397
99.6095
99.342
99.7091
98.2359
97.8144
97.9874
99.9169
98.1932
99.0486
98.743
98.3646
98.0381
98.6312
99.6446
99.6621
98.1926
98.1765
98.3856
98.8405
98.9195
99.4247
99.293
98.6128
98.3488
98.8587
98.2588
98.1787
98.1838
98.1624
98.8837
98.6349
99.5173
99.6362
99.5472
98.2671
99.0667
99.6918
99.6032
98.8043
98.0936
99.392
98.1815
99.2951
98.6458
98.1924
99.2764
99.8171
99.6183
98.7516
99.3227
99.6962
98.9471
98.2291
98.7931
98.5003
99.6092
98.6876
99.3709
99.3496
99.5707
98.8532
98.1084
98.7965
98.9947
98.6111
98.0441
99.9599
99.0238
98.8882
96.8947
99.6741
99.6252
98.8759
98.0618
99.2066
98.1596
98.0945
98.1648
98.3251
99.8537
98.7395
99.6876
98.1873
99.4619
98.8101
97.9558
99.1
98.8212
98.9702
99.6485
99.0217
98.2986
98.4443
99.3295
98.8607
98.5971
99.511
98.2795
98.9835
97.9997
99.5824
97.9283
98.9527
99.7047
99.3875
99.546
99.4529
98.3381
99.4042
98.7788
99.2717
98.9753
98.4448
98.6521
99.4194
99.8372
98.3362
98.1776
98.0134
99.5322
98.7387
98.9555
98.0639
99.4296
99.1622
98.4548
98.7935
97.2362
99.5828
99.1901
99.3498
99.6677
98.961
98.1081
98.6942
98.8922
98.8449
98.5584
98.8471
98.7834
98.245
99.9509
98.103
98.185
99.8196
98.8792
99.5917
98.9139
98.6604
98.0102
99.6026
98.3498
99.42
99.4189
99.608
99.4735
99.372
99.4968
99.4381
98.9783
99.6338
98.2391
99.4634
99.3938
98.0233
98.7765
98.2065
98.1715
98.3854
98.0639
99.6278
99.0013
99.0418
98.1529
99.4073
99.6718
99.4638
99.5208
99.6324
99.0095
99.7798
98.2193
98.9824
98.1622
99.7303
98.0967
99.408
98.1604
98.2559
98.0642
98.8235
99.7069
99.6613
98.9971
99.1033
99.7327
98.1934
98.6521
98.1832
98.6192
99.4564
98.1924
98.3889
99.3651
99.4023
98.9558
98.104
99.4318
98.8219
98.1315
97.9728
97.8818
99.4537
99.477
99.7914
99.4434
97.1041
97.0711
97.7367
98.3228
99.0386
98.269
98.9534
98.7922
97.9762
98.6721
99.7208
99.657
98.9882
98.0064
99.5659
99.425
99.5084
97.0163
99.7535
99.7118
98.2488
99.3657
98.1851
99.8003
98.0722
98.0556
99.6053
98.8872
98.7749
98.9554
99.038
99.4847
99.5234
99.2471
99.0631
99.1288
98.1076
99.6386
98.0217
97.0291
99.5358
98.2674
98.3272
98.6078
99.4485
99.4405
98.907
98.0142
98.3038
98.1677
99.4208
98.7972
98.0713
99.708
98.1223
98.1729
98.1515
98.9512
98.2145
98.9785
99.9051
98.6836
98.0354
99.7196
99.3736
98.1331
98.711
98.899
99.5513
98.2526
98.6572
99.7621
99.0658
98.3225
99.3635
98.5477
98.0952
99.0683
98.1418
99.3418
99.6391
98.914
99.9682
99.5233
99.2588
98.2269
98.8956
98.4882
98.7221
99.6856
98.7823
98.0853
98.9271
99.3849
99.7174
98.8407
98.2982
99.4605
97.9869
98.9245
98.2563
98.0681
98.0562
98.7129
99.0218
99.8797
99.5597
99.7231
97.9675
98.182
98.088
98.7295
98.5771
99.467
98.1753
98.6886
98.8022
98.368
98.8198
98.1985
99.6576
99.6879
99.4804
99.9277
98.314
98.9172
98.2448
99.7596
99.9665
98.2351
99.0515
98.8479
98.3143
98.0427
99.6581
99.7777
98.3167
99.378
99.959
98.0504
99.7838
98.762
99.2714
98.8241
98.1993
99.0355
98.9372
98.0239
99.84
98.8064
97.7467
98.0983
98.7917
98.8885
98.7454
99.8102
98.3415
99.7474
99.336
98.7474
98.1009
98.2216
98.9224
99.7904
98.96
99.8662
98.7527
98.9684
98.2366
98.0634
98.7835
98.7745
98.4377
99.3839
99.4679
98.2551
98.2643
98.1097
98.1783
99.8073
98.0171
99.9337
98.3092
98.212
99.5295
98.1211
99.6738
99.0679
98.055
99.7748
98.1265
99.0661
99.3278
99.8092
99.7527
97.9415
99.6822
99.4799
98.814
99.7036
99.94
99.5826
97.8089
98.6816
98.9367
98.7017
99.6533
98.1124
99.4593
99.7861
99.0268
97.9947
99.6943
99.3248
96.8746
99.8301
98.9813
98.1181
99.3526
98.2156
98.9527
98.8908
98.2046
99.6991
97.1766
98.6326
98.2607
98.2391
98.1466
98.2286
99.1907
99.0161
98.1645
97.9907
99.3578
99.8608
99.5437
99.3848
99.4533
98.4515
98.1546
98.482
98.8463
98.1581
99.0457
98.9396
98.1398
97.99
99.8774
98.1463
98.1279
97.0401
98.1887
98.9928
98.7158
99.4612
99.4347
99.4415
99.0615
99.0508
97.7763
98.1005
99.314
98.2637
98.2587
98.1813
98.1628
98.7081
98.2499
99.5598
98.2642
99.4404
98.7158
99.4652
98.9041
98.1073
98.0845
99.1079
99.6159
98.21
98.181
99.3951
97.9729
98.9359
98.2345
99.1286
98.84
98.1957
98.4171
99.6736
97.7893
99.3905
98.9215
98.9518
98.287
98.1192
99.3966
98.9439
98.3435
98.3224
99.3123
98.1515
98.0749
99.5147
99.5211
98.7091
98.8669
98.2184
97.944
98.3709
98.6931
98.2284
99.4439
99.5131
98.7941
96.8835
98.9176
99.7622
99.5385
98.308
99.7551
98.6491
98.2512
97.1455
98.0516
98.913
98.4607
99.3937
98.8936
98.8371
98.3298
99.0382
99.0079
98.0453
98.1674
99.5413
98.6988
97.6689
99.2633
99.2943
98.908
99.2094
99.5651
98.951
98.6782
99.3222
98.5984
98.2897
98.7833
99.7694
98.2027
98.2078
98.5604
98.5098
99.8295
97.9776
97.6514
99.1219
98.0648
98.2739
99.3855
99.5536
99.3836
98.8706
98.1081
99.7493
99.5345
99.4995
98.7574
98.199
98.0037
98.1761
99.711
99.1967
99.9437
98.0988
98.1983
98.6702
99.4023
98.666
99.7235
98.8871
98.7308
98.0845
96.9385
98.5667
99.7267
98.9826
98.2253
99.3366
98.946
98.707
97.9367
97.9546
98.8871
98.1319
99.522
99.5111
99.3959
98.1145
98.2037
99.4182
98.1909
98.7772
98.8344
98.2137
97.1281
99.3305
98.6756
99.0998
98.0419
97.316
98.2373
99.4566
98.758
98.2532
99.829
98.4783
98.7454
99.0946
99.8816
98.9917
98.9118
98.1409
98.9158
99.5504
98.0227
98.0465
98.3243
98.4025
99.9265
99.6826
99.6493
99.468
98.8566
98.8327
98.9153
99.4743
98.6333
98.0826
98.1952
98.039
99.4955
99.7021
98.0868
99.7349
98.9247
97.9978
98.6247
99.7454
98.4214
99.1205
98.2878
98.1721
98.1964
98.7913
98.2125
99.4091
98.0913
99.0422
98.3444
98.8568
97.0955
99.5396
99.3845
98.7338
99.4356
99.6108
99.5701
99.0368
98.6204
98.0257
98.3281
99.4739
98.2671
98.5871
99.3682
98.7531
98.0102
98.8162
98.6921
98.199
99.4277
98.5912
98.6777
97.8362
99.5161
98.1087
98.1749
98.6944
98.3121
99.3601
98.8642
98.016
98.3806
98.1637
98.2704
99.0143
99.688
98.2201
98.9359
99.7636
98.8439
98.1908
98.1364
98.231
98.9554
99.4096
98.2302
98.8981
98.7972
99.959
98.892
99.2218
98.0438
98.8948
99.0475
98.0434
98.7142
98.1239
98.6239
97.7957
99.5135
98.6315
99.0742
98.1613
98.3327
97.8289
98.3225
98.0738
98.9812
98.6443
98.037
99.762
98.3179
98.4759
98.6989
97.7777
99.932
97.1121
98.7426
98.9621
99.6513
98.2775
98.9013
99.4088
98.0507
98.1694
98.875
98.1887
99.484
98.587
98.3324
99.0204
99.5901
98.9005
99.5721
98.0773
99.7762
98.9216
99.8236
98.2356
98.9062
97.9453
98.1996
99.718
98.1514
99.6159
99.9024
97.1868
98.0026
99.6655
98.8343
98.7665
99.0918
99.5709
98.6529
99.5149
98.9148
98.5109
98.7687
97.6452
98.2102
98.1272
98.7331
99.724
98.7547
99.5319
99.4617
98.1854
98.0547
98.6744
98.124
98.0845
99.4947
98.1975
98.9993
99.1928
98.3783
99.8833
99.5929
97.9789
99.2478
99.6443
99.8189
99.5594
98.8536
98.1401
98.4138
98.8615
98.9787
98.8562
97.5612
98.1151
98.1378
98.3305
98.1315
98.2982
99.9155
98.1493
98.8361
98.1874
99.9593
98.7684
98.8174
99.6701
98.2087
99.674
99.3951
98.1143
98.2298
98.8617
98.7358
98.1695
98.9513
98.1342
97.2313
99.6114
99.02
98.3078
98.8695
99.0392
98.8817
99.3778
99.7421
98.8876
98.7559
98.3135
98.1334
97.2375
98.9853
99.4473
98.8769
99.0103
98.797
98.0824
98.1645
99.1964
98.1452
98.9668
99.4665
98.1172
98.178
99.7698
98.8106
97.6338
98.5472
98.6031
98.9468
98.2563
99.3393
99.0741
98.2141
99.8889
98.0585
98.2183
98.5923
99.339
98.0678
99.4386
97.9875
99.662
99.6958
99.3901
97.9286
98.6086
96.8369
98.2774
98.0515
99.523
99.3599
97.6289
98.0923
98.9141
98.1134
98.834
98.7364
99.3522
98.7136
99.4882
98.2069
98.078
99.0478
97.9062
98.1755
98.0213
99.3192
97.0747
99.6269
99.2707
99.7246
99.6648
99.6448
97.8767
98.6993
98.1414
98.1523
98.34
98.0835
98.8893
98.7637
98.0292
99.5848
98.8512
98.6747
98.6905
98.9311
98.7622
99.6467
98.0494
98.8477
98.3396
98.8814
99.7706
98.9847
98.2053
99.7805
98.7203
98.9388
99.4433
99.3712
98.1443
98.8495
99.3108
98.0985
99.6034
98.6284
98.1852
99.0706
98.8961
99.5926
98.2963
99.5234
98.2961
99.7143
99.8535
99.7605
99.6731
99.8989
98.2504
98.7087
98.4247
98.8753
98.0747
98.0379
98.6629
98.0021
98.2333
98.9667
99.648
98.1008
98.7558
99.698
99.5623
99.3498
99.4874
98.1812
98.8924
98.2455
99.4277
97.9763
98.9449
98.9111
99.6252
99.0071
98.5702
98.9935
99.1243
99.0399
98.1059
99.4038
98.7823
98.0975
99.4421
99.4984
98.0244
98.3484
98.9956
98.4724
98.8073
98.8128
98.7823
98.7405
98.013
99.3859
98.7386
98.8152
96.9832
98.7983
98.257
99.7707
98.6438
98.7712
98.296
99.6412
98.8931
99.345
98.969
99.4373
98.2599
98.9797
98.191
99.4705
99.7064
98.4464
98.9551
98.3987
99.0663
99.0688
98.9717
99.3147
99.5789
97.9192
98.2161
99.7442
98.8947
98.8659
99.0058
98.117
99.8202
99.6065
99.4379
99.0256
99.3849
98.1133
98.1929
99.7911
98.5227
99.059
98.1975
98.276
98.7925
98.1908
99.3814
98.1171
99.0322
