98.6527
99.2287
98.8162
98.8173
98.2301
98.3916
98.1271
98.225
98.3296
99.6292
99.6205
98.2125
97.9631
98.8801
99.0182
98.2075
99.4326
99.0578
99.0284
98.9992
99.3781
98.9231
99.0874
98.4237
99.6636
98.4973
98.7261
99.1147
99.0891
98.8201
98.3658
98.2723
98.3063
98.9911
98.1334
98.2154
98.7232
98.9569
99.1409
98.5876
98.8203
98.3965
98.8903
99.087
98.891
99.0382
98.2362
99.6676
98.5154
98.7242
99.4341
98.2467
99.0643
98.7321
98.1747
98.8657
98.2517
98.3178
98.4051
98.2745
99.0586
99.0434
99.6223
99.0482
98.1301
98.9844
98.7157
98.4843
99.1114
98.1142
99.5652
98.6842
99.5223
99.1453
98.8411
98.9774
98.1102
98.3225
99.0849
98.8968
98.8823
99.6633
98.8258
98.0775
99.0958
99.1079
99.0511
99.0011
99.038
98.9287
98.2525
98.8342
98.805
99.1823
98.3617
98.6667
99.2683
99.1209
97.9183
98.7268
98.8201
98.6786
99.2618
98.2068
99.1915
99.1227
98.8581
99.7132
98.9671
99.665
98.8908
98.8698
99.0591
98.3739
98.9531
99.3198
98.89
98.3954
98.2588
98.8979
98.3439
98.5788
99.1186
98.8861
99.0339
99.1389
98.4308
98.8544
98.7498
98.322
99.541
98.7399
99.2262
98.6902
98.939
98.1893
99.1527
98.9965
98.2999
99.6308
99.007
99.0889
98.1947
99.0368
98.5911
98.9687
98.9343
98.9146
98.6373
98.0614
98.1128
98.9748
99.1135
99.6
98.0942
98.2213
98.2886
99.0395
98.1367
99.1162
99.5755
99.5125
98.4007
98.2856
99.6609
98.9029
98.6818
98.8452
99.5032
99.0127
98.3907
99.0671
98.1311
99.1374
98.3063
99.9077
99.5701
98.3495
98.6469
99.0319
99.1519
99.8605
99.537
99.0585
99.0186
99.2738
98.388
99.0027
98.9966
99.06
99.6178
98.9085
98.7514
98.9835
98.1677
98.2647
98.7659
99.2289
99.0409
98.859
98.3192
98.9009
98.9232
99.0118
99.5951
99.4464
99.2318
99.1024
99.3451
98.3086
99.0226
98.6251
98.2839
99.0023
99.0182
98.4007
98.8217
99.1023
98.7624
98.8025
99.0916
98.3443
99.107
98.9728
98.6924
98.7201
98.9527
99.0943
98.8365
98.0966
99.0343
98.2742
98.7302
98.9254
98.9529
98.9105
98.965
99.0579
99.092
98.9724
99.4986
98.8726
98.9044
98.8378
98.9615
98.9341
99.4528
99.0607
98.8165
98.3679
99.0641
99.0512
98.8988
99.1754
99.0846
98.8889
99.1115
99.0934
98.7653
98.7627
97.9707
98.9703
99.2276
99.4905
98.1071
98.8035
98.178
99.1162
98.6302
98.664
98.1808
99.189
98.6139
99.6968
99.3583
99.3989
99.0309
99.6579
98.7351
98.7765
99.0159
98.7217
98.8543
99.5655
99.5078
98.8698
99.1443
99.6435
99.0278
99.3513
99.0561
98.387
98.7658
98.7392
99.658
99.0673
98.4041
98.0279
98.8502
99.0823
98.8638
98.9917
96.7117
98.9088
99.1765
99.88
98.9051
98.3357
98.9277
99.7757
98.8942
98.2737
98.8482
98.7909
99.1209
98.9508
98.8197
99.8707
98.9937
98.7462
98.9268
96.8416
99.0829
99.706
99.5749
98.0574
98.7299
98.817
98.8849
98.896
96.7461
99.224
98.6712
99.0162
98.2711
98.9885
99.0083
99.0837
98.7831
98.3947
99.7704
99.1198
98.8092
99.0036
99.0953
98.6718
98.8934
98.5594
98.9797
99.4858
99.0718
98.7661
99.4048
97.1761
98.677
99.594
98.8925
99.1193
99.7125
99.0245
98.8135
99.4965
99.5726
99.0559
98.0937
98.8024
99.0862
99.0231
99.1347
98.9688
98.2442
99.9378
99.1471
98.1807
98.7128
98.8182
98.8824
98.9747
98.9362
98.2805
98.9741
98.0874
99.0094
98.7962
98.2098
98.8282
99.0963
99.4377
99.126
98.9471
98.9555
99.1351
98.2754
98.4736
98.7924
98.3037
98.7412
99.0321
98.376
99.7023
98.951
99.3352
99.7945
99.0749
96.9665
98.8995
98.6983
98.1497
98.3185
99.6707
98.808
98.7525
99.1126
99.0718
98.6579
98.917
98.154
98.7727
99.0642
98.9836
98.9691
96.6739
99.3691
99.5018
99.6759
98.6337
98.6118
98.0153
98.7352
99.0536
99.1643
99.1062
99.2932
99.5251
98.8956
99.1399
99.0397
98.8812
97.98
98.168
99.4652
99.2565
98.2763
99.2589
98.8364
96.6536
98.8304
99.0978
98.3225
98.327
99.0273
99.027
99.1411
99.0166
98.4051
98.9101
98.9428
99.0541
99.0126
99.1334
99.5749
97.1599
99.0398
99.0007
97.9995
99.0281
99.1132
99.1274
99.1985
98.7701
98.7575
99.2042
99.8434
99.0228
98.4044
98.7946
99.1394
98.977
98.7318
97.2025
98.4095
98.7535
98.3632
99.1439
99.7312
98.992
99.1038
98.8689
99.1059
99.0414
99.0856
99.3343
99.1272
99.0401
98.2896
98.178
98.9077
98.5477
99.2178
99.0318
99.5168
99.2541
98.5395
98.2665
97.9343
98.9258
98.4503
99.0602
98.4398
98.0977
98.8
98.9401
99.0259
98.8273
99.0358
99.7292
98.97
98.1715
98.2444
98.7417
98.9045
98.8419
98.6251
98.9795
99.6745
98.5686
99.6833
99.061
99.2238
99.09
99.1373
98.9891
98.9752
99.3217
98.2554
98.6508
99.0431
99.0554
99.0788
98.5183
99.109
98.9167
99.5031
96.8281
97.9421
98.2504
99.0577
98.3731
98.3617
98.3146
98.2153
98.966
98.4865
99.0289
98.0787
98.2939
99.6177
99.0257
98.8507
99.1282
99.1439
98.2048
98.2846
99.0574
98.9882
96.6409
97.923
98.7778
98.9075
98.2545
99.0244
98.8327
98.3384
99.1607
99.3376
98.8949
99.379
99.6057
98.9494
98.9716
99.0803
98.9057
97.9271
98.8295
98.9184
98.7008
97.9877
98.9141
99.1441
98.2875
98.4072
99.1181
99.1883
98.9173
99.0116
98.3114
98.9221
99.4347
99.0758
98.7381
98.9685
98.7808
99.1696
98.9996
99.3707
98.8381
99.0368
99.602
99.1097
99.2409
98.8742
98.5647
99.6936
99.5735
98.9527
99.1459
99.6021
98.3492
98.6147
99.166
98.9824
98.9036
99.1089
98.3335
97.0765
99.0543
98.3559
99.0965
98.9214
98.6359
98.7664
99.1233
98.8961
98.9336
99.1283
99.0256
99.0557
99.4276
99.5293
99.6177
98.781
98.8193
99.1576
98.4845
98.8299
98.8546
98.951
98.3269
98.9678
98.9932
99.0633
98.8173
98.9148
99.0836
99.1626
98.851
98.7721
99.1278
98.1082
99.0198
98.9309
98.3394
99.1035
98.2814
98.7827
98.2898
98.7449
98.7563
98.6579
98.9555
99.189
99.0613
99.0715
99.1082
99.109
98.9808
99.0246
99.3981
99.4619
98.4323
99.5834
96.7514
97.1711
98.6208
98.2484
99.9486
98.9716
99.0007
99.0054
98.9183
99.1182
98.7233
99.5436
98.7326
98.8626
98.0516
98.7154
99.0556
99.6736
99.0448
99.0107
98.6655
99.0654
98.9385
98.2588
97.0249
99.0194
98.8643
98.9849
99.3955
98.7675
99.3172
99.0082
99.0868
98.3324
99.0473
98.1395
98.6797
98.3143
99.0258
99.0272
98.4988
99.5432
98.9086
99.1516
98.7866
99.0648
99.0744
98.8038
98.98
99.0011
99.1369
99.029
98.7177
98.2981
98.9679
99.1673
98.8204
98.2783
98.9036
99.6254
99.158
98.8931
98.8879
99.0277
98.8096
99.3097
99.0392
99.6772
98.6763
98.4097
98.8483
99.1999
98.7632
99.0186
98.4122
99.235
98.7409
99.1586
99.7459
98.9891
97.9593
99.0099
98.038
98.8112
99.0291
99.488
98.6617
98.4052
99.54
99.0747
99.2006
98.9897
98.0395
99.0348
98.9355
98.9292
99.0704
98.5666
98.985
98.9952
99.5565
99.3623
99.019
98.5669
99.0171
98.8327
97.8941
98.757
99.1845
99.0769
98.7179
99.3922
98.8739
98.938
98.9751
98.9754
98.1658
98.8209
98.9862
98.7904
99.06
98.4137
99.0443
99.2423
99.0108
98.8315
99.0603
98.1626
98.9844
98.9487
96.5184
99.4552
98.766
99.1873
98.0939
98.7561
98.3236
98.6752
98.9754
99.1085
99.1437
99.3056
98.6393
99.0339
98.821
98.3947
99.054
97.7699
98.856
99.2095
99.4159
99.2244
98.2298
98.9389
99.8972
99.0893
98.7293
98.3624
99.1486
98.9165
99.0905
98.8193
98.2788
98.151
98.7148
98.9725
99.073
98.0357
98.0088
98.9218
98.8985
98.8294
98.1399
98.797
99.0511
99.1564
99.0324
98.8097
98.43
98.3435
98.4091
98.8798
98.6073
99.1512
98.9762
98.7524
98.6956
98.8754
98.6952
99.2289
99.7854
99.1308
98.8466
99.0473
99.1088
99.1323
98.8278
98.7461
98.9545
99.0566
98.827
98.6091
99.0207
99.25
98.9966
99.086
98.7777
99.6733
98.9122
97.955
99.0284
99.0201
98.8342
98.9381
98.5274
96.7989
99.0423
98.9638
98.2573
98.9373
99.146
99.0129
98.8388
99.0291
98.2402
98.8181
98.6965
96.6947
99.0952
98.9749
98.9536
98.7862
99.058
98.963
99.1953
98.5021
99.1595
99.6442
98.6966
99.0341
98.3793
99.2078
98.9139
98.3749
99.0258
98.1827
98.7756
99.2462
99.0476
98.426
98.2777
99.141
98.9503
97.8994
99.0258
99.7446
99.1119
99.3997
98.3781
99.2323
99.0148
99.0016
98.3392
98.7499
99.5055
98.6364
96.4664
98.1539
98.7666
98.2242
98.8439
96.8383
99.6785
99.6125
98.872
98.9518
99.1622
98.9623
98.3931
99.0809
98.6126
98.4136
99.5526
98.796
99.0297
98.907
98.2601
99.1037
98.9258
99.0014
98.8403
99.6374
99.5307
97.1331
99.4339
99.1724
99.46
99.9167
99.0599
98.7859
99.3282
98.7501
99.6025
99.1431
98.9109
98.9841
99.1029
96.7359
99.0156
97.9832
98.2815
99.0293
98.7557
98.978
98.3623
98.2507
98.0692
99.0394
99.0268
97.5271
99.3343
98.3849
99.6001
98.3634
97.128
98.7303
98.9785
99.0494
98.9322
98.9991
98.7887
99.5622
98.7858
99.0251
98.9271
98.9657
99.1289
98.6307
98.8173
98.2941
99.4289
98.8454
99.1063
98.9711
99.0826
98.6503
97.9681
99.1016
98.1656
99.1234
98.704
98.8828
98.9011
98.2506
98.7757
99.122
98.966
99.1402
98.8489
98.9662
99.365
98.2969
98.2887
98.81
98.0616
98.8886
99.473
98.503
99.0663
98.8008
99.7585
99.3451
99.8737
99.0043
98.2846
99.1448
98.3519
98.4727
99.0547
98.5283
99.4478
98.174
98.6748
99.6486
99.0495
98.6615
99.0519
98.1982
98.6889
98.3874
98.8692
97.0348
99.588
99.0294
98.8202
98.4661
99.0685
98.3953
99.0728
99.5193
97.9079
98.408
99.1509
98.8142
98.5449
98.825
99.242
99.0702
96.6797
98.3852
99.1621
96.4585
98.8365
98.998
99.4472
98.3828
98.1235
98.7694
99.0858
98.9571
98.1397
98.2068
98.3043
99.0524
99.1443
98.8755
98.8813
99.181
99.1001
99.7164
99.1558
98.7189
98.4032
99.0015
99.1349
98.8802
98.0816
99.1359
99.4143
99.4984
98.9873
99.6753
99.0756
98.2251
98.9912
98.1825
98.8751
98.894
99.3302
98.8018
99.0223
98.7711
98.9275
99.2848
99.6576
98.998
98.9667
98.3606
97.9661
98.9411
98.8286
98.7529
99.0865
99.1712
98.9777
99.0816
99.0007
98.2072
99.0107
98.3135
98.671
98.1586
99.0443
99.9423
98.3694
99.0118
99.1483
99.1294
96.493
98.6497
98.2471
99.3899
99.1494
98.917
98.8432
99.0925
98.0368
99.3532
98.9439
96.4695
98.2884
98.4066
98.9713
98.8882
98.9354
98.8452
99.4533
99.0397
99.1001
99.0623
98.3938
99.0429
98.7187
98.0759
99.8805
98.6617
98.8205
99.0529
99.0914
98.2367
98.9714
99.0455
98.6944
99.0423
99.5877
99.1198
98.2344
99.1723
99.0728
98.8223
98.99
98.3484
98.418
98.8903
98.408
99.0881
98.8477
99.5018
98.8213
98.3912
99.0867
99.1477
96.7496
98.7444
99.234
99.6469
98.8993
98.8517
99.0175
99.06
97.1314
96.6728
98.3145
98.2965
98.9715
98.9503
98.919
98.6123
98.234
98.8371
98.8535
99.1218
98.8055
99.0693
98.4124
98.4932
98.9974
99.471
98.7192
99.0753
98.9217
99.0492
99.0581
99.0722
98.9982
99.096
99.0291
98.8429
99.363
99.0964
98.7886
99.0111
98.9588
98.8156
99.1754
98.9808
98.467
99.7208
98.7375
98.7934
99.1675
98.4646
98.9931
99.4924
99.1634
99.0961
99.1001
99.0568
99.0518
98.8591
99.4166
98.9268
98.797
98.7019
99.2413
98.7914
98.7356
99.3732
98.831
98.9008
99.0538
99.0351
98.7997
99.5121
99.1473
99.1641
98.9922
98.2298
99.0093
99.067
98.9644
98.1118
98.9699
98.8121
98.0019
98.9925
99.0192
98.684
99.4349
99.2435
96.9218
99.1181
99.0672
98.969
98.7715
96.8609
96.5937
98.8462
98.9712
99.0644
98.5255
98.2736
98.6065
99.0437
98.962
98.3752
98.4231
98.8468
98.2213
99.9588
98.8765
98.9597
99.5939
99.0691
98.4284
99.0037
98.9629
98.9338
98.9215
98.9371
98.9328
98.8122
98.3257
99.0522
98.661
98.9915
99.135
98.8859
98.971
98.7215
98.7446
99.146
99.0302
99.4894
98.9705
99.0107
98.1333
99.0218
99.0608
99.134
99.0227
99.5241
99.0987
98.2894
99.0824
99.4658
99.7053
99.1107
98.7465
99.2086
99.2599
98.927
98.9826
96.7459
99.3952
99.049
99.3895
98.568
98.7109
99.0781
99.56
99.0865
99.0627
98.2399
98.7776
98.7077
99.1266
97.1118
98.3359
99.5065
98.9943
98.6888
99.3639
98.4254
99.0819
98.9196
99.0841
98.0946
98.051
99.1552
99.1017
99.0275
99.1056
98.1853
98.1551
98.742
99.6242
98.927
99.064
98.8819
99.5095
98.9059
98.4588
99.1045
99.6589
98.3451
99.1736
99.16
98.5806
99.386
99.0185
98.0673
98.139
98.9196
98.725
98.2561
98.7991
99.7154
98.1702
99.0289
99.6102
99.0662
98.328
98.4161
99.0278
99.0768
98.2981
99.115
98.2182
99.2593
98.8822
98.7174
97.8679
98.8801
98.6845
98.2093
99.4382
99.0044
98.0936
99.1325
96.7719
98.2089
99.4603
99.1896
96.6522
98.8595
99.1428
99.35
99.0013
98.9624
98.9546
99.0695
99.031
98.8549
99.0836
98.3657
99.3771
99.1569
98.899
98.7737
99.0532
98.8269
99.2037
99.0386
99.6761
99.0728
99.0318
99.0596
98.8123
98.8722
99.0861
98.3061
98.2733
98.9371
99.121
98.6898
98.9523
99.136
98.9043
99.0769
99.4959
98.8781
98.9867
98.2874
98.8028
98.8235
98.8765
99.0545
99.0118
99.6082
98.9838
99.0014
98.9635
98.8816
99.7111
99.1033
99.517
98.9155
99.0443
99.5674
99.465
99.215
99.6256
98.9988
98.9401
98.6191
98.7662
98.8857
99.2339
99.0944
98.3596
98.7511
98.9464
98.9801
97.8896
99.0069
98.8615
98.7248
98.8739
98.974
99.1159
99.0327
98.8496
98.6225
98.9467
99.5359
99.106
98.4302
98.8294
98.4353
98.7205
99.7029
96.5106
98.3815
99.4811
99.5189
98.9762
98.6695
99.4423
98.3486
98.9289
99.1099
98.9948
98.8053
99.134
99.0995
98.7098
96.9935
99.434
99.0158
99.6922
99.0862
98.8708
98.9367
98.3015
99.0082
98.8191
98.9739
98.397
98.9681
99.9488
98.417
99.0173
99.031
98.9973
99.2453
98.9642
98.6244
99.4426
98.2549
99.4428
98.1127
98.4668
98.9918
98.9834
98.4856
99.2817
97.9487
98.6224
98.4596
98.9911
99.0222
98.2808
99.3929
98.7379
98.9453
98.7592
99.0977
98.1718
98.3946
98.9341
98.7588
99.2626
98.9817
99.0272
98.8505
99.0043
97.0706
98.2185
99.0243
99.0728
98.7427
99.0561
98.708
99.0004
99.0702
99.0214
98.1983
98.9639
98.9985
98.449
99.0495
98.8199
99.3659
98.2338
98.7808
99.106
99.124
98.5995
98.9862
98.7982
98.8917
98.692
98.6232
99.1074
98.3758
99.1078
98.2706
99.1376
99.0235
98.4132
99.1255
98.8853
97.2075
98.9498
98.7044
98.3003
99.0714
98.3745
98.9737
98.8343
98.3274
98.3793
98.7681
98.729
99.1309
98.7853
98.751
99.2946
99.0198
98.678
99.1067
98.3365
99.5099
98.0769
99.0245
98.3724
98.2843
98.7686
98.2864
98.9293
99.0617
98.2227
98.0694
97.0497
99.1644
99.0682
98.2808
99.0177
99.1179
99.1435
99.3244
98.1892
99.1221
98.3686
98.9872
98.6696
98.9811
98.3908
98.8739
98.3627
98.05
98.957
98.403
99.1544
98.898
98.9409
99.1708
99.1183
99.5949
99.0948
98.8556
99.0335
98.837
99.0768
99.0828
98.3655
98.9426
98.7697
99.4788
99.3596
99.1469
99.0709
99.0015
98.6456
98.2271
98.8494
99.0007
98.8762
98.9882
99.2554
99.988
98.7927
98.7426
98.146
98.3084
98.5266
99.5086
98.117
99.5466
98.8779
98.8347
98.986
99.526
99.1127
99.0677
99.1055
99.4844
98.7982
98.9664
99.0665
99.1074
99.1339
98.4896
98.8844
99.0747
99.1429
99.1779
98.9868
98.6782
98.5429
98.9851
98.0742
99.3218
98.0364
98.8181
98.8484
99.0365
99.3826
99.6463
98.1244
99.5043
99.3588
98.8827
98.7479
99.3721
99.0529
99.0943
99.0608
99.0871
98.7989
98.1474
98.5475
99.037
98.992
98.2823
98.3567
98.3855
96.5885
99.3686
98.9098
98.9193
98.2558
99.7578
99.2634
98.7377
99.1123
98.3646
98.7871
99.9415
98.1255
99.3309
98.5732
99.0968
98.8702
99.0315
99.6293
98.9033
98.7893
98.9236
99.7008
99.733
99.136
98.5521
99.0559
99.0997
99.4674
98.7517
98.5151
98.1626
99.0602
99.0956
99.0951
98.8369
99.0088
98.2219
99.1705
98.9361
99.5316
99.1314
99.5225
99.1003
98.8017
99.022
99.6896
98.7205
98.9773
99.1505
98.1144
98.9751
98.8186
99.0788
98.874
99.1732
99.5696
98.8944
98.5603
99.0525
96.7032
98.7405
98.7797
98.903
98.7894
98.965
98.794
97.12
99.1096
98.3653
98.6284
98.8801
98.809
99.1322
98.9994
98.1557
98.8436
99.4533
98.9503
98.2334
99.5129
98.103
98.2233
98.021
98.2937
98.7892
98.3114
98.7431
99.2787
99.6708
99.1361
99.1236
99.0262
99.4383
98.9756
98.9557
99.4141
99.7257
98.8965
99.0437
98.9538
98.6985
98.4321
99.2454
98.156
98.0682
99.1074
99.4895
98.9215
99.0486
99.2127
99.0884
98.3129
98.8857
98.7953
98.9549
98.8217
99.0635
98.6125
99.2057
99.443
98.9351
98.4868
98.707
99.6942
99.0408
99.4761
98.7675
99.194
98.9692
99.3521
99.0507
99.089
98.9208
99.1193
98.974
98.607
99.0596
99.4785
99.102
98.6501
99.0719
98.1805
99.9113
98.9953
98.9843
98.7563
98.9924
99.0089
99.3942
99.1013
98.5283
98.9531
98.2183
99.0822
98.8284
99.0074
98.7362
99.3653
98.4562
99.754
99.061
98.9022
98.7717
99.5557
98.9935
98.8743
98.4006
99.4178
99.509
98.8417
99.1394
99.0569
99.0239
99.0626
98.1116
98.9622
99.1942
99.0063
98.4606
98.7741
99.0615
98.9878
96.8406
99.0889
98.4074
99.0918
99.4363
98.7814
98.1325
98.5447
99.0689
98.7715
98.382
98.7504
99.0038
98.8925
99.0592
98.7254
98.682
99.1817
98.7828
98.8934
97.9239
98.8476
98.7955
99.5949
99.0885
99.0836
98.8151
99.2111
98.7396
98.2248
99.8246
99.0309
98.7378
99.0803
98.879
98.8325
99.049
99.0185
98.2673
99.4233
99.2848
99.7365
98.0755
98.7129
98.8338
98.8773
99.8979
98.723
99.1982
98.7796
99.0769
98.7818
98.3286
98.0661
99.5807
99.076
98.8007
99.0105
98.8537
98.2148
98.5124
99.3528
99.0966
99.1086
99.553
99.096
99.0304
98.7299
99.0249
98.6765
99.5282
98.8391
99.089
99.4357
98.8903
98.1423
99.1046
99.1065
98.6881
98.9907
98.1287
99.1838
98.3456
99.1887
99.4438
99.9034
98.9169
98.0594
98.1325
98.3179
98.2696
99.1505
99.0878
98.8683
98.6925
98.311
98.8314
99.4023
98.8763
99.7203
99.0251
99.0772
98.7219
98.5554
98.3547
98.9737
99.1474
99.0861
99.1198
98.7607
99.2246
99.7916
99.6312
98.3409
99.0293
99.183
98.8902
98.857
98.3223
98.6919
98.9056
98.0189
98.9165
98.8948
98.9373
98.8797
98.398
98.8742
99.419
98.3804
98.9911
98.0378
99.5266
99.0519
99.0401
99.1759
98.3677
98.8217
97.0618
98.9382
99.1249
98.8626
99.1035
98.865
98.7534
99.3242
99.012
99.2007
99.1254
98.1591
98.338
99.0079
98.7454
98.1612
99.1735
98.9126
99.3566
99.7903
98.0814
98.0886
98.906
98.9538
99.1634
99.5804
98.9736
99.1077
98.3558
99.1315
99.7649
98.4073
99.0687
98.1348
99.0357
98.9453
99.6454
99.2318
99.7392
98.5859
98.7228
99.1033
98.8846
98.9832
98.6693
98.2801
99.1168
99.6856
98.096
99.1867
99.0812
98.5275
98.3739
99.2778
98.3549
98.0885
98.6956
99.138
99.0602
98.3944
99.8271
98.9811
99.7494
99.0766
98.9305
99.5795
98.1395
98.1729
98.9207
99.0314
99.0257
98.9818
99.2952
98.6995
99.0025
99.1055
99.0216
99.1033
98.7595
98.6162
99.6102
99.0644
99.1641
99.0679
98.0695
99.1927
99.1318
98.9692
98.2505
98.8289
98.9738
98.424
98.4591
98.4303
98.2873
98.8554
98.9663
98.2204
98.9234
98.2393
99.0189
98.7128
98.4422
99.1089
99.1746
98.7452
99.4835
98.6848
99.4098
99.4299
98.8738
99.0212
99.0506
98.2963
99.5747
99.537
99.275
99.0011
98.9019
98.3587
98.5551
98.5114
99.4775
99.0415
99.2251
98.9623
97.9184
99.0084
99.4978
98.8959
98.3417
99.4461
99.076
99.1221
99.4901
98.3274
99.0659
99.03
99.12
98.7084
98.2216
98.4313
98.9935
99.0925
99.4005
98.9725
99.2435
98.3841
99.055
99.0468
98.8384
99.1466
98.9026
99.0733
98.9233
99.3079
99.5018
99.2042
99.4306
98.8329
99.0442
98.8773
99.5892
98.8587
98.7845
99.0043
99.3953
98.0438
98.699
99.0872
98.8998
99.6687
98.3291
98.9366
98.7546
99.2771
98.7295
98.3495
98.7684
98.6154
98.6789
98.9736
98.9795
99.0337
98.8509
99.4818
98.9361
99.1893
99.1794
99.1155
98.7699
99.0578
98.3964
99.0446
99.6673
97.0383
98.3407
98.9342
98.9889
98.9357
99.1081
98.5497
98.8736
99.1686
99.0766
99.4267
99.023
99.273
99.0737
98.2484
98.2621
98.8422
98.9593
98.9138
98.2876
98.9498
98.7679
99.2078
98.2647
99.166
99.1144
98.7027
98.2095
98.0437
98.8287
99.5643
98.88
97.1475
98.4366
99.101
99.613
98.2615
98.062
99.0926
99.1099
99.4426
99.4012
98.846
99.2623
98.2087
98.663
98.3001
99.6961
98.9234
98.2183
98.1826
98.8986
98.3262
98.3306
99.3238
98.9224
99.279
98.0153
99.4457
99.469
98.2675
99.0719
98.3584
99.0085
98.444
98.6492
98.9476
98.9922
98.9619
99.0364
99.0678
98.9841
98.9736
98.2455
98.909
98.7982
99.1068
98.2579
99.1495
98.4201
99.5904
99.3982
98.7311
98.3585
99.6062
98.8165
98.6773
98.1036
98.8727
99.1522
98.7804
98.288
99.8328
98.0945
99.3014
98.7336
99.0189
99.6994
97.9119
98.0023
98.2796
97.9527
99.0268
98.7801
98.8325
99.1647
99.0975
99.0418
98.2498
96.735
98.9401
98.9384
99.1284
99.1339
98.7736
98.9166
99.1815
98.0689
99.548
98.7541
98.3911
99.1508
98.8156
98.1744
99.08
99.1662
98.8246
98.4596
99.4851
98.3672
99.7242
98.9849
98.9495
99.1358
99.0903
99.0029
98.7043
98.9869
98.2959
98.9972
98.871
98.9357
98.2385
99.0388
99.1413
98.7353
99.1883
97.2324
99.0538
99.3626
98.3558
98.646
98.9873
98.2185
98.8541
99.9836
97.0382
99.5853
99.0168
99.5791
97.988
99.4305
98.8742
99.0323
99.0732
99.413
99.1558
98.7536
98.9352
99.4966
98.1091
99.5701
99.5806
97.9753
98.9082
99.5704
98.9882
99.0587
99.1937
99.136
97.8055
99.1016
99.2158
98.9996
99.0901
98.6011
98.7352
98.9457
99.11
98.7646
97.9358
99.1782
99.1907
99.1147
98.3736
99.1453
98.2015
98.9762
98.5001
98.759
99.4374
99.8413
98.3525
99.0972
98.9663
99.3332
99.0529
99.0201
98.8572
99.6268
98.4705
99.3486
98.964
99.4326
98.9739
98.1421
98.1975
98.3392
98.7831
99.2385
98.498
99.1173
99.4334
98.3033
99.1767
98.2394
98.9209
98.2589
99.3658
99.0628
98.0977
98.1212
98.8018
99.0282
99.0163
99.2255
98.6677
98.7074
99.2884
99.0345
98.2916
99.3412
98.9531
99.3434
98.3535
98.3436
99.3263
99.1685
98.3838
98.7719
99.1156
98.5219
98.0191
98.3184
98.8136
99.0579
99.1334
98.8952
98.8995
99.1221
99.0272
98.9837
98.415
99.0958
99.0279
98.3044
98.2647
99.1281
99.0087
99.0789
99.1531
99.3895
99.2171
99.0257
98.6441
98.9815
99.1868
99.4511
98.314
98.4308
98.8953
98.9288
99.1286
98.235
98.3794
98.3492
98.8263
99.0418
98.9666
98.8824
99.0999
99.4005
99.0646
98.0461
98.021
99.0959
99.1968
98.6938
98.9651
99.7545
99.0305
98.8727
98.9047
98.7368
98.8648
99.136
98.7761
99.1149
98.847
99.3573
98.3385
98.3539
99.0017
98.6292
99.4983
99.0051
99.4923
99.047
98.6768
99.1816
99.4877
99.2254
98.9592
98.2087
98.3244
99.6157
99.5864
98.9289
99.1188
99.2699
98.9653
98.9957
99.6758
98.9689
98.892
98.9202
99.561
98.5598
99.3799
99.6178
98.0899
99.1508
99.1728
98.62
99.5896
99.1915
98.2912
98.1741
98.2077
99.1111
99.2524
98.339
98.8152
98.8753
98.9588
98.7984
98.9592
98.8019
99.4678
99.1248
99.5125
99.2821
99.0691
98.4576
98.1169
98.9228
98.8523
99.0035
98.4689
98.2611
99.6751
98.2325
98.1367
99.0002
98.3036
98.9292
98.9404
98.3574
99.2578
98.9928
98.2587
98.8274
99.0569
99.0843
99.0488
99.0822
99.1021
98.4371
98.9892
99.3403
98.9115
98.9102
99.6834
98.9381
99.06
98.9509
99.1631
98.8463
99.0357
98.9792
98.3325
99.0928
98.9799
98.9201
98.9529
99.1279
98.7477
98.5711
98.1062
98.3793
99.008
99.4918
99.0389
98.7301
99.1357
98.4209
99.0054
98.079
98.7975
98.2177
98.9451
98.773
98.408
99.628
99.5608
98.8892
98.4088
98.3517
99.0617
99.0997
99.1457
98.8225
98.9941
99.5539
99.8505
99.0838
98.5105
98.3655
98.1306
99.0208
99.0898
99.7031
99.0076
99.0555
99.7837
98.065
98.388
99.5086
98.22
99.0224
98.9342
99.5006
98.168
98.3014
96.8193
99.0353
99.1755
97.0372
98.981
98.8814
99.4952
98.7797
99.2244
99.0374
98.945
99.5906
98.9268
98.8097
98.9966
99.0976
98.419
99.824
99.0638
99.0487
98.9521
99.0899
98.9032
98.545
98.6553
99.6507
99.9358
99.5337
98.4751
98.34
98.5076
99.0386
98.7479
99.062
98.9966
97.2413
98.761
98.0246
99.491
98.7371
99.4507
98.3855
98.7932
98.1656
99.5252
98.2286
98.9295
98.3188
98.8716
99.5897
98.0316
98.9439
99.8924
99.0727
98.9616
98.3593
99.6442
98.8311
99.5532
98.887
98.4055
98.9815
99.4723
99.4412
98.4508
98.7896
98.9958
98.279
98.8541
99.4198
98.8001
98.056
98.9846
99.0416
99.3609
98.2836
99.6249
98.8529
99.004
99.0989
98.8198
98.5297
98.6779
98.9475
99.1393
98.6484
99.1147
99.0229
99.004
99.0027
98.7614
98.7266
98.9065
98.715
99.1086
99.1491
97.9874
98.0892
98.9499
98.9722
98.446
98.8127
99.0935
99.0594
98.1889
98.9885
98.3616
98.9048
98.6213
99.0436
98.9404
98.8314
98.9589
98.9985
98.9168
99.1755
98.8251
98.8501
98.0338
98.6601
99.4316
98.8755
98.8645
98.8614
98.7699
98.928
98.8024
96.97
98.2164
98.8941
99.089
98.6574
98.3802
98.8172
98.4249
99.0851
98.3277
98.8251
99.0256
98.8143
99.9301
98.3852
98.9185
98.9817
99.0852
98.032
98.7547
99.6637
99.1756
99.2319
99.1848
99.486
99.1018
98.4174
99.1509
99.3922
98.9749
98.7238
99.0319
99.1085
98.6663
98.6953
98.2258
98.4062
99.0573
98.9724
98.6526
98.8579
99.0348
98.4273
98.3098
98.8715
98.9791
99.1246
99.6172
98.9398
98.8346
98.9201
98.6641
98.6546
98.893
98.0459
99.3086
98.959
98.9583
98.7681
99.7245
99.1055
98.8057
98.3549
98.8298
98.8935
98.3622
99.582
99.5651
99.0053
98.0823
99.1062
98.9624
99.493
99.0601
98.9236
98.3838
98.2487
99.0329
99.0193
99.3129
98.5494
98.4474
98.3886
98.3268
98.2251
99.1322
98.8362
98.8569
98.9398
98.6378
99.0239
99.7834
99.1431
98.1572
98.9486
99.1891
98.4121
98.9378
99.6023
99.0561
99.4632
99.1234
98.8921
98.9066
98.8216
98.3001
98.9748
98.5825
99.3043
99.0151
99.1646
98.1388
99.6475
98.9704
98.3575
99.0424
98.6717
98.9352
98.3665
99.0539
98.45
99.5376
98.5342
98.0966
98.8803
99.5121
99.1287
99.3571
99.0871
99.829
99.0839
99.0032
98.1976
99.0966
98.2702
98.9847
98.9691
99.0173
99.57
98.8711
99.0239
96.9426
98.9572
97.0654
99.052
99.6232
98.9498
98.9655
98.7604
99.0701
98.8616
98.3788
99.1289
98.7177
99.1494
98.2308
99.0679
97.9773
98.9709
98.8322
99.1336
98.7973
99.0623
98.8606
99.2322
98.266
98.9843
99.4996
98.9258
99.0799
98.8069
98.6716
99.734
98.3628
98.998
98.3165
99.486
98.7897
98.9438
98.8435
98.914
98.1847
99.0677
99.0303
98.3287
99.1402
99.0237
99.445
99.0552
97.8699
98.4009
99.014
99.0999
98.7609
98.6579
98.9851
98.8844
98.8541
99.3844
99.1379
98.9333
98.967
99.4992
98.6486
98.2771
99.4399
99.1067
99.3451
98.9902
99.1075
99.3101
98.7052
98.9898
98.8875
99.1109
98.8385
99.3139
97.2339
98.4105
99.2917
98.0034
99.1838
98.9843
98.9319
99.7092
98.925
98.9681
99.0877
98.6478
98.3377
98.8786
98.1366
99.5811
99.0054
98.7986
99.4624
99.268
98.8815
98.9823
99.1151
99.1223
98.4695
98.9792
98.5546
99.0851
98.1812
99.6537
98.8241
99.4297
99.1276
99.2135
98.2075
98.9952
98.6734
98.3479
98.717
98.4213
98.741
99.5212
99.0012
98.7606
99.5648
98.3388
99.0535
97.1342
98.4084
99.0365
98.8234
98.84
99.4853
99.7261
98.9029
99.6854
99.1341
98.9621
96.6718
96.6092
99.1369
98.9163
98.9945
98.9167
98.8996
98.891
99.065
98.071
98.8383
99.3861
99.6489
99.2789
98.803
98.8093
99.1019
98.6495
99.3644
99.5544
97.9183
99.0116
99.0814
99.0247
98.9114
98.3138
98.8863
99.0993
99.4336
98.9866
99.1202
99.5047
99.0517
98.9305
99.6901
98.7167
98.8933
99.9901
98.654
98.8328
99.0817
99.4245
99.7173
99.1721
98.9505
99.161
98.3194
98.9929
99.1181
98.7414
98.438
98.825
96.5846
96.9684
98.8762
98.0229
99.1424
98.7074
98.3014
98.8807
98.8248
98.3155
98.2326
99.1425
99.0935
99.5501
98.7238
98.6805
98.2991
98.8006
98.4266
98.0734
98.9217
98.7503
99.852
99.0398
98.2687
99.1217
98.9672
98.3728
99.0081
98.7787
99.079
98.3807
98.1255
98.7603
98.8812
98.2606
99.8799
98.9495
99.5355
98.756
99.0853
99.4543
99.0314
99.3809
98.2715
99.3696
98.7157
99.099
98.9757
98.8288
99.1382
98.5678
98.9
99.5033
98.9849
98.9985
98.852
98.7767
99.0005
98.8761
98.4241
98.2731
98.3287
99.6139
98.8392
99.7124
99.5858
98.9554
99.1672
99.032
98.9086
96.6962
99.0923
99.1356
99.0582
98.6737
98.6704
98.37
98.1682
99.2036
98.899
98.4123
98.7729
98.8414
98.7859
99.0167
98.8219
99.2075
98.9599
98.7823
99.1397
98.842
98.3216
99.2546
98.7456
98.3125
99.0277
98.1561
98.9108
98.7236
98.9938
98.8281
99.2821
98.3372
99.0186
98.1511
99.0369
98.3078
99.5988
99.061
98.8128
98.4219
98.3128
99.5875
98.8606
98.994
98.1701
99.6023
99.0079
99.4902
98.6792
99.6608
98.0191
98.3429
99.0975
99.2037
98.7748
99.5348
98.9406
98.8366
98.6382
98.8002
99.1512
98.869
98.8805
98.7794
99.038
97.896
99.0947
98.5056
98.7802
99.0169
99.9251
98.6992
99.0513
99.0601
98.8796
99.5436
98.1389
99.1339
98.414
98.1257
99.0734
99.4425
99.8707
96.7444
99.0129
98.6838
98.8619
98.8435
99.1111
99.0563
98.8736
98.9892
98.6695
99.0128
99.0658
98.6415
99.0284
98.9638
98.9298
98.9137
99.7448
99.0573
98.1273
98.2658
98.8148
98.3243
98.9994
99.8474
98.8374
96.7248
98.8993
96.5833
99.097
98.1966
98.6193
99.1077
99.044
97.1945
97.848
99.1238
98.9654
98.9013
99.098
98.5367
98.2443
98.7733
96.9639
98.9819
99.1398
99.5224
99.0766
98.8361
99.0351
98.4728
98.4199
99.7662
99.1492
96.6152
98.7189
99.2986
98.9756
99.4077
98.7275
98.3181
99.0279
99.5004
99.1494
98.3956
99.0175
98.9722
96.6553
98.1922
98.343
99.3116
98.7952
98.6996
99.3846
98.324
99.1596
98.9547
99.2218
99.6846
96.5921
99.0591
98.9406
98.9658
99.1623
98.8007
99.1251
99.1579
98.2357
99.0114
99.7921
98.0189
99.1924
98.9056
98.9284
99.0829
99.3605
99.5227
99.0161
99.0728
98.3544
99.0183
98.2635
98.3076
99.2935
99.0858
99.0882
98.9731
98.3842
99.3352
99.4414
99.6381
99.033
98.6643
99.4897
99.0487
99.0995
99.3879
99.0637
98.9314
99.1087
99.1577
98.4634
98.8197
98.3482
98.259
97.2812
98.945
99.2652
98.8613
99.029
99.4965
98.3475
99.1206
98.9742
98.957
99.1877
99.4007
99.5388
98.8646
99.0999
98.4079
98.7335
98.2647
98.9151
98.6361
99.5344
98.7894
98.8904
98.1866
99.0043
98.8327
98.7722
98.9491
98.673
98.9209
98.7112
99.4835
98.9789
99.1257
99.9804
98.9172
99.0519
98.6729
98.8811
99.0354
98.6546
98.9328
98.6709
99.1124
99.6113
99.1801
99.0788
98.7406
99.5566
98.3094
99.0349
99.5622
99.2262
99.6901
99.1382
99.3673
97.9652
98.9854
98.7872
99.1266
98.9842
99.0871
98.8104
96.9457
98.367
97.1748
98.9659
98.3925
98.717
99.0638
98.7986
98.1916
99.3951
99.5785
99.9043
99.1686
99.0714
98.8989
98.9346
98.7873
98.7733
99.8005
98.8276
98.6327
98.7604
98.9071
99.059
98.6374
99.0497
99.2135
98.9408
98.4028
98.6656
98.8376
99.1639
98.3258
99.0762
98.6173
98.233
98.9427
99.2341
98.8492
98.9231
98.4596
98.7845
98.9861
98.8074
99.5674
98.6321
99.0333
98.7124
99.3988
99.2283
99.1018
98.7999
99.1162
98.756
98.8461
98.968
99.4056
99.4637
98.7007
98.9307
98.7395
99.594
98.6638
99.7331
98.9894
99.5762
98.986
99.3866
99.5881
99.5518
99.3509
99.0494
98.6284
99.155
96.5666
98.8935
98.2583
99.1777
99.0337
98.9322
98.9134
98.8819
98.4356
96.7042
98.9585
99.0345
98.6452
98.2234
99.5661
99.1177
98.2625
99.0266
99.7959
98.4633
99.0501
98.8255
98.831
98.7637
98.8256
98.7524
99.0233
99.069
99.5923
99.087
99.1665
99.0585
98.4187
98.375
98.7084
98.881
98.8537
98.9943
98.8627
98.0914
99.0655
98.825
98.5209
96.6345
98.8602
99.2759
98.4948
98.8347
98.0939
98.3951
98.9897
99.0454
99.0809
98.6943
98.9915
98.2939
99.0936
98.0362
98.8633
99.6397
99.3029
98.6828
99.507
99.0736
98.6084
99.0988
99.4223
98.9189
98.1538
98.8662
98.6597
98.8892
98.9831
99.0975
99.2124
99.0044
98.3788
98.3015
98.3818
98.7546
99.0334
98.8969
98.7318
97.9655
99.2059
97.9556
98.8507
99.5666
99.1609
98.9363
98.8403
99.3254
99.1292
99.4393
99.6622
98.8775
99.0592
98.3515
98.1575
98.3797
99.253
99.0539
98.4273
98.8616
98.882
99.3011
98.9086
99.0934
99.4808
98.3865
98.9246
98.8084
99.137
98.4367
99.0163
98.9538
99.4357
99.7383
98.6791
99.0055
98.4278
99.6767
99.446
98.7337
99.0259
98.37
98.9873
98.2766
98.7958
99.4409
98.8193
99.493
99.4463
99.1636
99.0843
98.803
99.1138
98.9883
99.7691
98.3848
99.0942
98.9746
99.1794
98.231
99.5575
99.0586
99.11
98.5679
99.0216
99.2456
99.0416
99.188
99.069
98.8651
99.7054
99.2355
99.1146
99.307
96.7234
98.8608
99.1818
98.7526
99.0521
99.4964
99.0142
98.8631
99.3525
99.6147
99.0941
99.0392
99.076
98.8705
98.876
98.6149
96.5572
99.1528
99.1082
98.9366
97.9776
99.1493
98.8685
98.9287
99.0774
97.3285
99.1102
97.996
98.8725
99.0706
99.0506
99.0988
98.2496
98.8687
98.7152
98.2512
99.0674
98.2858
99.0163
99.0721
99.1758
98.8454
98.4397
99.223
98.0984
98.9263
98.3396
96.5885
98.191
99.9145
98.8879
98.7616
98.7925
99.0379
98.9886
99.0627
98.8998
99.894
98.9099
99.3497
99.5176
98.9831
99.1861
99.0378
98.944
96.4604
98.9515
99.0831
98.3392
99.122
99.9886
98.8442
99.5247
98.8322
98.9642
99.0664
99.0622
99.0409
98.8426
98.8554
99.2532
98.9875
98.9786
98.3569
98.2132
98.993
99.0246
99.1927
99.032
99.154
99.2189
98.4984
98.7884
99.1702
98.7382
99.0427
99.5607
99.0306
98.272
98.8634
99.1461
97.9915
99.101
98.9059
99.0566
98.8541
99.1315
99.4875
99.0622
98.9301
99.3142
98.246
98.4326
99.4012
99.0936
98.1133
98.7618
98.411
98.5409
98.0903
98.9076
99.0519
99.4497
98.1124
98.8475
99.1132
98.3173
98.6674
98.3812
99.1702
98.1479
98.4763
98.781
96.6891
98.2701
98.424
98.8901
98.855
99.1879
99.6638
99.0914
98.9383
98.8822
98.7952
99.0022
98.4481
98.8587
98.9466
98.9627
99.0774
99.0865
98.9894
99.84
98.1424
99.0136
98.9723
98.7504
98.7727
96.6241
98.3929
99.1249
98.0727
98.9973
99.5466
98.3804
98.8396
98.6918
99.0328
98.9159
98.7437
98.9443
98.9577
98.8043
99.0874
98.947
99.0592
99.3138
98.0847
98.4874
99.1629
98.588
99.4004
98.6351
98.2276
99.0372
98.0497
99.9055
98.1147
99.475
99.471
98.8221
99.1667
99.0795
98.9555
99.0831
99.6882
98.7543
99.4377
98.0124
98.9956
98.7202
98.7253
98.9663
99.0667
98.8509
99.1728
99.0045
99.1031
99.6933
98.9127
99.1085
99.0392
98.408
99.0138
98.7006
98.4235
98.0158
99.4827
98.9133
98.4917
99.068
98.8718
98.9749
98.7277
99.5214
98.9506
98.8232
98.6472
98.7233
98.0486
98.9338
99.7397
99.0244
99.0301
98.8376
99.3744
98.9586
98.5063
98.9888
98.6963
98.7198
99.0842
98.8421
98.6439
99.1799
98.8185
98.8544
98.2996
98.8111
99.3557
98.6182
99.7573
99.2244
98.3839
98.9821
98.3445
98.6497
98.8486
99.3579
99.21
99.061
98.0752
98.7852
98.2666
99.5716
99.0219
98.885
98.8178
98.3196
99.2532
98.1587
99.5528
99.115
96.7074
98.1768
99.4646
99.086
99.037
99.4646
99.1894
99.8786
99.0115
98.8408
98.4049
98.3241
99.146
98.7764
99.0775
99.0016
99.227
98.9924
99.0531
98.3015
99.5834
99.0146
99.1314
98.3243
98.9855
98.8515
99.1114
99.3393
99.0019
98.7283
99.2374
99.091
98.432
98.8251
98.8019
99.2506
99.044
98.9456
99.5575
99.0857
98.7639
99.0838
99.0509
98.4466
98.9773
99.0123
99.0213
99.048
98.0273
98.4623
98.922
97.9422
98.2104
98.4311
98.3531
98.3343
99.1357
99.1221
98.9357
99.0715
99.1152
98.9597
98.7314
99.0788
99.5315
99.1276
99.1064
98.481
98.3456
99.1612
99.1029
99.3196
99.1439
98.8875
99.0948
99.3474
99.6225
99.7845
99.0613
98.9504
98.7252
99.151
98.2955
98.1805
98.7084
98.0499
98.3436
99.1067
98.7734
98.9093
98.7972
99.6344
99.1488
98.9228
98.7735
99.0451
98.7868
98.9123
99.054
98.9046
98.2044
98.2537
99.1276
98.8881
98.9907
99.193
99.2994
99.2871
98.9864
98.7904
99.017
99.1877
98.8502
98.8907
98.2581
98.9834
98.9492
98.3326
99.0711
98.4132
99.7838
98.4868
99.1347
99.1091
99.8804
99.0736
99.0579
99.09
98.9865
99.1202
99.0149
98.249
99.3864
99.1319
98.4212
99.0943
98.9707
99.3594
99.2645
98.786
99.0897
98.6098
98.78
99.1957
98.9286
98.8511
99.5394
98.9771
99.4084
98.8365
99.4941
99.63
98.3714
98.7178
98.6412
98.9207
99.0977
98.334
99.6025
98.274
98.2129
99.1007
99.1252
98.3807
98.9833
98.9566
98.5859
99.826
98.9279
99.1187
98.8217
98.1947
98.1133
98.1903
98.8851
98.9515
98.9946
98.7232
99.4332
99.186
98.998
98.9538
99.5143
98.3837
98.7013
98.2518
99.1237
98.2132
98.9076
99.1278
98.9049
99.1343
98.0726
99.4327
99.0165
98.3364
99.102
99.016
99.451
98.3624
98.2425
98.7176
98.2251
98.4517
98.7031
99.5444
99.0882
98.2507
98.6938
98.0619
99.4538
99.2429
99.279
98.0988
99.0157
98.7368
98.7762
99.1275
99.1802
99.0049
98.7092
98.6209
98.2652
98.2967
98.2663
97.0942
98.919
97.9878
98.7388
99.0882
99.0467
99.3744
98.4268
98.8049
99.0411
98.7558
99.1705
98.7638
99.1072
98.1317
99.0128
99.0387
97.9677
99.722
98.9982
98.9199
98.5644
99.0191
99.1144
98.8109
98.8553
98.8716
99.0856
98.8691
96.6746
98.4399
97.7729
98.9475
98.9648
98.2672
98.5723
99.611
98.888
99.3468
97.9093
99.9878
98.8194
99.4632
99.1845
98.0958
98.005
99.0865
99.445
98.3693
99.9536
99.472
98.7825
99.5413
97.8844
98.3146
99.109
98.5312
98.1873
98.7414
98.2783
98.2665
98.6667
99.064
99.5344
99.3835
98.6387
98.0372
99.0069
99.0845
99.6608
99.0529
99.1172
98.8314
98.9276
99.0983
96.6838
98.8867
99.1226
98.9504
98.327
99.6532
98.9482
99.0091
99.1556
99.0948
99.0013
98.8127
98.9908
98.1171
96.5978
98.0351
98.8117
99.0802
96.6274
98.1713
99.1375
98.8521
99.2069
99.1444
98.9939
98.3115
98.7513
98.3341
99.6128
98.387
98.9107
99.2998
99.5139
99.3069
98.9576
99.1753
98.3456
98.2599
98.4361
99.6123
99.0912
98.9679
98.997
99.1593
99.0749
99.0555
99.641
98.9538
97.8044
99.5392
98.903
99.0157
98.7318
97.1542
97.9086
98.3401
98.4357
99.3135
98.875
98.1106
99.0976
99.4423
99.3677
99.033
98.6699
98.3119
98.2224
99.5363
99.1052
99.304
99.2502
98.9984
99.9401
99.3186
98.695
98.327
98.2757
96.5987
99.1957
98.9736
99.4891
99.4505
98.9572
99.093
98.8977
99.1085
99.1937
98.8463
98.9404
98.9904
98.6347
98.8672
99.1883
99.0459
99.0421
99.0828
98.2212
99.1904
99.0473
98.795
98.6381
99.6544
98.9899
99.1758
98.4656
98.779
99.0346
99.0396
98.6351
98.6837
98.9744
98.2615
99.0612
96.6935
99.023
98.6515
98.7303
99.1015
98.8037
99.3735
98.5276
98.9506
99.2534
97.9833
98.9238
99.4628
99.3096
99.048
99.0094
98.9359
99.1212
98.7281
99.1369
99.1589
99.4361
98.995
98.8281
98.717
99.0555
99.024
96.6841
98.9906
98.4846
99.1946
98.9793
99.0934
99.0917
98.9477
98.9749
98.7655
99.0318
98.9702
98.5855
99.5989
98.2354
98.7745
99.0446
99.2786
99.9615
99.4195
98.0252
98.8433
98.829
98.9779
99.0411
98.7117
99.197
99.1061
98.9767
99.1352
99.0416
98.9327
98.3224
98.4021
98.985
98.1744
99.1643
98.0859
96.5389
98.3421
96.617
98.2866
98.8328
98.837
98.8287
98.4279
98.7853
98.9554
98.9973
99.2239
96.6588
98.7785
99.1556
99.0516
98.2329
98.6756
99.0716
98.9126
99.1953
98.9055
99.1087
98.4521
99.0832
99.5328
98.7619
99.6383
98.945
98.734
98.7687
98.342
98.494
99.0659
98.7103
98.8463
98.9701
98.7562
98.4097
98.9677
98.0885
98.7819
98.9753
98.7472
99.0627
99.6374
99.5004
98.5315
98.3812
98.3683
98.5914
98.6407
98.4032
98.6434
99.2652
99.4742
97.1359
96.6461
98.3469
98.9052
98.6404
98.8547
99.0107
99.8974
99.0776
98.407
98.9067
98.3172
98.9863
98.8367
98.8355
99.1718
99.3308
99.0231
99.0792
99.054
98.383
99.1259
99.0994
99.1234
98.7171
98.2158
98.7981
99.0012
99.0675
98.7144
98.943
99.1313
98.7697
98.3838
98.9994
98.8356
99.3405
98.8079
98.8258
98.9747
99.0754
99.01
99.6751
99.8481
98.7984
98.7969
98.7507
99.0368
99.2043
99.5868
99.1572
98.9845
98.0282
99.1543
98.7407
98.7217
98.9771
99.0961
98.3096
98.9986
99.1789
98.4144
98.4787
98.9369
98.8094
99.0727
98.358
99.0909
98.9624
99.4188
98.3965
99.1899
99.0305
98.2676
98.8207
98.8118
98.6588
98.6802
98.401
99.0331
98.4107
98.6953
99.0141
98.1538
99.1216
99.3794
98.9936
99.5624
98.4348
98.8824
99.2461
99.645
99.0192
98.3134
96.7639
99.5591
98.3237
99.3239
98.3523
99.0597
98.7653
99.4176
98.3397
98.9998
99.0582
98.8864
98.9902
98.7515
99.1782
98.6728
99.1094
98.4796
99.2125
99.2312
96.7465
98.8556
98.9834
98.143
99.0415
99.1319
99.6171
98.5284
98.8799
99.0072
99.0527
98.0986
98.9295
98.9026
98.7724
99.201
98.2704
98.945
99.1357
99.1713
98.3615
98.1732
98.911
98.8936
98.9252
99.1543
98.9272
99.1988
99.0393
99.3792
98.9107
99.5558
98.9044
98.9513
98.981
98.9687
99.8264
98.9925
98.3757
98.3817
99.5137
98.9978
99.18
98.2471
98.9645
98.9982
98.6979
99.0373
99.1911
99.126
99.0735
99.0284
99.3933
98.3646
99.4485
99.0353
98.9366
98.955
98.1388
98.2416
98.8344
98.2773
98.9527
98.4056
98.1003
98.2046
99.0213
98.8819
99.102
98.2267
98.4007
98.7857
99.0388
98.1585
98.9508
98.6167
99.0436
98.9644
99.3008
97.8618
98.983
98.8
99.0454
99.0956
98.8555
98.9178
99.566
98.9275
99.1641
99.7265
98.4041
98.9716
99.0079
98.8541
98.2635
98.8055
98.3607
99.0869
98.3192
99.0398
99.099
99.3693
99.0182
98.8151
98.6566
99.0167
98.935
98.1558
98.963
99.0057
99.1253
98.1652
99.3708
99.1359
98.3646
98.4854
98.3405
97.0976
98.7902
97.8747
99.0832
98.6469
99.3482
99.1877
98.8856
99.3526
98.8813
98.5276
96.951
98.73
99.1061
98.7268
99.5673
98.9251
98.7988
98.81
99.1153
99.113
99.2974
99.1246
99.0628
99.3956
98.5942
99.1161
98.7065
99.4315
99.1631
96.704
98.3224
99.5051
99.1671
99.1184
98.031
98.2769
98.6358
99.3566
98.9193
98.6457
99.3666
98.0725
99.2281
98.2488
98.5976
98.3759
97.9241
99.6115
96.7271
98.3059
99.1346
98.8494
99.3776
96.5723
97.9628
98.9281
99.1405
99.2668
98.3846
98.6423
98.9525
99.0789
99.0529
99.028
99.6764
98.5911
98.712
98.6999
98.5662
98.8406
99.3615
98.7951
99.0275
98.3217
99.0258
99.0772
99.0005
99.0876
99.8293
98.5221
99.3822
98.705
98.958
98.8288
98.2663
99.0318
98.6817
99.1319
99.4615
98.8734
99.1374
98.6728
98.9169
99.0602
99.0633
98.8131
98.8284
97.3339
99.1398
99.0846
98.8794
98.8996
96.7465
98.8245
98.2289
98.9774
98.192
99.6123
98.4093
99.6338
98.9776
99.0721
99.0263
98.6252
98.2751
98.5146
98.2953
99.0793
98.7785
98.0777
98.9443
98.7943
99.031
98.8459
98.7213
98.4646
99.4689
99.3849
98.9538
99.8154
99.0287
99.083
98.9543
99.077
97.8646
99.1196
97.9393
98.8707
99.1149
98.2389
99.1228
98.2465
99.5506
99.0839
98.3387
99.071
99.0636
98.3955
98.8074
96.8843
98.6334
98.9168
99.2131
98.8574
99.1419
99.1141
98.97
98.1535
96.5831
98.1709
98.8344
99.1088
98.2804
98.6174
99.0769
98.2786
98.8874
97.1115
98.5546
98.901
98.2891
98.4157
98.8868
98.4268
99.136
99.0878
98.3268
99.2865
98.8798
98.9358
99.0327
99.1841
97.112
99.1133
99.0217
98.7308
99.052
99.2987
99.6647
99.7216
98.3504
99.0348
99.5893
99.1217
98.3735
99.1264
98.317
98.7314
98.9007
98.8445
98.7765
98.8425
98.8832
99.6066
99.0874
99.0357
99.0605
98.9168
98.768
99.0453
99.107
99.0109
99.588
99.1279
98.7814
99.0374
98.3363
98.4081
98.3551
99.5
99.0416
99.107
98.6389
98.9405
99.6291
98.7554
98.9112
98.775
98.9538
98.9476
98.9162
98.841
98.2859
99.1879
98.7053
98.9682
98.8442
99.1085
98.963
98.1599
98.7557
99.0396
97.1925
98.8789
98.9298
98.9591
99.0929
98.3425
99.4501
98.0113
96.6619
99.1475
99.022
99.6043
98.979
99.0074
98.3854
98.447
98.5158
98.1551
97.8157
98.8547
99.2178
99.0792
99.1192
99.0615
98.6279
99.2593
98.1861
98.2446
99.0118
98.752
98.4102
98.9869
98.9614
99.4318
99.1609
98.8931
99.2104
98.301
99.3772
98.9857
98.3744
98.7626
98.2057
99.1979
98.9433
99.0913
99.1253
98.0764
99.0411
98.8015
99.0617
99.025
99.0154
98.9924
98.3052
99.1255
98.7991
98.1528
99.2258
99.0891
98.1831
99.3514
98.36
99.0762
98.8426
98.4761
99.7
99.1101
98.9564
98.9929
98.7871
98.9259
99.1278
98.949
98.8229
98.3407
99.0097
98.9258
98.983
98.3284
99.122
98.3894
99.6385
98.9833
98.5825
99.6647
96.6027
98.1675
99.0125
98.9329
98.7205
99.5418
98.7698
98.9765
98.2316
98.4297
99.0058
98.2976
99.4272
99.0168
98.1822
98.3398
99.1281
98.907
98.1365
99.033
99.5148
99.0613
98.6992
98.4945
98.9113
99.0985
99.4701
99.1786
98.9973
99.8489
99.4316
98.965
98.9422
98.7584
98.9834
98.2187
99.1895
99.5435
97.0669
98.317
98.9585
98.7765
98.7303
98.32
98.9072
99.1875
98.9514
98.4184
99.061
99.579
98.8554
98.6446
99.4925
99.4126
98.7442
98.8383
98.914
98.9338
98.4367
98.2716
98.495
98.8633
99.3778
98.8351
99.0195
99.2751
98.809
98.5134
99.0041
99.5532
98.682
99.502
98.8997
97.8649
99.2324
99.3896
98.9353
98.9713
99.6021
98.9176
98.2139
98.9706
99.0772
98.7239
99.1127
98.7975
99.0318
98.9748
99.2995
99.0134
98.7838
98.8811
98.2979
98.7153
98.2257
98.8233
99.5577
99.0774
99.0731
98.1328
99.1097
98.7939
99.4505
99.1367
99.048
98.7457
98.6549
99.0453
99.0052
99.0219
99.0044
99.2018
99.0517
99.027
98.1892
98.1297
99.8467
98.9813
99.0341
99.074
99.1175
99.5877
98.7117
99.0607
98.9875
99.0897
99.0388
99.3479
99.1147
99.0969
99.0442
98.9955
98.9048
99.7603
99.1078
98.9433
98.5353
99.0774
99.6043
99.483
98.2998
98.9537
98.6967
99.8394
98.4191
98.8596
99.0172
99.0192
99.103
99.6022
98.8427
98.3693
99.0473
98.8211
98.6997
99.1095
98.4202
99.0083
99.5432
99.1795
99.5131
99.6032
99.194
98.9502
98.3481
99.1583
99.628
98.8343
99.0563
99.5736
99.0425
99.0449
98.0103
98.2443
99.5881
98.9514
98.9114
98.9961
99.0686
99.5107
99.08
98.6419
99.159
98.4461
99.4855
99.5074
99.08
99.4104
98.9288
98.9294
98.2111
98.8049
99.0766
99.1222
98.4266
98.9698
98.5824
99.0935
98.7397
98.7554
98.6915
99.1214
99.0072
98.9598
98.1802
99.2171
99.4872
99.4811
99.4098
98.3949
99.1126
98.7344
98.742
99.4394
98.215
98.8857
99.0188
99.1035
98.9627
98.925
99.0079
99.0869
98.9381
98.2586
99.5771
98.5596
99.5455
99.0829
98.9821
98.7087
98.2237
99.0214
98.6958
99.5842
98.7509
98.338
99.132
98.9667
98.7037
99.5531
98.3456
98.9561
98.6848
98.3053
99.3505
98.2497
99.4125
99.1219
98.8563
98.3266
98.9411
98.2064
99.2231
99.0577
99.7124
98.2992
99.144
99.3514
99.0121
98.5711
99.5133
99.0602
99.5748
99.1282
99.2303
98.2281
99.7772
98.9113
99.0483
98.3398
99.3678
98.8325
98.2713
99.6761
99.6642
99.2295
98.8488
99.8817
98.7825
98.9973
98.7592
98.4715
99.4933
99.0934
98.1299
99.1712
99.1475
98.4074
98.8325
99.5365
99.0223
98.9881
98.0511
96.5839
98.2205
98.8734
98.7513
98.3794
99.1615
99.0613
98.713
99.6745
99.4547
99.5091
99.6395
98.9916
98.9653
99.1983
99.2482
98.3493
99.0682
98.0876
98.7561
99.2281
99.0674
98.72
97.9301
98.8066
99.0254
98.3342
98.4706
99.1047
99.0847
99.452
98.3425
99.3154
99.522
98.7845
98.8899
98.8961
98.76
99.0501
99.0619
98.7548
98.9668
98.8523
99.5397
98.9072
99.0365
98.9383
99.1586
99.1449
99.4165
98.9142
98.7266
98.9764
99.1141
99.0211
98.1942
99.5742
98.395
98.1403
99.3925
99.5226
98.4331
98.8277
98.6038
98.3384
98.9166
98.7757
98.9428
98.9566
98.6263
99.0473
99.2044
99.1004
98.9451
98.7283
98.9377
99.0378
99.139
99.1281
98.0052
98.0408
98.8792
98.8466
99.1209
99.0774
98.6181
98.8465
99.0202
99.03
98.9967
98.9094
99.0451
99.0839
99.4987
98.439
98.8288
99.1503
98.9782
98.6482
99.1087
99.1411
99.1641
99.4016
98.826
98.8339
98.8244
99.0144
99.4018
98.65
98.3115
98.3287
99.2687
98.7764
98.9909
99.181
99.0411
97.9038
99.1449
99.0309
98.9333
98.162
99.0303
99.0099
99.8931
99.1578
99.0276
98.9054
98.4114
98.7304
99.0374
99.0842
99.0204
98.6713
98.3916
99.4327
98.1788
99.1313
99.0473
98.7124
99.5068
99.276
99.2203
99.53
98.902
99.1716
98.8248
98.9083
98.8304
98.9045
99.1255
98.7097
98.988
98.1578
98.2953
98.972
98.9716
99.5959
98.8702
99.089
98.9307
98.7118
98.9787
98.8136
99.6388
98.4146
98.7809
97.8986
99.0629
98.7369
99.0495
98.824
98.9421
96.696
98.6198
98.1975
99.096
98.5453
98.7386
99.5522
98.1852
99.5105
99.081
98.619
99.0091
98.9998
99.132
99.5958
98.432
99.5426
98.8392
99.1061
97.909
99.3372
99.4427
99.4215
99.068
98.9269
99.081
99.3954
98.3113
98.6678
99.6278
98.3427
99.3529
98.8212
99.5832
98.1195
98.62
99.7465
99.4917
98.729
98.9604
99.5203
99.1481
98.9285
99.0671
99.6757
98.8454
96.7461
97.0848
97.0361
98.9888
97.9038
99.1223
98.9422
98.8948
98.704
98.3138
99.0723
99.2111
99.0189
99.0495
98.3135
99.7484
99.0928
99.5913
99.0126
96.7128
98.8749
98.3861
98.2069
98.9727
98.3249
98.888
99.0822
98.446
99.8469
98.3045
99.0108
99.1783
98.8232
99.0973
99.0235
99.0308
98.1476
99.0484
98.2966
98.6021
98.8652
98.1782
98.7786
98.4324
99.7566
99.2298
98.2433
99.0379
98.6503
98.6937
99.5005
99.8143
99.1065
99.4292
99.0482
98.5338
98.2954
99.2285
99.3997
98.8706
98.3597
99.0237
98.9935
99.0443
98.2774
99.0938
98.9696
99.0398
98.9877
98.4722
99.0142
99.0728
99.1082
99.8416
98.2334
99.0537
98.8995
99.0949
98.964
99.4167
99.0271
99.0772
99.7694
99.3594
99.1222
98.7992
99.1197
99.4307
98.3199
99.4347
98.7992
99.1404
98.9249
98.8674
98.7818
98.989
99.1279
98.9572
99.6354
97.027
99.2066
99.0293
98.2539
99.0042
98.42
99.0141
98.8198
99.4607
98.7725
98.827
98.9617
99.2063
99.1973
99.0198
99.0447
98.7825
99.6074
98.5897
98.9254
98.3447
99.1062
99.306
99.1074
98.9579
99.0597
98.9516
99.6043
99.5543
99.597
98.1866
99.4428
96.8048
98.7898
99.0695
99.6309
98.9176
97.0731
98.8519
99.4998
99.0049
98.8766
98.7506
99.08
99.5278
97.0076
98.087
99.0105
99.8013
99.5821
98.1968
98.8655
99.0334
98.7667
99.044
98.9346
99.7566
99.2258
99.4355
99.0517
99.2077
98.8612
99.0931
99.155
99.0136
98.916
99.0102
98.3917
99.9878
99.0571
97.0618
98.9139
98.1078
99.6469
98.9878
99.1485
98.8604
99.0371
98.2769
98.2551
99.5377
97.1758
98.7676
98.3539
98.9808
98.4874
98.8022
99.0456
99.3601
99.1861
99.0839
98.376
98.8681
98.7135
99.144
99.1116
98.9263
98.8464
98.7026
99.656
98.7651
98.9777
98.6275
99.0675
99.2203
96.4498
99.6439
99.0002
98.9397
99.0125
98.2956
98.0945
97.9301
98.634
99.5042
98.9826
98.8772
99.0968
99.0072
99.2629
99.0755
96.7879
98.8507
99.1346
98.4358
98.9869
99.0174
99.1211
99.6154
98.6951
98.4077
98.3681
98.9815
98.3524
99.1501
98.1883
98.9397
99.173
98.2797
99.0078
98.9695
99.4777
99.2766
98.9679
98.4011
99.5098
98.6979
98.891
99.0004
98.3599
98.9716
98.8848
99.8404
99.0037
98.9695
99.0654
98.9327
99.5532
99.0395
99.1891
99.0837
98.9537
98.6996
98.9003
98.2762
99.7496
98.0034
98.3574
96.655
99.1325
98.8836
99.3848
99.1373
99.1411
98.9363
97.997
98.5045
99.1167
98.0098
99.0881
99.1473
98.8626
99.1399
99.0585
99.0523
99.07
99.021
99.0311
98.7351
98.3324
99.7848
96.7022
98.5802
99.0848
98.956
99.257
99.3815
96.6501
99.1211
99.4082
98.7304
98.8989
98.6542
98.9292
98.7421
98.7361
98.9508
98.4124
98.2809
98.2012
99.2257
99.4964
99.0959
99.5297
98.9443
98.829
98.3781
99.0267
99.3201
99.0171
98.6977
98.9318
99.5385
99.9982
99.4105
98.9821
97.9301
99.3421
99.5182
99.4131
98.9924
99.4905
99.5806
99.2873
98.1401
98.9287
98.883
98.8519
98.8333
99.5151
99.1957
98.8134
98.6298
98.7975
98.1649
98.8873
98.7267
98.2452
99.6163
99.0611
98.6966
99.6401
98.3798
98.2735
98.7215
98.8427
99.0044
98.9259
98.8648
98.3834
99.2401
97.102
99.5513
98.3505
98.8461
99.4048
98.9354
99.4712
98.8868
99.1007
99.2002
99.624
99.5609
99.0198
98.6938
99.3645
98.9592
98.9525
99.3992
99.1917
99.1211
99.4317
98.1351
98.7868
98.8259
99.3481
98.4446
98.6659
98.9079
99.3745
99.867
99.4246
99.3626
99.0434
99.4299
97.0646
98.857
99.518
98.9577
99.4669
98.2756
98.9691
98.9683
99.465
98.7568
99.7803
99.8049
98.9424
99.5432
99.8361
98.689
99.123
99.1609
99.4929
98.752
98.2647
98.858
99.7451
99.8538
99.1389
98.174
99.3016
98.9591
98.9138
98.9859
98.7834
99.584
99.0879
98.1205
98.8597
99.2668
98.1439
98.8959
99.1633
99.2566
99.0112
99.1507
98.8122
99.4936
99.4241
98.8245
98.0631
98.3084
99.4433
99.0109
98.1812
99.0817
98.1179
99.1439
99.0198
98.9981
98.8824
99.1312
98.9348
99.1562
99.6418
99.063
98.8933
99.4269
97.9685
99.5465
99.1296
98.8104
98.9367
98.9521
98.0594
99.8096
99.1613
98.8789
99.4389
99.3633
98.9126
98.9693
98.994
98.9553
98.9717
98.9571
98.7377
99.4914
99.0917
98.9884
99.0578
98.9901
98.8845
99.8688
98.4369
98.9585
98.9687
99.0867
99.1957
99.1397
99.3894
98.7343
98.3759
98.8446
98.8589
98.9946
98.9592
99.1312
98.7409
98.9487
98.0857
99.1452
98.7351
99.0797
98.6221
98.333
99.1026
99.503
98.3193
99.025
98.9038
99.2569
98.8322
98.5244
99.0705
99.1682
98.8265
99.6036
98.6372
98.5215
98.3181
99.1481
99.4195
99.092
98.9053
98.3081
99.4129
96.5773
99.1245
98.2079
98.3825
98.5272
98.3722
98.8163
96.7121
99.1371
98.7856
98.723
98.9308
98.9764
98.9029
98.883
99.0316
99.0822
99.0379
99.0925
98.205
98.6675
99.2564
98.8408
98.6394
98.5832
99.1431
98.2741
99.0122
99.1333
99.6326
98.5829
98.849
99.1254
98.9019
99.1521
99.2069
98.507
99.007
99.057
98.9997
99.3543
98.8429
98.7902
98.6474
98.4626
99.3367
98.8556
98.7199
98.854
98.8687
98.7216
98.7579
99.5037
99.1208
98.7603
99.056
99.0343
99.7907
99.4683
99.063
98.8887
99.1073
98.7238
98.3756
98.2218
99.1214
99.6228
99.1235
99.363
98.113
99.112
98.9824
98.7521
98.4356
96.744
98.3341
99.0968
98.5361
98.8765
98.9167
98.8872
96.7474
98.8674
98.9502
98.6731
99.1735
98.8279
98.7074
99.7451
99.7093
98.7827
98.666
96.4719
99.0418
98.8721
98.9162
98.6622
98.0699
98.9519
99.5142
98.821
98.5698
99.0734
98.915
98.9342
98.746
99.4629
99.0926
98.7794
99.1892
98.7471
97.9968
98.8039
98.9607
99.722
98.9816
99.65
98.3381
99.0329
98.3022
99.11
98.2487
98.8378
99.1085
98.9645
98.6702
99.4428
98.8879
98.2143
98.9285
98.6233
98.9607
99.1889
98.2985
98.6892
99.7314
99.2618
99.4458
98.6426
98.9339
96.5373
99.0686
98.3986
99.3545
99.1742
99.0411
98.8703
99.0699
98.4885
98.9847
99.004
99.1085
99.1901
99.0783
98.8691
97.8632
98.9435
99.1976
99.5371
98.6521
98.4159
98.9212
98.8855
99.0808
98.5711
98.0181
99.067
99.1334
96.6511
98.1793
99.0144
99.5817
99.1144
98.8616
99.024
98.9378
98.9084
99.1741
99.3607
99.1879
99.3571
99.4444
99.3839
98.8979
98.9515
98.8947
98.9276
99.079
99.5845
98.894
98.9337
98.9933
98.7696
98.7449
99.1326
98.9154
98.7531
99.071
99.6978
98.4062
98.8331
99.0053
98.9491
98.9365
99.011
98.3496
98.8731
98.3068
99.0462
98.4371
99.4596
98.4268
98.7551
99.0883
98.8885
98.9667
96.6347
98.8439
99.0911
98.9387
96.6861
98.7673
99.4699
98.8026
98.9748
98.2169
99.4054
98.9427
98.2467
98.5372
99.1595
99.2161
98.9834
99.0871
98.9289
99.0501
98.9685
98.7655
99.254
98.1208
98.9447
99.0904
98.9591
99.0919
98.7472
98.4144
98.7343
99.1025
99.3495
99.399
99.8077
99.4252
98.9442
99.1813
99.081
98.2815
98.3109
99.1721
99.0715
98.8556
98.4536
99.6145
98.3438
99.1775
98.8094
98.8529
99.0343
98.261
99.493
97.7695
98.1285
99.4374
97.1541
98.2725
98.7365
98.1896
99.025
98.2102
98.1887
99.0441
98.7464
99.4975
98.9039
98.9204
98.9703
98.8916
99.148
98.4781
99.8245
98.2674
98.3962
99.9656
98.262
96.6809
98.4014
98.8073
98.0813
98.8626
99.0069
98.8044
98.6811
99.1237
99.0129
99.0728
99.4527
98.1562
98.6706
98.7946
98.8675
98.9663
98.2674
98.149
98.6762
98.7889
98.9773
99.6919
99.1874
99.282
99.0717
99.3716
99.168
98.9152
98.7896
99.7905
99.1922
98.395
98.9153
99.7098
99.0411
99.0753
99.9927
99.2043
98.8728
98.7408
99.0027
98.9121
99.1021
99.7403
99.2009
97.9835
98.871
99.1451
98.7295
99.5902
99.3657
99.0494
98.9428
96.9334
99.0738
98.8903
98.8662
99.0421
98.3192
98.1895
98.8123
98.9838
98.0196
98.9466
97.9624
98.9385
99.1415
98.3559
98.9099
99.2586
99.1618
98.7185
98.863
99.1235
98.2057
99.4466
98.271
98.9649
99.5497
99.1785
99.0816
98.9096
98.767
97.9912
99.5743
98.0486
98.948
99.0631
98.9528
98.8939
99.5144
98.8353
98.7846
99.1809
99.9077
99.2958
99.2014
99.0787
99.4342
98.7307
97.1158
99.4829
99.0506
98.9406
99.1043
99.0607
98.2728
98.2975
98.3769
99.0271
99.0319
98.3332
98.3941
99.0568
98.9221
98.8517
98.7468
99.2559
98.048
99.1981
98.9209
99.591
98.6981
98.6804
99.0749
99.0941
98.9333
99.1237
99.0418
99.025
99.1774
98.2537
99.1276
98.9963
98.2068
98.9231
99.0088
99.2581
99.4823
99.5916
98.7238
98.9584
98.6357
97.9868
99.0611
99.0528
98.8454
98.4247
98.8059
98.9796
99.0787
98.9843
98.8279
98.9729
98.963
98.9856
98.6175
99.1693
99.0429
99.9287
98.9628
98.9869
98.2871
98.4128
98.77
98.8452
96.7011
99.6444
99.4333
99.1249
98.8266
98.9911
97.1718
98.9937
99.0259
98.958
98.9153
98.7007
99.1024
98.037
99.1869
99.0336
98.942
99.0885
99.1384
99.0625
98.8223
99.0942
99.0415
99.104
99.0989
98.3049
98.7755
98.9243
99.6058
98.9194
98.9993
98.4492
98.1426
98.2946
99.512
98.9125
98.9305
98.8381
98.7639
98.2162
98.6671
99.1591
99.6349
98.8023
99.1197
98.9918
99.0807
98.7755
99.2533
99.0436
98.9293
98.5114
98.3182
99.0925
98.6968
98.9976
99.043
99.1045
98.3181
98.2935
99.0192
98.3891
98.2871
98.7548
98.2796
99.6178
99.131
98.717
99.1192
98.9578
98.4419
99.5441
98.8679
98.3184
98.8925
98.4029
99.4596
98.8935
99.0922
99.1671
98.0257
98.7261
98.3323
98.806
98.3116
99.1394
99.0082
98.9123
99.5471
98.4802
99.0498
99.0082
98.824
99.0883
99.1255
99.5933
98.884
98.0534
99.5631
98.6792
99.3854
98.7814
99.1072
99.5702
98.5995
98.4973
99.0457
99.42
99.2265
98.9221
98.8459
98.0833
98.6513
98.223
98.6718
98.0433
98.5361
98.9673
98.652
99.3183
99.5241
98.9744
98.7941
98.7757
98.7504
98.6886
99.0749
98.8114
97.9891
98.3173
99.0927
96.6591
99.0944
99.0632
99.4539
99.0036
98.3934
99.0015
99.1236
98.8745
97.9779
99.043
98.9156
99.0345
99.2444
98.6746
97.0654
99.0473
98.9965
98.9146
99.3864
99.0475
98.2165
98.2195
98.7624
99.1255
99.1069
99.0879
98.3882
99.0623
98.7582
99.8187
98.8252
99.3028
98.7542
98.365
98.9214
99.595
98.8677
99.2782
98.9459
98.7374
98.951
99.088
99.5292
99.2197
99.1178
99.0635
98.732
98.9396
98.9142
99.1443
99.6574
99.5879
98.0276
99.1862
98.995
99.3267
98.7856
99.5503
98.3707
98.7531
98.7927
99.4666
99.0947
98.2603
99.061
96.648
98.6909
97.8541
99.0433
99.8668
99.1739
98.9709
98.2239
98.638
99.0234
99.497
99.6025
99.7037
98.5765
98.8483
98.6943
99.4243
98.3975
98.7861
99.0667
98.2795
99.0444
99.0436
98.7783
98.3336
98.6375
99.198
98.4118
98.9014
99.2269
99.1087
99.027
98.8176
98.4231
98.8935
97.962
98.8972
99.174
98.7188
98.7348
98.294
98.2911
98.1234
98.781
98.7012
98.9783
98.3605
98.9356
98.997
99.0621
97.9417
99.8356
99.1192
98.3366
98.449
98.0948
99.1123
99.5749
98.8413
98.7546
98.9377
98.6612
98.7453
99.1363
98.3278
98.3013
99.512
99.0472
98.968
98.1308
96.9862
99.8315
99.21
99.1588
99.1697
98.3736
96.6657
98.7103
97.9988
98.97
98.2834
98.0148
98.9347
97.9822
99.0176
99.0691
98.2919
99.2754
97.0319
99.4954
98.6872
98.7332
99.0296
98.5601
98.9041
98.8745
98.2732
98.0951
99.4678
98.3118
99.8118
99.0168
99.0185
99.9454
98.8896
98.9886
98.8238
99.5687
98.7596
99.066
98.5846
98.9481
99.4918
98.1866
99.3696
99.1773
98.4636
98.199
98.1707
98.6444
98.3728
98.8108
98.9492
99.5085
98.4244
99.1194
99.0101
98.8373
98.9631
99.0694
99.1974
98.9783
99.1452
98.8734
98.9342
98.4192
98.0919
99.0038
98.7913
98.2376
98.241
98.44
98.1466
98.9575
99.1438
99.1992
99.4629
98.932
98.917
99.1313
99.5788
99.9906
99.3307
98.7994
98.9663
98.7872
98.6679
98.2613
98.6741
98.9715
98.358
99.3158
99.4442
99.0257
98.1389
98.9596
99.527
98.8975
98.9802
97.9623
98.2419
98.7845
98.4101
98.6315
98.3954
99.0894
99.3854
98.9094
97.9993
98.7999
99.6474
99.5081
97.9887
99.5948
99.6543
99.0061
99.2417
98.7122
98.2654
99.0217
99.1526
99.0128
99.6471
98.7141
98.801
99.0374
97.9136
99.1717
98.5765
97.9486
99.5894
98.7358
99.4313
98.7391
99.528
98.4945
98.8366
98.0728
98.376
98.7882
99.2417
98.3517
99.015
99.2082
98.5937
99.1362
98.084
99.1735
99.0274
99.314
98.6395
98.8454
98.6121
98.9612
96.9576
98.3899
98.2957
98.9788
99.5832
99.1334
99.0063
98.1826
99.6238
96.8623
99.05
99.5717
98.4362
98.1326
99.6105
98.8672
99.0935
98.7862
98.9951
98.1655
98.254
98.0959
98.8672
98.8234
98.0986
99.4268
98.6291
98.9518
99.1066
99.1672
98.8391
98.9757
98.7888
98.9201
99.0525
98.3905
99.5317
98.9205
98.7631
98.9698
99.0594
97.9967
98.5603
99.0456
99.4208
98.0664
98.9731
99.0912
99.3771
99.1943
98.2584
99.2487
99.0046
98.4754
96.521
99.0536
99.8043
98.3085
99.0214
98.037
99.286
98.0249
98.343
99.0139
99.3808
99.4458
98.9326
98.1348
99.0033
99.0386
99.7486
98.9859
98.8595
98.8887
98.899
98.4298
99.0225
99.1297
98.3557
99.4733
98.5796
98.6455
98.9237
98.7238
98.8136
99.5054
99.1098
98.8083
98.9221
98.6511
99.1445
98.6225
99.0453
98.8931
98.4085
99.171
98.9278
98.6952
99.1023
99.7424
98.9498
99.4787
98.7788
99.1494
98.9627
99.1109
98.8861
99.0299
98.99
99.4268
98.7366
98.1396
98.2923
99.0123
99.0433
98.265
98.9656
98.9887
99.1326
98.1064
98.4957
98.9529
99.0758
98.8893
98.8699
98.9732
99.0892
98.3558
98.2706
99.3957
99.034
98.9747
99.0903
98.9092
98.4472
98.2762
98.2353
99.3319
98.8421
99.1475
99.0246
98.1538
99.159
99.0197
98.1792
98.7628
98.8916
99.002
98.9874
98.9469
98.8775
98.9263
99.0639
99.1356
99.1119
99.0896
99.8481
98.3553
98.833
99.0836
98.9889
98.298
99.0258
98.9663
99.2998
98.3337
99.0198
98.9729
99.1172
99.0581
98.1591
98.5832
98.7696
98.8373
98.2672
99.6193
99.0863
99.5035
98.8535
98.9369
99.1478
98.8979
98.0869
99.6214
96.7054
98.1782
98.1768
98.395
98.6812
98.9957
99.0801
99.7968
99.9117
99.0445
98.6385
98.181
98.9295
98.9422
99.7238
98.9957
99.0159
98.5548
98.8171
98.7747
98.9824
98.3063
99.285
98.4203
99.0122
98.8974
99.0991
98.7438
99.0899
98.9571
99.0253
98.3761
98.3539
98.2348
98.9613
98.8191
98.7262
99.1256
98.901
98.0554
99.5424
99.1044
99.0805
98.9734
99.4754
99.1143
99.2006
99.5788
98.7342
99.2063
99.6206
99.1479
99.1441
99.0989
98.9785
99.4358
98.6611
98.6715
99.0361
99.6814
99.6637
99.0608
98.9477
98.5074
98.9746
98.3477
98.9685
97.9013
99.2643
99.5805
97.1945
98.8263
98.2931
98.7161
98.7509
98.6296
99.5802
98.1423
99.194
99.0636
99.108
98.9189
98.4025
99.0891
98.723
98.538
97.1873
99.0053
98.9552
98.3152
98.0488
98.8145
99.1217
99.0518
98.7957
98.2597
99.1032
98.7073
99.0523
98.3208
98.654
99.1416
99.32
99.1223
97.9384
98.839
99.018
99.0453
98.7552
98.8034
98.367
99.558
99.6071
99.0449
99.612
98.8746
99.0531
98.3537
98.8757
98.9321
98.088
99.008
98.1009
98.9482
99.659
98.427
98.296
98.3341
99.1666
99.4126
99.6822
98.329
99.1468
99.0892
98.7924
98.347
99.1072
98.8897
99.0361
98.9742
98.5809
99.7108
99.5646
99.1754
98.8035
98.8215
99.009
98.5427
99.0195
99.0882
98.8867
99.0867
99.0559
99.7796
98.7058
99.2355
99.0934
99.1399
98.1826
99.3691
99.4789
96.6682
98.9953
98.1017
98.6964
99.4835
99.4131
98.7408
99.4475
98.309
98.9843
98.9998
98.7955
99.0035
99.4436
98.8325
98.9923
98.9718
99.2187
98.9426
98.6866
98.7699
99.1633
99.6254
99.1223
98.1396
99.0189
99.7914
98.8327
99.0416
98.9836
98.1967
99.3686
99.0695
99.3693
97.9107
98.7439
98.73
99.1481
99.0475
98.7695
98.134
98.7189
99.217
98.3574
99
99.6262
99.076
98.4447
98.9634
98.1847
98.7182
98.6457
99.3236
99.0542
99.3176
98.8781
99.1105
98.6455
98.7966
99.1851
98.8086
98.4221
99.1915
96.6037
98.9903
98.6616
99.1389
98.8496
98.773
98.1548
99.0166
98.4597
99.0642
99.011
98.9526
99.1377
99.0822
98.3574
99.4928
99.8528
99.3882
98.4179
98.943
99.0739
98.9963
98.9338
98.894
99.3674
99.1147
98.9252
98.125
99.494
99.2271
99.1222
99.1412
98.4013
99.7282
98.6434
98.9757
98.9352
98.9522
98.0924
99.1079
98.9034
98.9579
98.6712
98.9621
98.7668
98.5372
99.1128
98.9645
98.253
99.3658
99.0145
98.9564
99.516
99.0386
99.1181
98.4265
99.1535
97.1631
98.4342
99.673
98.3381
99.4917
98.965
99.5932
99.0447
99.3358
98.9919
99.0716
98.7107
98.923
99.1049
99.0687
98.8247
98.1871
98.5634
98.9252
98.4475
99.0371
99.0151
98.2998
99.0405
98.7667
98.1287
99.0511
98.4956
99.5403
99.8666
98.0558
99.0519
98.9654
98.8123
99.4125
98.9393
98.2843
99.0842
98.8747
99.0287
98.9518
99.6509
98.9447
98.8952
98.8442
98.7345
98.2934
98.323
99.4254
99.3065
99.5843
99.1203
98.9594
98.4539
98.4155
99.4818
98.3473
99.0796
98.9377
99.1606
99.0999
99.1702
98.9343
99.2334
98.8463
98.9542
96.6885
98.7398
98.7106
98.852
99.0494
99.0019
99.0684
98.3402
99.111
98.9632
99.0581
98.9372
99.6203
98.9745
98.358
98.7817
98.966
98.3074
99.0284
98.3993
99.0896
98.1499
98.7496
98.7295
98.8783
99.0383
98.8194
99.1184
99.5059
99.4871
98.7111
98.9971
99.0722
99.046
98.5145
98.9425
99.0331
98.9423
98.6298
99.0008
98.7725
99.4628
98.9898
99.3672
99.5385
97.9201
98.7144
99.7485
98.7865
98.6915
98.9837
99.6067
98.8521
99.988
98.9209
99.6718
99.5589
98.8101
98.9622
98.8944
99.0106
98.9136
99.1113
98.8982
98.0638
98.8969
98.8433
98.1172
99.457
99.2105
99.0892
98.2308
98.592
99.1279
98.9468
99.0503
99.0147
97.9592
99.3874
99.5345
98.6501
98.9561
98.9041
99.037
98.8321
98.3223
98.4396
99.5945
98.4223
99.2337
99.0249
98.954
96.9075
99.116
96.617
98.2946
98.692
98.2627
99.0563
98.0522
98.4432
98.7912
98.8555
98.3514
98.9222
98.5587
98.9461
99.0231
98.1632
99.1448
98.3916
97.0872
98.9558
99.0622
98.7442
98.7425
99.1104
99.1688
99.0031
99.5449
98.9737
98.2976
99.5982
98.9902
98.1248
98.2331
98.9486
99.6783
98.8969
98.6785
98.886
98.8593
98.2545
99.0134
99.247
98.7642
98.2627
99.6919
99.1472
98.8125
99.1216
99.0975
99.2749
99.065
98.3449
99.0411
98.9733
98.7828
99.0091
98.9397
98.4277
98.9273
98.7417
99.0085
98.7497
98.2075
98.5681
99.4472
99.0509
99.0925
99.1282
98.6716
99.0065
99.1563
99.6535
98.0861
98.4085
98.7117
99.2287
98.2471
99.14
99.0112
99.0337
98.858
99.3574
99.0669
98.8949
99.0518
98.8057
98.8159
99.0134
98.5872
99.0373
99.6683
99.1282
98.3031
98.9956
98.7423
99.0097
99.1235
98.922
98.1664
98.9823
98.0069
99.1255
98.9414
99.7107
98.861
99.501
99.5042
98.8945
98.9965
98.9094
98.8228
99.13
99.3897
99.6399
99.7255
99.1542
99.0149
98.3833
99.1579
99.4522
98.4042
98.3388
99.0802
98.3854
98.779
99.5041
99.1158
98.9508
99.5577
99.0182
98.9582
98.9398
99.0708
99.6704
99.0009
98.0718
99.4038
98.8309
99.1754
98.243
98.9848
98.9687
99.0181
98.9585
98.7726
99.0939
98.3605
99.6446
98.3892
98.1161
98.9255
99.0492
96.6269
98.3523
99.091
99.7569
99.4531
98.775
99.0227
99.3358
98.4542
99.0516
98.9985
98.4396
99.1057
99.7878
98.9437
99.531
98.3377
98.4044
99.2326
98.6405
99.5748
99.5188
98.4142
98.1817
98.556
99.5935
99.1154
98.3574
96.5559
99.3895
98.9804
98.7841
98.9975
98.842
99.0545
99.4646
98.9101
98.7473
99.3074
98.9139
98.2649
98.3708
98.2805
99.6217
98.9626
99.7883
98.991
98.5681
98.2043
98.6442
99.0954
98.8916
99.1784
98.658
98.8618
99.151
99.3665
98.9442
99.0183
98.8526
98.4606
98.1653
99.3167
99.7649
99.1684
99.5661
98.921
99.056
98.9172
98.6414
98.8955
99.0856
98.9375
98.1645
98.9509
99.2877
98.2307
99.1114
98.9626
98.4081
96.7186
98.9082
97.1429
98.3594
98.3649
98.5272
99.0233
99.0678
99.6757
98.1674
99.1509
98.182
99.1307
98.9492
97.8863
98.409
98.3278
98.9852
98.31
98.9396
99.1068
99.4649
99.8904
98.9914
99.0751
98.9226
98.9589
98.7339
98.3965
98.2877
99.0381
99.0412
98.0819
99.0616
99.0607
98.9949
98.9752
98.7699
99.4907
99.5413
99.1318
99.5539
99.0693
98.2492
98.8842
98.3942
99.0345
98.9349
98.7286
98.9908
99.0443
99.0002
99.0468
99.0288
98.7198
98.8313
99.0248
98.882
98.9271
99.1271
99.5708
98.7184
98.4577
98.9842
98.8705
98.6028
98.2852
98.7442
98.5608
98.8499
98.8495
98.3565
99.795
98.965
99.0218
99.0154
98.6573
99.1016
98.718
98.0639
97.9847
98.9262
99.1317
98.3041
98.8526
98.9384
99.1384
98.9106
98.3374
99.5768
99.6266
98.6925
98.7376
99.4549
99.3708
98.9282
98.9194
99.1398
99.2852
98.3589
98.9297
98.7222
98.3547
99.5669
99.0626
99.1441
98.6318
99.6995
99.0698
98.4833
99.033
98.8655
98.8922
99.1023
99.0772
99.0829
99.6306
98.3345
98.9603
99.1334
99.5654
98.9427
99.0066
98.261
99.0136
99.0979
98.5806
98.8132
99.1075
99.4784
99.1382
99.0422
98.1412
98.1474
98.3139
99.4394
98.9953
98.3429
98.9474
99.1497
98.839
98.7898
98.3545
98.5016
98.9146
98.7505
99.043
99.3997
98.8832
96.468
98.1628
99.3637
98.2141
99.7415
99.0425
98.3445
98.952
99.1044
96.4861
99.4791
98.9769
99.0535
99.1001
99.6733
99.0865
98.7172
98.1769
99.0135
99.3574
99.1885
98.8304
99.0475
99.8293
98.033
99.0527
98.9567
99.125
99.4331
99.3668
97.9807
98.2759
98.7945
99.0445
99.0723
99.1129
99.6023
99.2908
98.8873
98.2916
98.9403
99.0289
98.9826
98.3672
98.7688
98.6496
99.5299
98.9984
99.0399
99.2034
98.3151
98.1792
99.3187
98.904
99.1237
98.049
98.6898
99.0872
98.7951
98.5811
98.988
98.8323
99.6486
98.7288
98.7955
98.7294
98.0261
98.893
98.7366
96.5995
98.1911
98.8332
99.4785
98.8646
98.9419
98.9138
98.9986
99.3957
98.9265
99.4621
98.7477
99.1425
98.2857
98.97
98.327
98.8804
98.3017
99.4145
98.71
98.897
98.3614
98.9081
98.6978
99.066
99.1456
98.8611
98.495
98.8304
98.9233
99.0901
99.5516
99.5454
99.0233
99.2933
99.0328
98.2172
99.4003
98.2063
98.8957
98.152
99.0242
99.2339
98.0527
99.6803
98.7381
98.2812
99.1647
99.0235
99.0963
99.4856
98.8037
99.0686
99.5964
98.9306
99.6749
98.3418
98.9144
98.7168
98.3036
98.6538
99.1446
99.0229
98.961
99.034
98.3137
98.9806
99.0101
99.0192
99.6524
99.3705
99.3819
98.5212
98.8841
99.1019
97.0326
98.9747
98.6863
98.2336
98.8716
98.9185
98.8339
99.0423
99.0482
98.9931
99.6304
98.6339
99.1362
98.9652
98.7737
99.0832
99.0989
99.0239
99.4777
98.9965
98.387
98.9785
98.4481
99.8225
97.0298
99.5901
99.1069
99.139
99.4289
99.6564
99.0726
98.9262
98.1478
98.9965
99.249
99.4935
99.0499
99.0107
99.1965
98.994
99.6428
98.9751
99.0677
99.6534
99.3589
98.3388
98.9959
98.2088
99.1159
98.8425
98.9026
98.9173
99.2135
97.8239
99.0836
98.8712
98.9755
98.6221
98.8769
98.6912
99.0123
99.6292
98.3559
98.3635
98.9636
99.8253
99.0878
99.1296
98.303
99.1076
98.8005
98.9373
98.7024
98.7691
99.0736
99.6152
99.1025
98.204
99.8804
99.0903
98.3341
99.087
98.959
98.9458
99.0677
98.8803
98.2718
98.8999
99.6175
99.3792
98.9966
98.7021
99.0074
98.9266
98.7731
98.1279
98.8326
99.0288
99.1114
98.7616
98.6374
98.9781
98.9414
99.3202
98.9578
98.8571
99.1375
98.9172
98.9725
98.8455
99.2269
98.6
98.3391
99.5579
98.9839
98.8099
99.1947
98.8873
99.1886
98.9669
98.9246
99.0344
99.4274
99.6064
99.115
98.8619
98.9864
98.642
99.0875
98.8138
98.9735
99.1022
98.3917
98.9851
99.1046
98.9448
98.9851
98.8899
99.0445
98.9534
99.0714
99.6341
98.5798
98.8412
99.2286
99.0737
98.7147
98.6225
99.4818
99.3493
98.0565
98.9764
99.5729
99.072
99.0124
99.143
99.2523
99.066
98.9215
98.7273
98.6621
99.5449
98.9192
99.0238
98.8412
98.0802
99.1386
98.9574
98.7404
98.8372
97.9707
99.0519
98.8013
98.3596
98.1462
98.8338
98.9673
98.9738
98.8684
99.0227
98.6098
98.4336
98.343
99.3927
98.3082
99.7491
98.0676
98.9769
98.6438
98.8534
98.427
99.0082
99.0317
99.0846
99.0153
98.7449
99.0368
99.0336
98.8345
99.115
99.1834
98.9586
98.2512
99.2899
99.0059
98.9639
99.0155
98.9054
99.047
99.6376
98.1298
99.0201
98.9593
98.9505
98.2297
98.8719
98.8978
98.9062
99.5672
98.7708
98.3681
99.161
98.9571
99.5121
98.6328
98.8145
98.9855
98.7628
98.8828
99.4169
99.6582
98.2396
97.155
98.8332
98.7832
99.0367
99.1259
99.5129
99.0184
98.8302
99.1086
98.7497
98.971
98.9308
96.7759
99.0472
99.5446
99.0031
98.724
99.0671
98.9646
99.3552
98.9852
98.6325
99.0479
96.6127
98.9578
98.7433
98.2894
99.0847
99.6979
98.7491
99.4054
99.0276
99.2805
99.0372
98.9584
98.7656
99.5933
99.1331
98.29
99.1604
98.6614
98.9989
98.3142
98.1586
99.1216
99.5375
99.1999
99.1664
99.7179
99.4184
98.9337
99.0744
98.8836
99.0862
99.4519
98.7598
98.7699
99.1012
99.1707
98.7715
99.0647
99.3835
99.0782
99.6108
98.9044
98.777
98.3331
99.0065
98.071
99.0597
98.7329
98.6443
99.653
98.1007
98.3438
99.0316
99.0108
98.9939
99.0486
98.4615
98.4608
98.2184
99.0836
99.0137
99.1591
99.055
98.1093
98.9006
98.9839
99.0262
98.6392
98.2509
98.2763
99.4576
98.8402
98.4938
98.8007
99.0406
96.6237
99.1003
99.0978
98.9793
98.28
98.9522
99.4587
98.9482
98.8616
98.6503
98.7693
98.8844
99.3014
98.7925
98.4054
99.4417
98.085
99.0716
99.7159
99.1039
99.183
99.0503
98.7424
96.7496
98.0289
99.0452
98.6188
98.7799
98.4004
99.1684
98.8061
98.0579
98.7542
98.0809
99.0789
99.6541
98.9416
98.719
97.1535
98.8754
99.1663
98.8344
98.8235
98.7352
99.1488
99.4211
98.7604
98.8854
99.4609
98.8605
98.3074
99.0765
99.1073
99.754
98.9802
98.3638
98.8841
98.43
99.1236
99.0033
99.0082
99.0352
96.6388
99.029
98.9536
98.6162
99.0067
99.5244
99.5148
98.4844
98.7951
98.9275
98.278
99.2536
98.8207
98.3293
99.1691
99.4159
98.98
97.0819
99.1291
99.1217
99.5578
98.7226
99.2848
98.2798
99.0385
99.734
98.9055
98.8869
98.8659
98.7969
98.7911
98.9606
99.1305
98.7605
98.256
98.2267
98.16
98.9834
98.84
98.7608
98.8432
98.8169
99.0035
98.3124
98.301
98.0738
99.9867
98.7635
98.7617
98.782
99.1004
99.6268
99.0376
98.9597
98.742
99.4958
99.5801
99.0868
99.2373
98.7148
98.3798
98.6147
98.2471
96.7388
98.2465
98.5449
98.9172
99.005
98.4628
98.7985
97.9923
98.7031
99.4032
98.7218
98.6605
98.7119
99.5037
98.3128
96.5905
98.323
98.9338
98.874
99.2393
98.2539
98.2882
99.1315
99.7143
99.0342
98.9537
99.5915
98.3565
98.6533
98.5128
99.1402
99.5815
98.9731
99.4601
98.8873
98.8813
99.1902
98.9232
98.829
98.8037
98.904
99.3407
99.0529
98.3332
99.0844
98.0924
98.5244
99.0398
99.0537
99.4236
99.2699
98.9304
99.4783
99.0921
98.7481
98.7479
99.6115
98.7838
99.6374
98.7535
98.9618
98.2198
99.3979
99.0841
98.7747
98.7042
98.8266
99.0838
98.8175
99.4142
99.1319
99.0402
98.9493
97.923
98.9503
98.4244
98.8294
98.9494
99.4678
99.0046
99.7807
98.9232
98.9563
99.6329
98.1257
98.9965
99.0627
99.1334
98.9039
99.607
99.5959
99.1173
99.0406
98.1178
99.1812
99.9562
98.8684
98.666
99.0203
99.0861
99.1883
96.6225
99.9898
97.9937
99.1176
98.3613
98.7915
98.864
98.096
98.6336
99.4811
99.0189
99.1298
98.9433
98.3313
98.3439
99.8448
98.8279
99.0808
98.1687
99.3506
99.0713
98.98
99.3931
99.4042
98.7218
98.2746
99.4661
99.0334
98.4344
98.613
99.1593
99.4683
98.9682
99.0454
99.4936
98.6469
99.0504
99.1221
98.4616
99.0097
99.4692
98.6327
98.418
99.0659
99.2
98.3272
98.3054
98.7627
99.2102
99.0145
98.2453
99.5008
99.7442
98.9287
99.3978
98.8948
98.836
99.0669
98.3792
99.0257
98.4204
98.8344
99.0237
98.2443
97.8632
98.9591
98.7579
98.9467
98.2242
98.9737
99.1448
99.1042
98.302
98.3284
98.984
96.7339
99.1253
99.105
99.0117
99.4346
96.5607
98.9175
98.5041
98.9746
99.4784
98.6414
98.8581
99.1081
98.1169
98.8892
99.4726
99.1464
98.4646
99.1999
98.9995
98.8859
99.0033
98.5516
98.3736
99.2007
99.616
98.4025
98.9515
98.7468
98.2523
99.0255
98.6832
98.9047
99.6908
98.1684
99.0504
98.9236
96.6748
98.803
98.895
99.0454
99.1662
98.7878
98.9019
98.5083
98.8936
98.8916
99.0117
99.9171
98.6567
99.0488
99.5759
98.7661
98.2786
99.0051
98.0296
99.0538
98.2847
99.1647
99.0499
99.928
98.8394
98.7582
99.081
98.3249
97.1647
99.0889
99.1044
98.6138
98.9296
97.9023
99.2822
98.8412
99.067
98.9494
99.1611
99.0387
98.3373
98.9466
98.8897
98.5711
98.1937
98.9111
98.963
98.2117
99.7147
98.9079
99.5176
99.1565
98.6534
99.4482
98.9259
99.0589
97.7457
98.0958
99.026
98.7475
99.0387
99.4477
99.1744
98.9582
98.4949
98.978
99.4333
99.0574
98.8328
98.5353
97.9976
99.0061
99.0377
98.8944
98.3526
99.1891
99.5023
98.4551
98.3636
98.0886
99.1568
96.7599
99.1206
98.8606
98.7401
99.1199
99.166
99.1465
98.1015
96.6401
99.5831
98.9034
99.0236
98.7515
99.0945
99.4539
98.8706
97.1494
96.8087
99.216
99.1482
98.2359
99.0094
98.9372
98.9468
98.4352
98.7816
98.7354
98.7377
98.3777
98.932
98.8239
99.1607
98.97
99.2569
98.7896
99.1626
99.076
99.0952
99.0954
98.9942
98.4846
99.0976
98.8499
98.7156
98.9675
99.0781
98.9928
98.9727
98.2966
99.0143
99.5246
99.5117
98.2025
99.5572
99.7581
99.0173
99.4572
98.7219
99.0366
98.4043
98.882
99.1032
99.2138
99.073
98.9744
99.4095
99.0962
98.7094
99.0322
98.3788
98.8519
99.0816
98.1035
99.2416
99.0398
98.3828
98.4485
99.0723
99.5614
98.3285
99.3744
98.4427
98.7915
98.8837
99.1719
98.3882
99.5076
99.0682
96.6587
98.2527
98.873
99.4996
99.0184
99.4492
98.5714
99.0321
99.6153
98.7656
98.3545
98.2998
98.8785
98.8576
99.4568
99.2264
99.042
98.9611
99.4494
99.1663
98.6752
99.1182
98.806
99.2425
99.1812
99.2235
98.676
99.0744
99.028
99.1105
99.0344
98.8152
96.6862
98.8934
98.6217
96.9965
98.9549
98.6478
98.6872
99.1294
97.9649
99.188
98.9338
99.0661
98.8955
99.4913
99.0574
98.8145
98.9904
98.8739
98.953
98.2078
98.7214
99.1567
98.7341
98.9424
98.0872
97.2148
98.9816
99.4488
98.3031
98.9756
99.2578
96.5963
99.2325
98.995
99.501
98.725
99.0385
98.8644
99.0416
99.1517
99.3014
98.9332
99.0566
98.3219
98.0319
98.8217
98.2191
99.4607
99.1252
98.978
96.5181
98.3597
98.1662
98.0728
98.8516
99.1323
98.2251
98.8071
98.7853
98.3186
99.6619
96.6789
98.4136
98.3883
98.8184
99.6544
99.1196
99.0413
98.8978
99.0227
99.5552
99.1449
99.11
98.7242
98.7737
98.4
98.9959
98.1175
98.7035
99.283
99.4384
99.1
99.1097
98.3412
99.1546
99.0502
99.2156
99.6784
98.9112
98.7482
97.999
98.8345
99.2638
99.1019
98.4052
98.4244
99.4028
98.9681
99.1267
98.7685
99.1474
98.8946
98.9341
98.8885
98.6575
98.7063
98.9686
99.0529
98.9884
99.0623
98.8989
98.2281
98.7377
97.2313
98.0532
99.0547
98.802
98.9228
98.8268
98.0251
98.7424
98.686
98.7829
99.5256
98.1247
98.4186
98.7506
99.4758
99.4929
99.4718
99.5455
99.0509
99.1084
99.7331
99.6628
98.756
99.2733
98.6975
99.9966
98.3086
98.2675
98.3676
96.7732
99.0874
98.4827
98.8803
99.1851
98.8848
98.7685
98.7776
98.9361
99.1349
99.1008
98.9557
98.9021
98.3805
99.0007
98.9939
98.309
98.9575
99.078
99.5385
98.8104
98.4689
98.9998
99.095
99.0403
99.0699
99.5507
99.1294
99.1201
98.5276
98.8576
98.9094
99.55
99.1077
99.1413
96.7067
99.209
98.9296
97.9592
98.521
98.8511
99.1584
98.4221
98.8516
98.6424
98.7078
99.158
99.617
99.1048
98.4835
99.0627
98.9289
99.1624
99.7858
98.0357
99.0104
97.2082
97.1286
98.0654
99.5879
97.102
99.1585
98.8734
99.1851
98.848
98.1459
98.8066
99.1503
99.0202
99.012
99.1984
98.2583
98.3435
99.0713
98.6138
98.3134
99.5197
98.9023
98.9645
99.0849
98.4811
98.9529
98.7572
99.6011
98.9429
98.9418
98.3508
98.545
99.7595
98.9775
99.016
98.9395
98.1049
98.828
98.9024
98.5056
98.1498
98.3202
98.1806
98.2859
99.075
99.1584
98.8628
98.6852
99.0714
98.3658
96.7492
99.1502
98.3323
98.6709
99.0214
98.975
98.694
99.5001
99.0932
99.1238
98.9578
98.3854
99.2463
99.059
98.3792
98.9022
98.9695
99.0161
98.931
99.3099
99.0428
99.1579
99.1356
99.6557
98.8612
98.3549
98.732
98.4564
98.7768
99.064
98.5266
99.1304
98.9127
98.8568
99.3098
99.5449
98.855
98.1333
98.8185
98.8103
98.9307
99.0511
98.0593
98.7848
99.3592
98.4342
98.4684
98.7812
99.1018
99.125
98.9301
99.7572
99.0302
99.0612
99.0313
97.1794
98.9132
98.1172
99.6814
98.9927
98.9315
98.9068
98.0744
98.1854
99.0885
98.8937
99.2152
99.001
99.4774
99.016
98.9364
99.2601
98.1464
98.0324
99.8577
99.1118
99.1689
98.8779
98.1634
98.7864
97.9776
98.2629
98.7315
99.1336
98.9452
98.5223
99.0997
99.1143
99.1619
99.219
98.9747
99.1467
98.8395
99.6048
98.4935
99.5419
99.0452
99.1911
99.1099
98.9267
99.2062
98.7854
99.0481
98.1355
99.3661
98.9057
98.8786
99.4407
99.0176
99.1181
99.0457
96.7078
98.2887
98.761
96.6501
97.9032
98.3914
99.0825
98.9408
99.1611
99.0426
98.9743
98.415
98.9679
98.697
99.209
98.898
99.3455
98.9755
98.2241
99.5442
98.7579
98.8271
98.9839
98.7512
98.9458
98.2724
98.2482
98.086
98.8302
99.0822
98.3752
98.9693
98.851
98.7392
99.0844
99.3658
99.4363
99.1154
99.4832
98.6826
99.0391
99.6199
99.4316
99.0751
99.0306
98.9647
98.9706
98.1324
98.9184
96.525
98.9628
99.5094
98.8015
98.7926
98.5517
99.3436
99.0487
98.4951
99.1115
98.8518
99.3452
99.455
99.0727
99.9072
98.3208
98.3446
99.0793
98.9147
99.0259
98.9291
98.4148
98.2791
96.6452
99.0158
99.1136
99.1199
98.8302
99.0442
99.3734
98.7718
98.3784
97.9573
98.3518
98.7901
99.218
98.9496
99.629
98.3953
98.404
98.9715
98.2167
98.8075
99.0809
99.1554
96.6508
98.3348
98.9671
98.0101
98.1464
99.1194
98.0901
98.3298
98.3283
98.8996
99.2019
98.7372
98.7407
98.0227
99.1266
98.9671
99.2865
98.8546
99.0692
98.0386
98.3286
99.0658
98.7386
98.8048
98.9928
98.2944
98.8481
98.9371
98.9447
98.999
98.3658
99.176
99.0941
98.8758
99.715
98.9981
99.0099
99.1425
98.8321
98.7767
99.0998
98.6513
98.9075
98.9354
98.8905
99.0991
98.8945
99.116
98.0325
97.1009
99.5446
99.8214
98.9062
99.5512
98.2856
99.0744
98.8699
99.679
99.1512
98.8074
99.1457
98.9397
98.2701
98.38
99.657
98.3916
99.6697
98.3177
98.7505
98.3268
98.9998
98.5264
99.7626
99.0208
99.1346
98.9624
98.9742
99.7053
99.6625
99.5341
99.6116
98.3045
98.1927
99.1071
98.8359
98.3269
98.2935
99.4965
99.0844
98.4938
98.8488
98.8782
98.7427
99.1302
99.3753
99.6439
98.5593
98.0673
99.2338
98.8012
98.2625
99.1012
98.2651
98.7001
99.5919
99.2328
98.9975
98.277
99.7718
98.8188
98.0424
99.5426
98.8618
98.9638
98.7424
98.4053
98.7864
98.978
98.1568
98.0676
98.8702
99.0868
99.1145
98.7684
99.6915
98.3606
99.0056
99.0594
99.0985
99.4726
98.8752
98.8164
99.4736
98.3575
98.2981
98.9836
99.5311
98.882
99.0445
99.0123
98.5742
99.5439
99.1305
98.9499
99.5485
98.8593
98.7792
99.3225
98.7285
98.9874
98.8226
98.8087
99.13
99.1318
99.1401
98.8313
99.1181
99.2861
98.8545
99.1158
98.8657
98.2469
98.7751
99.8003
99.5023
99.7673
98.8969
99.0126
98.3631
99.0628
98.3722
99.1671
98.8604
98.7513
98.9197
98.1473
98.9668
98.8537
99.6537
98.1134
98.4005
99.5573
98.9529
99.0127
99.7127
99.4343
99.4638
98.9461
98.9888
98.3297
99.6243
98.8438
97.9439
98.4173
98.2088
98.6949
98.2886
99.1652
98.7636
98.9407
98.5756
98.8744
99.0659
98.4095
97.9671
99.6143
98.9374
99.1544
99.119
98.9204
98.9098
99.0372
98.1056
98.6216
98.3583
98.9956
99.1712
99.0712
99.0792
99.0369
99.068
99.1969
98.2419
99.5269
99.0735
99.5599
98.6859
98.35
98.2112
98.6512
99.0919
98.8935
98.092
98.2902
99.214
99.0428
99.5597
98.8536
99.031
99.0367
99.4051
98.8595
99.0826
98.9265
99.4459
98.9769
98.9889
98.7684
99.3208
98.8263
99.0529
99.2087
98.882
98.7958
98.9466
98.9845
98.6885
98.8563
98.4411
99.1424
99.1023
98.9734
98.9795
99.005
99.0678
99.3719
98.2828
98.7119
98.372
98.9706
98.2655
99.7114
98.4056
98.3658
99.0259
98.9951
99.6192
99.0111
98.3401
99.3228
98.849
98.9663
99.0645
98.3213
99.5839
98.3123
98.8902
99.4317
99.2536
99.1485
98.8537
98.6187
99.5574
99.5497
98.8771
98.4407
98.0333
98.3484
98.6891
99.8955
99.1424
99.2688
99.0861
98.4485
99.1271
98.6973
99.2045
98.3323
99.243
98.6623
99.1102
98.8189
99.2556
99.077
98.2974
98.8448
98.2058
99.0357
99.141
99.0828
98.7954
99.0938
99.0737
98.7931
99.5331
98.9383
99.4246
98.3799
99.4624
99.0371
99.1227
98.787
98.2294
99.1563
99.0756
98.3586
99.1441
98.6611
99.8465
98.7316
98.3977
98.8554
99.5052
98.8159
98.8463
98.7119
99.1552
99.1256
98.5134
99.1146
98.9831
98.7126
99.0253
99.2673
98.9555
98.9067
98.3128
98.9336
98.1677
99.7003
99.2124
99.0239
98.4495
98.1361
98.7611
98.4405
99.0323
98.1202
99.4883
99.0167
98.7597
99.066
99.4391
98.7802
99.0221
98.8861
98.7958
98.3966
98.8836
99.1414
98.7197
98.906
99.1736
98.7715
98.2864
98.9974
98.421
98.4678
98.4702
98.8981
99.1357
99.027
99.0366
98.9207
98.7461
98.6922
99.124
98.4654
99.7921
98.9069
98.2549
99.2501
98.7781
98.3183
97.9295
99.906
98.2025
98.6979
98.1189
98.9485
99.0034
99.0836
98.5984
99.0684
98.3131
99.5319
98.8448
99.6262
98.8414
99.5707
98.8828
98.5068
99.2156
98.9585
99.928
98.9318
98.3543
98.8582
98.7398
98.2629
98.9683
98.335
98.9039
98.2108
98.0667
98.3389
99.0113
98.4715
98.9825
99.4515
98.7338
99.5004
99.3637
98.8189
98.3558
98.0788
99.4117
99.1082
99.1891
98.242
99.5988
99.0283
98.7878
98.8631
98.7524
99.5866
98.9756
99.0878
98.2989
98.897
99.0144
98.9588
98.8549
99.6726
99.4412
98.9256
98.056
99.1219
98.3193
98.9097
98.728
98.7024
98.3391
98.7783
98.9527
