98.6959
98.5575
98.6168
99.0691
98.6751
96.996
97.8113
98.4637
98.5909
98.5545
98.9914
97.6811
98.4662
98.9471
98.9769
98.9717
99.5798
98.8924
96.9721
98.6458
97.8752
98.3343
95.6243
98.2568
95.6177
98.354
98.3118
95.6426
98.1673
98.6629
97.0301
97.7869
97.0484
98.5053
98.7631
99.0591
98.4191
98.9753
99.0254
95.7077
99.5184
98.4664
98.6957
97.4562
98.8918
99.4012
97.0752
98.3313
99.8677
98.6448
98.3526
97.092
99.3623
96.9755
98.4861
99.4367
98.5384
98.507
97.0826
98.9713
98.5562
97.105
97.4825
98.6307
99.041
98.1539
97.1401
98.4926
95.8934
98.1256
95.9489
98.5159
97.7035
98.891
97.0317
98.8326
99.7887
98.8004
95.6676
98.3848
98.6391
98.2577
97.1157
96.9843
98.0907
92.861
98.6281
98.7479
98.1941
98.9802
97.6459
97.1164
98.9936
98.7495
98.6694
98.2856
98.8278
98.7227
98.4159
99.4473
99.7912
98.5427
99.0264
98.3279
98.808
97.8112
98.6675
98.252
98.2479
98.9959
97.6824
99.8503
98.2673
95.7134
98.6524
98.5902
98.8777
98.1301
98.1929
98.6679
96.868
98.3284
98.6385
99.0088
97.3246
96.8915
98.2043
98.9218
98.6311
99.6929
97.6743
98.5219
99.066
96.8507
98.4751
98.6444
95.9545
97.0287
99.4681
97.5912
98.9345
98.444
97.8639
96.8718
97.1912
98.6224
98.3728
98.0364
98.5875
98.7346
98.3668
98.3401
98.8476
97.0963
98.4808
96.8928
98.5897
97.1728
99.4207
98.7824
98.1627
98.5902
95.5091
96.8934
98.6492
98.5301
99.0901
96.9431
98.8188
95.6666
98.2838
98.5774
98.6273
97.1089
96.9355
98.7661
98.5384
96.9862
97.0006
97.1722
98.5925
96.9725
96.8801
97.3392
98.7228
98.5536
96.9168
98.5986
96.9749
98.9558
96.992
97.0894
98.5639
97.9693
98.0951
97.0817
98.4678
98.6415
98.0445
98.4484
98.6397
95.6576
98.3716
97.0132
98.3935
98.5292
98.4322
98.3506
99.5757
96.9549
97.1154
99.8178
98.2659
99.7844
98.3213
98.3949
98.0758
98.2565
97.0345
97.0877
98.7493
96.8706
98.8676
99.6447
99.479
98.1753
96.9177
98.0507
98.6797
97.0543
98.1221
98.6545
99.6193
97.163
99.1255
97.0121
98.995
96.9719
99.4585
97.2362
97.0242
98.7314
98.5417
98.5082
98.3056
97.0742
97.0616
98.1608
99.6446
97.0057
98.4606
98.5545
97.0145
98.3778
98.2161
99.0145
98.959
97.8072
98.5877
96.9536
98.6627
98.7603
97.0748
98.5468
97.0169
98.568
97.6511
98.29
98.8518
97.9408
98.5931
99.9069
95.8159
97.0114
98.7183
98.8963
98.2128
97.75
98.3732
96.9014
98.5948
98.2921
98.1159
97.8068
98.1481
97.1722
96.8733
98.6997
95.654
97.0756
97.8889
98.7147
98.2374
99.1057
99.0329
98.3596
98.9766
98.2766
97.1782
98.9714
98.9604
98.4469
98.5839
97.8505
98.9329
99.6097
98.9137
98.9462
97.9939
98.9741
99.6896
96.8824
99.0815
95.8599
98.7762
98.7238
95.801
98.5913
98.7603
96.9911
98.2386
98.4332
98.6637
98.7356
99.6677
98.736
98.6509
98.4298
95.7366
97.0143
98.3821
98.7506
99.1251
99.5993
97.666
98.2664
98.891
98.43
97.0791
97.0551
99.5001
99.0086
98.8147
98.222
96.9939
98.9385
99.4335
97.1447
96.9916
98.6028
98.5707
98.3583
99.4245
96.9909
98.9382
98.7745
95.6841
97.89
98.4265
97.7339
98.2005
96.9755
98.3204
98.9836
97.84
99.4168
98.1944
97.1264
95.6666
97.0864
99.5888
98.3353
97.091
99.8287
99.6353
97.0569
96.8297
97.0229
97.7047
98.9127
96.9074
98.6199
99.7815
97.067
98.507
96.9344
96.9483
98.3919
99.8137
96.8534
96.9935
98.6162
95.5002
96.9828
98.9821
99.4618
98.3594
97.6691
97.0445
97.0302
98.5021
98.2815
98.6503
98.1785
98.2769
99.5495
98.3442
97.002
98.1333
98.2629
98.9266
98.9597
98.5586
98.8836
97.0044
98.6803
98.6889
99.0762
99.4847
98.7598
98.6745
98.7344
96.9489
98.3446
96.1072
98.9306
97.1864
98.3025
98.4657
98.4955
97.9208
95.5319
98.6785
99.0759
97.1358
98.5371
97.0153
98.9166
96.9376
96.9813
97.0389
98.3898
98.9296
98.5436
97.8407
98.7152
98.6075
98.9742
98.3384
98.8896
98.5271
98.3069
98.4567
97.8622
97.7303
98.3187
98.2958
98.6256
96.8867
95.7239
96.975
97.1093
98.4751
98.6004
98.9108
97.0232
98.636
97.057
98.3091
97.0647
97.1546
97.6631
98.8843
96.0396
98.4621
96.9292
97.5142
97.0917
98.6212
97.7563
98.7963
95.8288
99.5296
98.5157
96.9332
98.977
98.9122
98.5822
98.5309
97.8148
97.0704
98.4075
98.3048
98.3372
97.0231
99.4326
97.7158
97.1705
98.9839
98.9903
98.9493
96.7875
98.6512
99.3213
96.0313
98.0945
97.0373
97.6748
99.0186
98.4921
98.5453
98.3661
97.0181
97.1529
98.589
98.6014
98.462
98.4826
98.9352
97.8816
97.1102
98.8204
97.8324
98.1429
98.9186
98.9688
97.0413
98.99
97.2276
97.1057
99.633
98.4268
97.0012
98.6776
97.7751
97.0217
96.9884
97.1137
98.7841
98.5653
99.3496
97.0412
98.2482
98.0831
97.1672
98.8683
98.5124
98.1673
98.8652
97.8287
97.0382
97.8805
98.2946
98.7343
99.062
98.7337
97.6461
98.3178
97.8026
98.5158
97.7396
97.0191
98.637
97.0175
98.5111
96.9777
98.6465
96.8497
97.153
96.9605
98.669
98.5638
97.1112
96.9398
98.6556
97.1252
98.6825
98.28
97.8115
98.2892
98.8932
97.0416
95.7856
98.4823
98.6674
97.1136
97.0312
98.6274
97.0406
96.8696
97.145
98.1998
99.0939
98.3197
99.0507
97.8743
98.2508
98.5401
98.9887
98.1358
97.7277
95.5224
97.0057
99.111
98.5475
98.6601
97.0304
98.2621
98.5642
96.9443
96.9909
98.7162
98.9139
98.1563
99.8292
98.2908
95.8103
98.8654
97.2139
99.5546
96.9779
97.001
98.9166
97.8873
98.4978
98.7337
99.3114
95.6171
98.467
98.5227
96.8844
98.1155
97.1113
97.776
98.2347
95.5855
98.298
98.8188
98.3801
95.963
98.0724
96.9006
98.4949
99.019
97.9513
98.2436
95.8613
98.5718
97.1153
95.7891
98.5914
97.931
98.5762
95.7995
99.0355
97.1298
98.2577
98.9678
97.0789
98.6167
97.133
95.7015
98.2619
99.7359
99.8124
98.5444
97.049
98.8578
99.4712
98.7194
98.7195
97.028
98.3362
98.5807
98.4124
98.3344
98.5347
99.6896
98.39
95.4499
99.0797
96.8886
95.6729
96.9743
98.5457
98.8167
98.7114
98.264
98.6989
96.9784
95.8439
98.6075
95.9924
99.7602
98.9374
96.9641
98.7229
97.0024
98.5074
97.1611
95.8398
98.3939
97.0638
95.6458
97.6392
97.1798
98.464
99.6726
98.6417
97.6286
97.6824
97.7466
97.21
97.589
98.4648
99.0301
98.6625
98.6505
97.1136
98.3096
98.1461
98.9496
98.7021
98.8356
97.0704
96.9373
96.9147
98.5152
98.5489
95.7386
97.7305
98.9115
98.2115
97.1251
98.6521
95.6153
98.5073
98.1046
99.62
97.7385
98.9797
97.0485
97.5967
98.5607
98.5933
97.018
97.0625
98.4632
98.6194
98.6469
98.995
98.6188
98.2286
98.4592
99.7563
96.9526
96.0857
98.0603
92.8288
98.4695
98.9994
98.4304
99.8877
98.9606
98.8196
97.0268
99.7396
97.0049
98.6837
96.8253
98.6947
98.679
98.5188
98.2779
95.604
99.0092
98.6148
98.6207
97.1125
98.1674
97.0444
99.5296
98.6773
98.3118
99.0334
97.0722
97.8445
98.9001
95.6003
98.9776
98.871
98.6224
98.8251
98.9776
98.6861
97.0609
98.4507
98.4738
98.2325
96.9457
97.0206
95.7855
98.1756
92.8804
98.2716
98.3772
97.7085
98.3955
98.043
98.3405
98.3597
96.9201
98.9959
97.1784
99.082
97.0153
98.7128
98.733
98.5262
98.8934
98.0522
96.95
98.9647
98.9229
98.286
95.8406
97.043
98.9952
96.1206
98.6674
96.9633
98.5652
97.0991
98.2193
98.6717
98.5487
98.6126
95.7479
96.9907
97.0269
99.2101
97.009
95.8865
98.9206
99.7032
99.001
98.4851
98.3001
99.0071
95.6189
97.8225
97.1039
99.6042
99.3867
98.9784
96.9494
97.2417
96.921
99.9478
98.5527
99.1238
98.5568
98.3873
98.3964
97.9408
98.5862
97.0594
98.3839
98.6839
98.2934
98.3313
97.6277
96.9916
98.3727
99.4449
98.4847
98.7281
98.944
98.677
97.9847
96.8955
98.683
98.6993
97.0244
98.5463
98.9469
98.9229
98.3326
98.13
95.7957
99.6745
97.0501
97.024
98.271
98.2418
97.9376
98.8879
97.0879
97.0736
97.0106
98.2569
98.9567
98.2658
98.6744
98.6403
97.1421
98.3812
98.5819
95.7548
98.2937
98.3064
98.9433
95.7503
96.9589
98.9434
98.5978
98.3847
97.7862
98.8018
98.6618
99.0032
99.7275
98.8948
97.768
98.52
96.9597
98.8942
98.5339
98.7157
98.4023
97.7042
98.9657
98.4986
97.6816
99.5753
97.0217
95.7623
98.9502
96.9617
99.0185
97.0856
98.487
96.9914
98.5452
98.5239
98.3863
99.7744
99.7206
95.6761
98.7897
97.7036
98.9259
98.945
97.0584
98.9587
96.9668
97.0709
98.6078
98.9607
99.067
98.9785
98.2867
98.5019
97.0566
97.023
98.575
99.413
99.4516
98.3249
97.6791
96.9132
98.5625
99.7392
97.067
97.0594
96.9839
98.5862
98.6736
98.4131
98.9248
98.7228
99.7416
98.8923
99.0957
97.8777
98.6636
92.3955
95.7245
98.3044
98.1973
98.345
97.0585
98.3886
96.9337
98.1803
99.7729
92.8974
98.9297
98.5768
98.9604
99.9985
98.4637
99.0343
98.9834
98.2494
98.9617
99.5391
98.2955
98.3051
98.5491
97.7588
98.5569
98.6989
98.2935
96.9594
97.0421
97.7416
97.7296
99.5444
97.7532
98.5675
97.702
99.4146
98.3513
98.3307
98.2045
96.8955
97.0649
99.7876
99.0218
97.039
97.7794
98.2906
99.6712
98.5957
99.0145
97.1161
96.8912
98.92
98.8912
98.3807
99.0011
98.5615
97.0641
96.9625
97.1307
98.9393
95.8041
98.6266
98.4043
98.188
98.5262
98.2779
95.7972
97.0378
97.2734
98.8523
98.9971
98.9157
98.7343
96.9815
98.5897
98.5032
98.5604
98.4222
97.0989
99.8828
98.4102
98.7049
98.341
98.0743
98.3656
98.3439
98.6145
99.0024
97.7564
99.1351
98.5567
98.5946
98.5726
98.1321
97.0195
98.9649
96.9648
97.0795
98.9508
98.3057
97.0041
98.1255
98.0433
99.0326
98.55
98.4589
97.9389
97.8385
98.4232
97.7935
98.7731
97.2284
97.7931
98.5841
98.4296
98.6045
98.9877
97.6916
98.5838
96.8354
97.1157
98.6959
97.0081
97.0363
97.7883
99.1147
97.6924
99.6783
98.9657
98.4748
99.5591
98.6795
98.3887
97.0983
98.6604
97.1802
98.998
98.4427
96.9352
96.016
97.7918
97.1386
98.6135
97.0575
97.0462
97.7037
99.0434
98.4397
97.1354
99.0872
98.5692
98.3075
95.6175
95.7515
97.0157
99.0113
96.9497
99.6242
98.9608
98.3668
96.9972
98.8839
98.567
98.5052
97.0238
95.7431
97.9818
98.6293
97.0237
97.8011
98.3595
92.8405
99.8641
98.3481
96.9626
95.846
98.8092
98.4487
98.0724
98.627
98.0284
98.7357
98.9468
99.2718
99.3484
96.9563
97.679
97.013
99.6921
98.6311
97.6335
98.1647
98.4549
98.8961
98.1081
95.7956
98.6291
95.7803
98.4395
99.0024
98.8638
98.8625
99.4838
97.8309
98.8785
95.8558
98.5937
96.1422
98.6004
98.9791
98.1148
98.6139
98.7077
97.1884
98.2496
97.0541
99.6156
98.7173
98.8865
98.6605
98.3291
97.086
98.7313
95.7799
98.1993
98.9476
97.7378
98.5262
92.8427
98.4664
98.699
95.6008
98.2308
98.3583
98.5539
96.9907
99.0417
98.4923
96.9943
96.0579
97.6563
97.0906
97.7289
98.5129
99.2865
97.1972
98.3907
96.8837
99.8208
98.274
99.6338
98.4742
98.4415
98.8873
99.0342
92.7693
98.2072
98.4726
98.2
96.905
99.8291
99.0443
99.6284
95.8424
98.3773
98.418
97.204
96.9974
99.0281
96.8105
98.8551
97.6326
98.5169
97.0458
98.3886
99.6231
97.1277
99.3042
98.3319
97.0877
99.5246
96.9981
98.7112
98.0718
98.0466
98.5626
97.035
98.4539
99.8682
97.063
98.3469
98.5552
96.988
98.2716
97.0266
98.9655
98.6267
98.6601
96.9064
95.7233
97.8537
99.0891
97.6475
98.7364
97.06
98.604
96.9503
95.8174
98.9211
99.3712
98.1793
98.5408
96.9756
98.8793
99.8114
97.1775
99.0382
98.2024
99.4326
98.2856
95.8824
98.6209
99.1469
98.6649
98.9448
96.9836
98.8662
97.0327
97.1461
98.1872
96.9954
97.602
98.589
97.1332
98.7305
98.4243
98.5558
99.0298
95.9437
97.8882
99.0658
98.3794
97.8301
99.7234
98.8452
99.5179
98.8513
96.9614
98.2944
98.6516
98.5243
98.7129
98.9608
98.4477
98.5095
97.0423
97.4619
98.4489
98.5643
98.5199
99.8417
96.9299
98.7524
97.0195
98.9249
97.0829
97.0582
96.8428
97.2773
98.393
96.9537
98.6127
99.0525
98.7476
98.9819
98.4535
96.9837
98.4632
98.156
96.9295
97.886
98.7073
98.4554
98.3435
99.6762
98.5491
96.8889
98.2428
97.1254
95.7915
97.7286
98.5854
98.5431
99.6464
97.1196
97.013
98.708
97.868
96.9002
92.8178
98.5128
99.6053
98.7205
98.3184
96.911
99.7022
97.8037
98.5149
98.5555
98.712
92.84
98.554
98.211
97.0597
98.1318
97.7698
98.4307
98.3823
97.0147
98.7482
95.7016
97.0091
97.0383
96.9207
98.8588
98.738
98.5238
99.9198
99.3779
98.6149
98.5973
98.8724
97.1207
98.4979
98.6118
97.8875
97.7707
98.9899
98.4259
97.6642
97.0545
99.7629
98.1659
97.2459
98.4178
98.424
98.4739
97.0408
98.5157
97.1112
98.2665
97.0567
96.9455
98.9636
98.9378
98.8252
98.2967
97.1826
99.7334
98.7946
96.8519
96.9164
98.4207
98.6019
97.0494
98.1725
98.1933
98.6101
99.4766
97.719
96.9077
95.7454
99.509
97.834
98.1582
98.231
98.3402
99.8751
98.6411
98.894
96.8723
98.4648
95.5303
98.6239
97.0584
98.9984
99.0605
96.9202
98.8444
98.3668
95.5879
96.7991
97.0741
98.8344
99.0966
95.5419
99.598
98.5845
97.797
95.7454
98.2129
98.2892
98.6414
98.2853
96.9868
97.731
98.6135
98.774
98.6057
97.0182
98.4264
98.6561
98.7184
97.0358
98.2982
98.5745
97.0569
95.6987
98.6264
98.4528
98.2647
97.0215
98.7149
98.8834
98.645
95.5859
95.6687
98.735
98.7666
97.5752
97.9882
97.7082
98.1881
97.5994
99.8044
96.8931
99.4812
98.2985
97.0568
98.2721
98.2392
98.7459
97.0499
97.8042
98.3808
98.603
96.9048
98.973
98.5861
99.8906
96.9613
99.7752
95.7992
96.9028
97.0143
96.9409
98.3226
98.3889
96.9415
98.4909
96.9642
98.3915
99.1697
99.8278
99.6974
98.2589
98.7782
97.0736
98.2803
98.5508
98.4292
97.0578
97.0681
98.7258
98.8676
98.8853
96.9619
98.9852
97.0767
98.8295
99.0944
96.9417
97.0726
98.96
97.026
99.0352
98.3307
96.9479
95.8189
96.9536
99.5987
99.5758
98.4996
97.8322
99.0065
97.179
99.7248
98.4595
98.4299
98.9131
99.4245
97.856
97.138
98.4016
98.6396
98.257
98.6837
98.638
98.4864
96.9035
98.2112
99.105
98.7559
96.9615
95.665
98.5402
95.633
99.0258
92.8146
98.5818
98.9618
98.8839
98.5516
98.699
98.6318
98.6285
97.7938
99.581
97.7365
96.9939
99.3204
97.0602
97.6099
98.7789
98.979
98.13
97.7594
98.569
96.1435
96.9142
96.8749
99.0829
98.7309
98.5057
96.976
96.9615
98.5393
99.6636
97.0964
97.6846
98.3043
97.1577
97.0083
99.8114
96.957
97.009
97.5992
98.2656
98.6387
95.3624
97.7121
96.7848
97.1581
98.9712
97.0594
99.3792
98.432
97.0418
98.2659
95.6069
98.8527
97.6704
98.4136
97.0448
97.1735
98.8017
98.6601
98.936
97.0362
98.3408
95.7066
98.3471
99.62
98.5408
97.7325
96.94
96.9539
98.6598
99.7391
98.8947
97.0433
98.2608
97.033
98.7586
95.7852
98.8732
95.821
98.01
98.3204
98.6024
98.7915
98.3735
98.5937
97.1383
98.9157
98.0986
98.6996
98.8728
98.3088
98.8204
98.461
97.2652
98.9811
98.5572
98.9583
98.5517
97.9721
99.7791
98.7473
98.3943
98.6033
98.2131
98.7199
98.9075
98.7199
96.9806
98.6605
98.3332
98.9989
97.0668
96.8878
98.9429
97.9878
96.9668
98.3351
99.241
97.0016
99.5812
99.7248
98.0885
96.9377
99.6884
98.5734
99.9882
98.5929
97.8381
98.5355
98.5187
99.0467
98.5257
98.808
99.0249
97.6375
98.6907
98.3333
98.3427
99.0487
97.0688
97.0146
98.2026
98.3005
99.6169
98.5823
97.8025
98.6465
98.6275
97.1769
98.5221
98.9124
98.5779
98.3996
98.5203
98.5978
97.7393
98.6653
98.696
97.1405
97.0647
98.5214
97.0392
98.3592
98.5158
98.576
98.391
98.657
98.5524
96.8292
98.6513
97.8065
97.1001
98.5999
96.9343
98.8489
99.0029
97.039
99.368
98.4156
96.0169
97.111
99.8045
98.6242
98.2015
97.0187
98.6487
98.6206
98.2197
98.3559
98.5467
98.2554
97.1007
99.5515
98.8385
96.9449
98.2786
97.2223
98.9815
98.2468
99.941
98.3635
98.6977
98.2758
97.102
99.8906
98.383
99.3747
95.6644
95.8289
96.9044
98.3881
96.827
95.655
98.0742
98.4316
99.8304
99.6713
95.5941
99.1656
98.4679
98.1655
97.8957
98.9869
97.123
97.0938
97.8723
99.6368
98.6668
98.2288
98.4439
98.9771
97.0278
97.0267
98.3902
98.8564
98.5318
98.9813
98.1778
98.2913
96.8731
98.6249
98.601
98.4497
97.0515
98.3814
95.7736
96.8939
98.5938
99.068
98.6159
95.861
98.7048
98.6791
98.0453
99.725
98.6855
97.0739
97.7238
96.9975
98.2744
97.1401
95.8145
98.59
95.8626
98.5739
98.5408
98.3583
98.2293
99.5673
98.5322
98.2937
98.9645
96.8974
97.0368
98.3688
98.6887
97.1883
97.0843
98.186
98.9394
99.7442
97.0239
98.2655
98.9067
99.4556
99.324
95.8722
98.9652
98.6602
97.8656
97.0731
98.6835
98.9588
96.9563
97.067
95.8844
95.9758
97.0434
99.5854
97.8558
96.9174
98.43
98.5053
95.6109
96.8589
98.5672
98.8978
99.6023
98.7946
98.4827
98.6673
97.0277
98.5694
98.2861
95.8834
98.3434
99.1012
98.7442
99.1532
98.3863
98.7272
98.9121
98.1389
96.9492
97.6906
98.5345
98.4126
98.9923
98.92
98.7927
97.8111
98.3987
96.0767
99
98.7705
97.0895
98.4506
99.4756
98.5511
98.6279
98.3428
98.5312
98.5356
98.6629
98.6007
98.3974
99.0955
95.6626
98.7402
99.6765
98.5196
97.7156
97.0368
98.7189
99.0342
97.0795
97.5723
98.4076
95.7623
97.1203
97.7983
98.3312
96.9487
96.9683
95.6463
96.9797
98.9348
98.3864
98.8696
99.817
98.7532
98.9285
98.7485
98.7667
98.9471
97.1814
98.257
98.4416
97.1961
97.1613
98.6623
98.6376
99.3777
99.0486
98.3486
97.1385
99.0183
98.7083
98.8722
98.5866
95.9299
97.0135
99.1158
96.956
98.2824
98.1202
97.8769
98.5561
97.6538
98.4516
96.991
98.6556
98.6935
98.9717
97.0257
98.419
98.2751
97.8537
99.7341
98.9585
98.5377
98.1654
98.6487
96.9318
98.3435
97.0784
98.2118
99.8887
97.1826
99.0004
98.6399
98.4542
97.1698
96.9539
99.0228
98.9929
98.8313
99.7953
98.8384
97.3073
98.7232
98.7643
97.8113
95.9472
98.3631
98.8487
99.5343
98.8776
98.3045
98.549
99.8054
98.59
97.1203
96.9138
98.622
98.165
98.5688
97.6027
95.6163
97.8166
97.1299
98.2055
98.3775
95.7004
97.1178
97.0246
97.0515
98.9207
99.5273
98.3889
98.599
98.7488
98.561
98.4041
99.0941
99.5708
99.9599
97.666
99.0358
97.1177
97.0858
98.6373
95.9686
99.0285
98.7778
99.1346
96.9722
98.4267
97.0462
99.8566
97.1892
98.2765
97.0085
98.6724
99.5667
98.4331
97.051
99.0621
98.3087
97.8208
98.5671
97.9011
97.2095
98.4322
97.5546
98.5673
97.1105
98.4278
98.4047
97.0712
98.9606
98.3378
99.428
98.484
98.6306
97.0685
97.607
98.1784
98.5554
99.5315
96.0021
97.0811
99.0447
97.0261
99.3692
98.5681
98.4025
97.0059
95.7361
98.1966
98.8851
98.2716
98.582
99.3268
98.5426
95.7806
99.0653
96.954
98.5712
98.3251
98.3999
97.1142
98.3091
98.5951
98.7685
97.768
95.7198
98.3723
96.0128
98.6643
97.834
98.7363
98.9157
98.6052
98.0592
98.167
99.3445
95.7539
96.9536
95.6807
98.6567
98.7317
99.589
97.1871
95.805
97.1827
97.857
98.0497
97.8169
98.4888
97.5746
96.9777
97.1175
98.6434
98.2896
97.0313
99.5223
95.7134
98.728
97.746
98.5202
98.8797
98.934
98.598
98.4477
98.8924
97.0632
98.9218
97.808
97.0683
98.9539
98.9604
98.1029
99.1681
97.95
97.8072
98.6588
98.5938
96.9928
98.1276
97.0249
97.8637
98.896
95.6407
97.1293
98.9364
97.1258
97.6796
97.0825
98.881
97.7532
98.7994
97.7674
95.7478
98.7421
99.5859
98.3494
97.0092
98.5905
98.36
96.9939
98.7791
99.4336
98.6086
98.2193
98.1187
97.025
98.4214
98.6189
95.7554
98.251
99.1777
98.6222
99.7389
98.5911
96.9817
98.0054
98.6098
99.8116
99.0999
98.8112
96.9957
98.908
96.9001
99.0598
97.7487
98.3614
97.8567
95.8395
98.5792
98.7013
98.5818
98.9034
98.7591
96.9755
98.2937
99.1045
98.7469
99.4446
97.0511
97.8441
98.5909
96.9668
98.2861
97.0006
98.59
97.0464
98.7368
98.8937
98.7077
98.6873
98.5731
98.6412
98.251
99.3682
95.7663
98.1701
99.4029
95.8208
98.6224
98.5766
96.9454
98.499
98.9075
98.3755
98.5845
98.4817
97.1551
97.0099
98.2161
98.5997
98.5827
97.961
97.064
99.749
98.2787
97.6032
98.6213
99.0593
98.7004
98.3457
99.0442
98.4464
98.1563
96.8775
98.733
98.7704
96.9652
98.6727
98.7003
97.7665
97.2077
98.2741
98.2892
98.299
95.9993
98.3616
98.4428
98.5809
98.6202
96.9454
98.8296
98.7896
98.4174
98.5916
97.0762
96.9941
98.919
97.8738
98.2121
98.04
99.0531
98.6105
98.1025
98.2933
96.8935
98.4242
97.2468
98.5799
98.3112
95.8682
98.6266
98.9163
98.7009
95.7296
98.2321
98.6034
98.4982
98.2249
98.5221
98.6072
97.6258
97.1029
98.8299
97.022
97.8072
98.665
95.6761
95.8322
98.5292
97.0795
98.3964
96.9253
97.8906
98.3329
98.6251
96.8979
98.9703
98.5783
97.6736
97.748
96.9708
98.3504
98.6051
98.4187
97.6758
98.382
98.3288
97.107
98.582
97.9114
98.4321
98.4937
98.6147
98.3361
98.3397
98.2647
97.0437
96.9766
98.6851
98.7071
97.7525
96.82
97.0945
98.3121
99.0941
99.0759
98.9382
97.1986
92.8488
98.0702
98.659
98.1758
98.8889
98.5634
98.4624
98.3665
92.829
98.4439
99.0088
95.8579
99.408
98.2045
99.4404
98.1179
97.6991
98.4102
95.8316
95.9086
99.5838
98.4921
95.7488
98.9948
96.8939
98.5954
98.4142
97.1406
96.9821
97.0427
98.5555
97.03
99.0674
98.9855
97.5761
98.6499
99.5988
98.0977
98.5296
98.488
98.9188
96.9926
98.7012
97.0425
98.661
98.5983
98.3752
96.9729
96.9994
96.9671
98.5379
98.8418
98.703
97.6123
96.9769
98.5544
98.6247
98.4403
99.5696
97.0185
99.4333
99.0341
96.9632
98.2483
98.4176
92.8502
96.0731
95.4808
97.9966
98.9423
98.6561
98.4685
98.323
98.6845
99.0935
98.3423
97.0937
95.8042
98.4276
98.7062
98.6759
98.5623
98.6068
98.5493
98.3088
97.1207
98.2871
99.071
96.9402
98.6226
98.9249
97.6544
97.787
97.0712
98.3052
97.7838
97.9863
98.3743
98.6057
98.91
96.7652
95.6289
98.2481
95.8558
97.5616
98.5203
98.1511
97.9222
98.5126
98.7791
98.9264
96.884
98.7841
97.1492
98.5448
97.0525
99.0859
98.343
98.0806
98.3295
98.2889
97.5557
99.6064
99.7939
98.1706
98.882
98.1625
98.2813
99.534
98.3507
99.672
98.6393
96.9127
96.9719
98.505
98.2296
98.6885
97.685
98.246
96.9883
96.9333
98.2286
97.0763
98.4704
97.0031
95.7957
98.7116
98.7879
97.771
98.3762
99.7429
98.4868
97.0937
97.1427
98.6951
95.5563
98.6541
98.6283
98.8751
99.0378
98.3949
98.6273
99.6654
98.9654
97.1272
97.1757
98.0419
95.512
96.9081
97.0128
98.3433
99.0427
96.973
96.9712
95.5887
98.3745
98.7823
99.0006
98.4119
98.6146
99.0206
98.2813
98.6822
98.6259
98.5971
97.7107
97.6813
96.8889
97.0494
99.0508
99.8598
96.8822
98.103
96.024
96.9098
98.1179
98.7187
97.0502
97.1106
97.6861
97.1285
99.1521
97.0643
98.723
97.0293
98.6969
98.6553
98.591
98.374
98.8918
97.1015
96.9372
98.325
97.7379
97.0788
96.9464
98.3821
96.9805
98.2924
97.6951
95.8771
97.7662
98.5545
98.7734
96.9108
98.6412
98.2019
97.0154
98.9742
98.2394
97.6951
98.1596
98.6704
96.8802
98.6747
98.6552
98.1053
98.972
98.494
99.5183
98.4088
99.998
98.6691
99.5185
98.7166
98.2709
95.6171
98.0482
96.9359
98.5894
98.2448
98.6917
99.0303
98.5816
98.8154
98.2449
99.5203
98.1713
97.0676
99.2428
98.9639
98.3126
98.7498
97.7891
96.9281
98.9614
98.6917
98.9945
98.603
97.1548
99.0219
98.6314
98.5697
97.0195
99.6511
96.9094
97.0748
96.8592
98.2006
95.9486
97.7286
98.131
97.168
96.9561
98.7813
99.7227
98.9532
98.8762
98.563
98.2021
97.009
99.9962
98.6293
98.2968
98.419
98.9727
99.0204
98.2149
99.0683
95.6732
98.5274
92.8299
96.9374
98.7021
98.8775
98.2824
96.8768
98.4862
98.7226
98.9369
96.8574
98.3184
98.3097
98.5984
98.5618
98.2527
98.6695
95.6884
97.6032
98.3777
98.5731
97.9971
98.294
98.4206
99.9359
98.42
98.3201
92.3125
97.0621
99.8633
98.4489
98.8234
99.0624
98.708
96.004
97.0084
97.0836
98.1892
98.6281
96.9626
98.1117
97.1276
97.2937
98.3444
96.9895
98.2621
97.2187
97.7171
96.9986
97.5497
97.0794
95.7429
99.6277
97.7152
96.9064
98.3964
98.5837
98.9102
97.192
98.4708
99.5216
98.6047
97.5716
98.641
99.5602
98.7113
99.8177
97.1045
98.5684
96.9919
97.1532
98.5462
97.1524
98.3655
95.7004
98.9382
98.6808
98.5021
96.9586
97.7913
97.061
99.6783
98.4986
99.0206
97.0202
97.9038
98.6979
98.6253
98.636
97.0548
97.7903
95.5824
98.1522
98.7403
99.0517
97.783
97.2734
98.3924
98.2511
97.0436
97.1507
98.5606
97.7652
98.6594
96.9921
98.8339
99.3538
98.9138
99.0575
98.5461
98.9139
96.9897
95.7592
98.4544
98.6629
99.6588
98.1248
98.9726
99.072
99.0401
98.8101
96.9356
98.3738
98.4003
98.4499
98.2867
95.7667
95.693
98.7778
98.9944
98.5609
98.8753
98.9534
98.2134
98.5131
97.9307
97.7867
96.8375
98.6793
98.034
98.1389
98.2056
99.0127
97.7953
98.4903
95.7816
98.2678
98.6124
95.823
98.6692
99.4376
99.0266
97.9417
98.7962
92.8042
98.3641
97.1112
98.8878
98.4719
99.8685
96.998
98.2775
99.0173
97.7558
98.4152
95.7226
96.9378
98.5033
98.2625
97.0636
98.5945
97.066
98.6304
99.4362
98.6113
97.7332
99.7947
98.9168
98.3102
98.4862
98.6463
98.4383
98.2511
97.2536
97.1999
98.6519
98.3477
98.6602
96.8809
97.1539
99.093
98.9021
97.2026
98.5753
98.4267
98.709
98.7661
98.6363
96.9606
95.5986
98.8014
99.3897
98.7075
97.8266
98.5368
98.9001
99.0295
98.5926
98.3096
98.5917
96.9003
97.1447
98.9898
98.5811
98.2798
98.1546
99.7401
97.999
97.0541
97.1906
95.7953
95.762
98.2937
96.8695
98.3115
98.4146
98.3649
98.2087
98.851
98.2113
96.935
98.5954
98.2654
97.0998
98.6672
98.5852
98.3388
98.5545
98.3424
98.2803
98.5146
98.6456
98.6098
96.9609
98.8237
98.5849
97.1814
97.1765
98.8942
97.7504
96.979
98.9576
98.9221
95.6551
98.2637
98.9249
97.1069
95.6973
98.6003
98.3081
96.9019
99.5507
98.9727
98.6839
97.7505
98.3045
98.5781
96.1611
98.7392
98.6869
99.2229
98.2113
98.5485
97.005
98.1739
96.8629
95.6424
97.1129
98.9747
97.168
98.4724
97.1044
97.0756
98.6352
98.7081
98.6952
98.9471
98.9373
97.1152
97.0093
98.7107
98.3019
98.6403
99.7267
98.378
97.112
98.5487
96.9086
98.5664
98.7564
98.3983
96.9381
98.9892
99.9228
98.4584
97.3523
98.9952
98.1073
96.9428
97.8906
98.2648
97.2061
97.0356
99.0245
95.8424
98.3914
98.693
99.6869
98.3792
98.653
98.2986
99.1147
98.4142
96.9516
98.5822
97.8053
92.8398
97.0043
98.1933
98.6192
98.9884
98.951
99.9879
98.3147
98.2467
98.6339
96.9965
98.5609
98.6243
99.6355
99.0243
98.5542
98.947
98.7151
99.8627
96.905
98.826
98.9808
97.0267
97.0016
99.6116
95.6228
97.0937
98.8567
97.6608
98.604
98.1572
98.9381
98.9043
98.9948
97.0165
96.9542
98.3426
99.0536
98.3781
97.2459
98.52
98.2866
97.2296
98.5412
97.0508
99.0582
97.1016
98.6224
98.7189
98.5796
97.8433
97.0819
98.5721
97.1683
97.3298
98.6757
98.3279
96.9046
99.051
97.7532
95.7422
97.0689
98.5781
95.8141
99.5526
98.9211
98.4553
98.2614
98.6857
98.6695
98.6967
97.7515
98.6661
98.3328
99.8816
96.9213
96.9384
98.6698
98.4951
98.9843
99.6613
98.0896
97.0511
97.8114
98.0977
97.8339
98.8052
97.9556
98.1537
98.5893
97.0146
98.6171
97.0625
97.0447
98.3557
98.6609
98.5533
97.7972
98.4928
98.4258
98.4782
98.7228
98.4119
98.9333
97.7389
96.9425
98.5229
98.833
98.6034
99.3944
99.3201
98.4009
97.1082
97.647
98.3609
98.9026
99.22
98.0196
92.8903
96.9653
98.6478
97.1974
98.6609
98.5158
96.8733
96.9956
97.0286
98.5499
98.4308
98.4205
95.7148
99.8214
98.5156
98.5341
98.9648
99.0199
98.514
98.5065
98.2288
98.5845
98.2302
96.8793
98.201
98.2011
98.2949
99.5814
96.9741
98.0047
97.0756
95.6729
99.0531
97.0209
96.8612
97.7478
98.6186
98.4191
99.8036
97.1821
97.0364
98.2266
98.5607
98.9998
99.0209
98.9546
98.6964
98.5557
95.7583
98.6915
99.5057
97.9224
97.1043
98.5396
98.9648
96.9538
99.7692
98.3454
98.6732
99.865
97.926
98.8936
99.7843
98.5077
97.1371
97.6656
98.8818
96.9562
98.1102
98.2306
98.9678
98.0603
98.4898
98.9522
98.2902
98.6019
97.8517
97.0116
98.2031
98.118
98.2671
97.7032
97.1623
96.8961
95.8365
97.0372
96.8972
97.86
96.9239
98.3877
98.38
96.8421
96.1372
95.8126
99.0624
97.2807
97.8476
99.5128
97.1064
97.0004
92.817
96.9773
98.6234
95.833
97.7946
98.2564
99.4876
98.5653
97.5497
98.9251
98.9306
97.8225
95.7422
96.9453
96.9334
98.3078
98.5862
98.6553
99.5822
98.1793
98.627
99.0185
98.4473
99.0758
97.1482
97.0649
98.6498
96.8775
97.0188
96.9699
98.3224
99.656
98.3505
96.9805
97.7711
99.8114
98.7277
98.5408
98.2567
95.805
95.835
98.9149
99.3176
97.1521
98.2114
98.7248
98.4983
98.5204
98.4902
98.1816
97.1718
98.5178
98.339
99.2527
98.6165
98.9854
98.3517
96.9653
98.3805
97.0485
97.7267
98.597
98.5723
99.0187
98.9064
95.8323
98.6438
98.9166
97.0906
98.3906
98.6793
98.4292
97.6006
97.0668
98.1236
98.6348
98.5178
98.7203
98.3497
98.4207
97.0143
96.7175
96.9396
98.682
96.9351
98.4468
98.6704
98.3326
98.5947
98.151
98.2625
98.9159
98.9037
98.6744
98.7146
98.2904
97.0157
99.3935
98.4144
97.0923
99.772
98.2702
99.4876
97.7903
97.1247
98.6532
98.3467
95.8074
96.9864
98.6055
98.9213
98.7559
97.0378
98.4408
98.1449
97.0099
98.7033
99.0453
98.9202
98.8511
97.195
95.6885
98.653
99.9765
97.7056
97.6949
97.7329
99.0258
98.0517
99.0942
98.7182
97.0552
99.2044
98.679
98.262
98.9127
98.6744
98.1822
98.9954
97.0511
99.0691
98.303
98.3721
97.6991
98.2035
98.5841
98.888
98.2059
97.1385
97.0202
97.1039
98.7944
97.7662
98.1892
97.8432
98.4996
98.2899
97.0308
99.674
98.3314
98.7231
97.0724
99.0644
98.4436
97.0137
97.0248
98.6917
97.6848
99.7235
99.7538
96.9281
99.7988
98.5224
98.5442
98.3455
98.0531
98.634
98.7791
99.8633
98.8923
98.2625
98.2149
97.6609
99.6407
98.3767
98.915
98.9785
97.0716
98.467
99.6852
97.7942
98.9581
98.3909
98.3011
98.5892
98.644
98.2985
96.9691
99.0672
98.6308
96.7455
98.9135
96.9384
98.2944
98.9291
97.7216
97.0055
99.8224
98.8924
98.2596
98.2658
98.8924
98.5929
98.5517
99.8278
99.0672
95.6388
98.7356
97.1667
99.8848
97.1704
98.9379
97.2747
96.9616
98.6769
97.588
98.379
97.1831
98.7553
98.2515
99.0432
96.9583
98.5129
98.5366
98.5504
97.1051
98.5811
99.4446
98.128
97.0074
98.9209
97.7088
97.0038
95.8651
98.4472
99.1463
99.0854
98.6131
97.856
96.9993
95.7352
98.8788
98.9432
99.5034
98.3746
98.5931
95.8514
98.6624
99.7387
98.2009
98.5345
98.4308
98.6736
98.7333
96.9896
97.0622
98.4866
97.2044
97.7834
98.6069
98.669
99.7595
99.5445
97.1743
98.6889
98.5732
98.9657
98.9276
99.7423
98.2972
98.4511
97.7765
95.7182
97.7088
97.0968
95.9758
95.7617
99.9355
98.8301
95.5337
98.3575
99.7738
98.4929
97.1185
97.7062
97.7016
96.9742
95.7921
98.6527
98.6793
99.068
98.5714
98.3734
98.6573
98.6488
98.1053
99.8534
97.6799
99.0819
97.7337
95.649
98.6279
98.7833
96.9226
98.5854
98.7923
95.781
98.3206
99.6378
98.3034
98.924
99.8063
98.9168
98.589
98.5899
99.0327
98.5614
99.0646
99.667
99.025
98.2438
97.1574
96.9166
99.611
99.8149
97.702
97.0612
98.437
99.7437
98.1709
96.1049
98.2171
98.7319
97.0394
96.9854
95.6194
98.2909
98.5163
99.8416
97.7393
98.8963
95.6863
99.5703
97.1867
99.1321
98.919
98.9926
98.4267
99.0932
99.6724
96.9506
96.8202
98.2976
97.068
98.7961
98.3942
98.4045
98.5169
95.6149
98.7744
97.7011
98.7757
98.8695
96.9805
98.1485
95.9628
97.6489
98.5899
99.5679
97.4741
98.5574
98.6839
99.6851
99.0224
98.5933
97.0376
97.8643
98.5415
96.9446
97.1728
95.743
96.9335
98.4128
96.9663
96.8075
96.9632
98.7765
98.9133
96.8887
95.5941
99.8934
98.5387
98.5932
98.6361
97.0743
97.7474
97.1185
98.4913
98.71
97.2496
98.5691
98.5461
98.7144
98.5418
98.5852
99.7889
99.5638
97.634
99.0399
97.0371
98.7826
98.7457
97.737
97.0576
97.1028
98.0425
98.807
99.1365
97.0099
96.9961
99.0797
99.0397
98.5346
98.443
98.1383
99.5939
98.4228
98.9716
98.9298
98.0977
99.0157
99.6131
99.1319
97.0304
98.9209
98.4709
97.8668
97.7381
98.0095
97.0973
98.2173
97.1214
98.3774
98.6657
97.1254
98.9092
99.0439
99.0549
98.1637
95.8312
99.2942
98.5041
97.0628
98.8904
96.942
97.0655
98.0538
98.6264
99.6872
97.0535
98.9925
98.3673
98.5818
98.5545
97.7598
97.0237
98.6575
92.8724
96.916
99.042
96.9267
98.3547
98.5915
97.0357
98.7757
96.9766
98.6509
98.7059
98.4327
99.8259
96.9559
95.5343
97.649
98.5183
98.9124
98.7154
99.6385
98.8407
98.9968
99.9661
96.9639
99.4982
98.8581
97.1762
99.682
99.6411
98.9022
98.5639
98.5737
96.9647
98.3053
96.9589
97.0999
96.9154
97.0136
98.288
98.3211
97.0228
99.1586
98.3424
97.7034
97.6908
98.599
96.9441
97.0567
98.635
97.2217
96.9907
98.8238
98.3209
95.9081
97.0335
92.7498
96.1784
98.6578
99.3891
98.5607
97.6865
95.9156
98.9923
97.7494
98.9703
98.6834
98.3649
98.4237
98.3792
99.0517
99.8923
98.9469
97.0549
97.1569
96.9632
97.0057
98.6629
98.4191
97.1923
98.983
96.9553
98.3612
98.3648
97.8702
97.0119
98.5838
99.6755
98.2387
98.1808
98.6179
97.7877
98.7125
97.6277
98.2441
98.0947
99.6558
98.6778
99.7577
99.3584
97.0701
99.5894
98.4216
97.6723
97.137
99.0325
98.2289
97.7751
99.0354
99.5325
96.8218
95.8932
98.3146
97.8233
97.0111
98.8889
98.9974
98.2797
99.0009
98.5899
97.1678
98.1608
97.0064
92.8735
95.8089
97.0724
97.9863
99.6873
98.6584
96.8377
98.753
99.7609
97.0631
99.9229
95.8571
97.0083
98.28
99.0448
99.1562
98.1826
98.3256
98.2513
97.0427
97.6073
99.8671
98.572
98.2673
98.3917
98.9471
98.9968
96.0368
99.0404
99.8063
99.0509
97.0035
97.6701
99.0622
98.3615
99.7584
96.9073
99.5772
97.0696
97.0471
98.5631
98.188
98.4164
96.8399
98.6656
98.9297
98.972
98.5095
99.7847
98.3851
96.9208
97.0847
98.3775
98.0389
98.6283
98.8259
99.4986
95.812
96.919
97.5354
98.9759
97.0697
95.8748
98.779
99.7213
97.8225
95.8347
98.0958
98.5642
99.5215
97.0454
96.9763
98.5404
98.0871
98.4911
98.7835
98.344
97.0534
98.669
98.8618
98.2298
98.3998
98.2677
98.6763
99.4828
98.5654
99.3981
99.4228
97.2884
98.7289
98.558
97.6177
98.3129
98.3753
97.2394
97.0205
98.6374
98.3334
98.7084
98.9029
97.0723
99.4392
98.7841
98.6439
97.0894
92.8563
97.1451
96.9326
98.931
99.5734
98.6098
98.8377
99.093
98.2595
98.4736
97.026
98.5583
99.6697
98.6459
99.607
98.1171
98.9036
98.6075
96.9983
98.2256
98.7098
97.7876
99.7117
97.0613
96.994
98.4035
97.0185
96.9906
95.8877
98.8368
98.1991
98.5835
95.8132
98.3568
98.3986
98.2572
96.8733
98.6476
96.9823
98.6935
98.8287
96.7878
98.7679
99.0351
99.8623
98.4257
98.5498
98.1183
96.9747
98.141
98.4529
99.62
98.2956
98.5174
96.8996
98.5436
98.8768
98.649
97.0512
96.9851
97.934
95.7645
98.104
98.2783
98.8333
98.1688
98.1088
98.6472
97.5756
97.2224
98.6339
98.4973
98.5878
96.9713
97.1567
97.0367
98.3992
95.8055
95.7194
97.0401
98.8044
97.0174
97.0501
99.5454
98.2434
98.2542
98.699
98.6026
96.9668
98.3417
99.7078
98.5346
98.2415
98.6827
98.2355
98.2756
97.8423
99.4105
98.3759
96.9314
98.3207
97.0677
98.6187
98.6924
99.1158
97.0312
98.5937
98.7057
98.6069
98.3418
98.8438
98.9728
98.6714
98.6233
98.2438
98.9998
96.9468
99.4553
98.2558
99.6197
99.7436
98.7114
98.4264
98.5342
98.0225
97.5827
96.9675
98.4088
97.1939
97.1681
98.4466
98.063
96.8809
98.5747
98.65
98.3171
95.8659
97.0197
97.0448
98.5943
98.6318
97.5613
98.7548
96.9518
96.9458
97.6296
98.9809
98.6279
95.7205
98.563
96.9677
98.2746
98.9101
98.5331
98.7053
98.4546
98.6822
98.6639
98.7487
99.5915
99.01
98.1105
97.0267
97.7837
98.4256
97.0536
98.163
98.9157
97.1757
98.7253
97.2211
97.2284
98.6191
96.984
99.035
98.6629
98.5378
96.9464
97.6912
98.7565
96.9309
98.2223
97.1049
99.013
98.6808
97.0444
98.4418
98.9847
97.7942
98.6021
98.9049
98.7094
96.948
98.9665
99.6384
92.8232
99.8786
98.5062
97.0264
98.4835
95.7011
98.9811
98.3339
97.7958
98.0631
99.0888
96.9827
98.3514
97.2093
95.6362
98.746
98.7768
98.2418
99.788
99.8747
97.8111
98.9197
97.7114
98.2121
98.5563
98.323
97.04
95.5192
98.7271
98.8443
98.3478
98.5619
98.4686
98.623
97.8863
98.618
98.1503
98.2821
99.1429
99.03
98.9091
95.6232
99.6078
98.5694
97.424
98.3459
98.4682
97.932
98.7716
98.3491
98.4023
98.5082
98.6874
97.8215
98.9914
92.7159
96.9957
96.9373
96.9295
97.0743
99.1144
98.862
98.6991
97.6611
98.5702
97.1352
98.8807
96.9648
97.0962
98.3156
98.6678
98.6397
97.0598
95.8298
98.9727
98.3204
98.9434
97.6047
98.8063
98.6696
98.5906
96.9542
99.6929
96.9884
98.2208
98.871
97.1036
98.665
98.2193
97.0427
98.4887
98.3734
96.9265
98.3248
98.244
98.7211
98.9441
99.4317
98.3876
99.4926
97.0598
97.0742
99.4749
98.6484
98.3439
97.0703
95.8712
98.384
96.9228
98.4656
98.6606
98.6783
98.9267
99.039
99.9127
98.6115
97.035
98.002
98.9357
98.6563
95.8132
98.9179
98.503
98.1906
98.9868
99.1026
99.3697
97.0768
92.8571
98.9638
99.8362
97.032
97.1823
98.4793
96.8837
98.4947
98.3663
98.6837
99.572
97.0184
96.8916
99.4549
98.6596
98.2029
97.6919
98.1392
97.588
98.7039
98.9409
98.3307
98.4812
98.1176
99.7851
99.6185
98.496
98.5193
98.5642
98.5772
95.6261
97.975
99.6026
98.6282
98.4217
98.7557
98.2896
98.4553
95.8558
98.6925
98.1481
98.1597
95.774
98.651
98.9012
98.7654
98.3496
98.7684
99.1063
98.3749
98.718
98.9502
98.5922
98.5761
99.2708
98.8049
98.2951
99.7018
98.471
97.6236
96.9392
98.9799
98.2766
98.5965
96.985
99.0511
99.4522
99.6877
99.5197
98.7774
98.871
99.7115
98.9227
98.4489
99.0455
97.632
95.8986
98.7057
99.8588
96.8549
98.622
97.1359
95.6104
98.2682
97.0977
98.6758
99.3548
95.8403
99.0191
97.011
98.5164
98.2647
98.1337
99.0595
98.7087
98.096
98.813
98.319
98.3637
98.2535
99.5928
99.0644
98.5454
95.8673
98.6112
98.4587
98.7748
98.0643
98.7718
95.9683
98.5917
98.323
98.1293
95.8142
97.0898
98.861
95.5997
98.8443
96.9736
95.7855
96.0242
98.2545
99.4839
99.8728
98.3379
97.6027
98.4128
95.7379
97.2675
98.9491
98.2691
95.7239
96.9228
98.6357
99.4164
98.4401
99.0111
99.0557
98.873
97.8012
99.6491
95.4849
98.3646
98.3422
97.1372
98.0495
98.5128
98.4704
96.9904
98.6278
99.4805
98.4271
99.4392
99.0283
98.383
97.8797
97.0873
98.7246
95.9103
97.2815
98.9314
98.9226
97.0989
98.472
96.9755
97.0491
98.2893
97.6665
99.073
98.231
98.36
96.1911
98.5339
98.3628
98.3523
98.1678
97.0437
98.7532
98.4813
99.6603
97.0379
98.6679
98.1651
97.1477
98.7207
98.5775
98.4949
97.0802
98.7426
95.6185
98.3572
99.0762
98.162
98.3774
98.559
98.5419
98.9996
98.3053
99.1646
97.6691
97.0786
97.722
96.9677
98.2436
97.13
98.2061
98.5031
98.7071
97.7144
97.0782
98.5654
97.136
98.1907
98.6357
99.6082
98.4764
98.5408
99.7033
98.5522
98.9354
98.3299
98.9958
98.2247
97.0735
98.5927
97.0023
97.7799
98.4717
97.1925
97.0054
97.0796
97.7588
95.9023
98.6707
95.8303
99.6765
98.4774
98.2973
98.6438
96.9177
99.0108
96.9934
95.6173
98.6064
98.2374
95.8395
98.6892
96.9074
99.2309
98.2648
97.7405
98.3583
99.5973
97.0906
98.5499
98.2949
98.6148
98.9151
97.8824
98.1966
97.0654
98.026
97.077
97.0301
98.5485
97.0316
98.338
99.0187
96.9916
98.9692
98.282
98.6169
98.1285
98.6808
99.0283
98.3879
98.9009
97.8215
98.637
97.0679
97.0847
98.5623
98.6604
97.2277
95.772
98.1561
99.0815
97.9482
98.7053
99.8159
98.5007
99.6675
98.9382
98.7274
98.9797
98.7477
98.2933
98.5798
97.1351
98.98
98.2891
92.8168
98.9952
98.2985
97.6413
97.7538
97.0228
98.3674
98.9824
97.8115
97.1074
96.9723
98.71
96.9858
98.7553
97.8581
98.4462
96.9889
98.4327
98.5609
98.5608
98.8914
98.4721
99.6952
98.3671
98.2469
97.0182
96.9207
99.0035
97.8379
98.8797
98.8665
98.3177
99.9774
98.7598
98.9129
98.4428
98.2754
97.0683
98.4009
99.7611
95.653
97.0373
98.2176
98.9893
97.1776
98.6711
98.1407
97.0005
97.0799
96.0197
96.9221
98.9272
98.7367
98.2985
99.5131
98.4603
99.0311
99.2016
97.0908
98.5698
98.3504
98.9787
97.9075
92.84
98.4078
96.9504
97.0409
98.3554
99.7627
97.0624
95.8398
96.9635
99.4849
98.2265
99.5725
98.3249
98.4399
97.042
97.0365
99.9344
98.5427
97.035
95.7296
95.7161
98.6232
97.858
97.5947
98.3129
99.0474
98.4707
97.0156
98.6772
98.2249
99.6302
98.4946
97.0023
96.9807
95.7822
96.9471
97.0585
96.957
97.0678
97.812
98.2401
98.7331
98.2035
98.4288
99.8189
98.3514
97.0067
98.5884
97.1209
95.7134
97.742
99.0307
98.5326
99.0399
98.5454
97.0861
98.6302
98.1604
97.7352
98.6555
97.0323
98.8593
98.7651
98.4008
97.7355
98.9119
96.8731
95.824
97.0371
98.4991
98.6741
99.1977
98.7226
99.0893
95.942
96.9525
95.6729
99.0042
98.3833
98.9773
98.3126
97.7856
97.0404
96.9454
98.6229
98.5624
98.6017
98.5908
97.8233
98.3524
98.3044
98.1898
97.8047
99.0554
98.3434
98.3422
97.1225
96.893
98.6678
97.8207
98.3064
97.746
96.9783
98.8685
95.4977
98.6304
99.6992
96.994
99.0658
98.9814
98.1944
98.6694
99.5803
97.7074
97.0737
98.8663
98.3293
98.3044
97.0303
99.0024
98.5291
98.4098
98.282
98.6464
98.8932
99.6899
95.7122
98.3
99.6091
97.0546
97.0759
97.9383
97.0923
98.2391
98.2087
98.9858
97.0557
97.1216
99.5294
98.8712
97.053
98.7331
99.0999
97.8318
98.2384
98.4585
99.0122
98.8496
96.7938
98.6835
97.8777
97.0981
96.9759
98.7631
98.4225
98.8046
98.1096
98.5032
97.0434
98.9083
98.3422
98.4582
98.0864
98.7529
98.7014
98.5518
98.6028
99.1602
95.8385
95.6913
98.1936
97.7989
97.1055
97.94
95.8047
98.5384
98.3226
98.6817
96.8717
97.1352
96.8872
95.4838
99.5956
97.8534
97.7475
97.7086
97.0834
98.9432
97.1009
96.9169
98.8293
95.7694
97.0214
98.4786
98.6055
98.65
95.6558
97.7115
99.134
98.7461
98.8867
95.7319
95.7132
97.9354
97.1225
98.9926
98.5302
98.578
98.1736
96.9909
98.5311
99.5286
98.966
98.0661
97.6438
98.9298
96.0698
98.3157
98.4589
98.5775
98.9945
99.8747
97.114
98.7279
98.0934
98.5045
97.6239
98.9546
97.1528
98.1817
98.2809
98.7417
95.8042
98.5718
98.8492
98.7002
97.9903
97.0973
97.2051
98.329
98.6773
98.9711
96.9356
97.5969
98.5131
96.9504
98.3912
98.3779
98.6685
98.9554
97.0464
98.3514
98.6736
97.6392
95.7679
98.5943
99.666
99.4335
97.0028
97.115
97.0562
95.6721
98.7032
96.9818
97.1678
98.3732
98.9821
99.9881
98.3812
99.7633
99.5459
97.0015
92.8903
95.6745
98.9439
97.0181
98.7043
98.4704
96.951
98.3723
98.203
97.7393
98.6164
98.2488
98.5348
96.978
95.7568
98.501
98.609
98.8408
96.9423
97.027
98.165
98.1947
95.7986
98.3546
97.6653
96.7926
96.9094
99.7282
98.8452
98.5891
96.9808
98.3159
98.7206
98.2249
98.6252
98.5415
98.2908
97.0327
98.3794
98.2536
98.1439
95.7937
98.7127
97.988
98.334
97.7685
98.7509
98.0563
97.107
99.9355
98.4616
97.7943
95.815
97.0427
95.7466
98.7676
99.6479
98.3323
97.1342
98.5688
99.0506
98.7231
97.1254
97.1216
98.1764
97.0439
98.3225
98.5954
98.6821
98.579
96.7996
97.0114
98.6264
98.4536
99.3204
99.8588
98.1557
97.891
99.0799
96.8565
97.1354
98.1312
97.0442
98.5618
97.02
97.7055
97.0405
98.3504
95.6636
96.9939
98.6837
99.68
98.8737
97.0161
99
97.6868
97.0081
98.1577
98.9503
98.3285
97.0783
96.9805
97.1452
98.1599
97.7716
98.4387
95.5621
97.2219
98.2843
95.668
97.7566
97.0622
98.5073
95.6185
99.0185
98.0842
96.9213
98.6529
95.64
97.0789
98.9267
98.2496
98.4472
98.8112
95.7796
98.564
99.536
98.3086
98.7005
97.0289
96.9783
98.1952
95.7692
98.632
98.314
98.5373
99.0032
98.8071
98.9802
99.1193
96.8989
98.4185
97.7927
97.1033
98.6075
99.559
97.0273
98.4214
97.1356
97.0704
96.8153
98.3942
99.9969
99.8424
96.9288
99.0585
98.6883
98.3129
99.5222
98.2308
99.669
98.3107
97.643
98.436
98.4592
99.7994
99.038
98.8581
99.4758
96.9989
98.8049
98.8288
98.6488
97.1371
98.089
97.1605
98.6452
98.9752
97.0143
98.2784
97.7719
98.9971
99.4742
97.7101
98.8897
98.9585
98.6919
98.9094
95.8716
96.994
98.713
99.6027
96.9356
97.1153
98.5641
98.1678
98.2694
97.7321
95.5854
96.8926
98.8564
98.4552
97.5922
98.331
98.4064
97.1461
98.6086
99.8442
98.2813
97.7385
99.4407
96.9854
98.6475
97.8121
98.9302
99.5693
98.2343
99.7078
98.5422
99.6043
98.9278
98.6601
98.6687
97.1018
96.8565
95.8528
98.4648
98.2782
97.8335
96.9509
98.2417
98.5954
98.4817
98.2721
98.3607
95.6152
99.3907
96.0925
96.8545
98.8748
97.0906
98.6105
96.8575
97.7658
97.0528
98.1019
96.9415
98.6632
98.6939
98.8716
97.8307
98.6679
97.8308
96.9792
98.1421
98.5432
98.1915
98.436
96.9926
97.7716
98.1987
97.203
97.0145
98.9721
96.9962
97.0992
98.1709
98.3096
96.9424
96.978
97.1417
98.767
98.9174
98.6031
98.6402
98.6937
98.8728
99.3622
99.9041
98.6939
97.26
98.5374
95.6052
98.5502
97.0536
97.6637
98.3147
97.4434
99.5098
97.784
99.4419
99.0298
98.4639
98.3342
98.4029
98.6989
98.6127
97.1373
97.6619
95.8851
97.0302
98.4971
98.5672
95.7655
95.8103
95.6511
99.5126
98.9733
98.323
97.8391
98.4919
99.402
99.7459
98.5954
98.6983
98.9813
95.6114
97.0292
96.9554
98.5004
98.991
97.0858
98.9204
96.0242
98.6125
99.8816
97.6543
98.4945
99.0333
96.951
98.5803
99.4903
98.3583
97.1525
97.7874
98.9994
99.6626
97.7838
98.6776
98.1753
98.5027
97.8929
98.5477
98.4573
96.7875
99.969
98.5334
99.6754
97.8507
98.5035
96.0577
99.1889
99.685
98.4873
98.4057
98.5154
97.5503
96.968
96.9563
98.6264
98.5716
98.584
98.9247
97.0724
98.8003
98.7452
98.9032
96.9189
96.924
98.1668
97.0245
98.8259
97.8324
96.762
98.609
97.0842
97.1823
97.2951
98.6911
98.9007
98.7465
99.7849
98.52
98.5217
98.5688
99.7906
98.7436
98.4451
99.7851
96.8707
98.2782
99.007
96.0895
98.4758
98.0706
96.9986
98.2566
98.7062
98.5127
98.5242
98.3084
98.8259
98.6686
96.9916
98.7618
98.4203
96.9023
98.6638
98.6077
99.5794
96.8797
99.7293
99.3918
97.6346
96.9763
98.4977
98.8346
98.7166
95.9794
98.6114
96.9286
98.9651
96.8258
92.9446
98.3589
97.7403
98.7475
98.357
95.7679
98.2724
98.4671
97.1945
98.9209
98.1573
99.653
99.6678
98.32
95.4736
96.9608
97.4818
98.2394
99.7699
99.4602
97.8117
97.8527
96.9391
97.0057
96.9924
98.2567
98.5711
96.9562
98.2967
99.5807
98.795
98.7872
99.9059
99.0227
97.0283
98.1713
98.3219
98.4909
98.7127
96.1152
98.6361
98.749
98.3479
98.342
95.7645
98.5356
99.5658
97.0453
97.0401
98.9439
97.0584
99.1921
98.7655
97.5817
98.4778
97.1476
98.2072
98.3566
99.6765
98.92
97.7881
98.2305
98.5642
99.0272
99.0283
95.74
97.0696
97.5546
98.46
98.5975
98.6319
99.7809
96.9827
97.0031
98.1827
98.9331
97.0449
99.4602
97.0553
99.0559
97.8153
98.6968
97.9465
96.9701
98.9671
99.6002
98.908
98.9497
97.044
99.0009
98.456
96.9168
98.8733
98.593
98.5249
99.6308
97.0418
98.206
95.8042
97.8076
98.3204
97.608
98.6939
98.3168
99.0717
98.3972
98.79
98.4917
98.6804
98.4363
98.3561
98.109
98.6793
99.9804
98.2544
98.3691
98.7164
97.0389
97.8738
98.5455
97.0467
98.9382
97.7234
98.155
97.1013
98.7594
96.9738
99.17
99.059
92.8055
98.6842
98.5621
99.0181
98.2265
98.3316
96.9999
98.3064
99.4666
97.0549
98.3328
97.0796
97.0526
97.1664
97.8904
97.1961
97.09
97.6977
98.5637
97.0895
95.8254
99.053
95.8634
97.7698
97.0847
98.5968
98.953
99.7761
98.7523
97.0569
98.8476
98.3286
98.6339
98.943
98.2851
99.0518
99.0653
98.8225
99.998
98.3046
98.558
97.9534
98.2798
98.8876
98.3172
98.358
98.2297
99.2991
98.3808
98.8151
97.1355
98.4252
98.6152
99.3962
98.4547
98.1746
98.6083
98.7585
98.5475
95.7129
98.6725
98.5036
99.1273
98.5885
96.9837
98.5895
97.0679
98.3191
98.6876
98.1123
96.9637
98.6624
98.644
98.4247
98.2079
97.7246
97.1579
98.5768
99.6719
95.6116
97.0002
98.0923
98.5029
98.3771
98.6293
97.9497
97.1312
97.8738
98.4228
96.8907
97.8363
98.6188
99.0868
96.976
97.0435
98.2715
97.1886
96.9539
97.062
98.4962
98.463
98.4081
97.1551
98.9941
99.7341
96.9404
98.8624
98.4057
98.6133
98.4935
99.6613
98.7157
99.0211
99.5506
97.012
98.5396
97.0578
98.7189
98.6203
96.9259
98.9007
98.3891
97.0228
98.6103
95.8181
98.9953
98.1553
95.5935
99.811
98.8891
97.6973
98.5439
97.0918
97.7342
98.833
98.2803
98.8381
98.631
95.6969
96.8246
98.1892
96.9331
96.9235
97.1025
98.3293
99.3629
98.5575
98.9977
98.708
97.0056
98.3299
98.6149
97.8823
98.6266
97.6414
98.6059
95.7604
98.9919
99.3867
97.9482
98.5982
97.7716
98.609
97.6518
97.0359
95.6518
95.7715
98.6389
98.9393
98.6204
98.7415
98.6279
96.9583
98.5576
99.069
99.0687
98.6825
95.8027
98.2343
98.2674
96.927
98.5584
98.3244
98.1157
98.2429
98.7186
98.7189
98.9906
98.5307
97.0132
99.6042
97.0896
98.3096
98.5854
97.7525
98.6483
98.9195
98.554
98.5538
97.0208
98.6494
99.7359
98.4686
98.6102
96.9791
98.6144
99.344
98.4512
97.7215
98.8979
98.59
98.1437
98.2754
97.0916
98.6249
98.1643
96.9615
98.8356
98.487
96.9536
98.3821
97.1385
98.735
98.9834
96.9951
98.5219
98.6911
97.7686
99.4828
98.6625
97.7762
98.319
98.5982
98.5746
97.8324
98.2721
98.1665
98.2484
95.6721
97.6966
98.4
98.2796
98.3053
99.7431
98.4935
97.7473
98.8788
98.2991
98.4954
97.079
98.4261
98.3663
97.0908
97.1236
97.0511
98.2308
98.6529
98.9282
98.5072
98.3279
98.2943
95.9462
96.929
97.0947
97.6988
98.4898
95.7817
99.7779
95.7905
99.9004
96.9177
98.9388
95.6529
97.1874
98.335
96.8266
99.7886
96.9818
98.9652
98.5003
96.9069
99.7903
98.6564
98.162
98.3873
96.9938
99.0453
98.7741
96.9781
98.2156
98.4041
98.2596
99.5784
96.9581
97.1784
98.3425
96.971
98.2054
98.5586
98.3021
98.622
95.823
96.9585
98.6451
98.9735
97.0517
98.7326
98.6383
97.0342
98.3372
95.8208
98.7602
99.7664
98.2308
95.7954
97.0337
96.9286
98.2966
97.076
99.4901
97.1682
97.074
99.9114
98.4027
96.8993
99.1224
97.0444
98.3409
99.054
96.9512
98.5625
98.6661
97.5168
98.4292
98.3867
98.4827
99.7342
98.9299
92.7626
96.9131
98.5239
98.6632
98.568
98.3363
98.6431
98.6052
98.496
97.0066
98.9123
98.9155
92.8974
98.7024
98.9744
97.1293
98.2426
98.3443
99.413
97.9354
98.3503
98.6389
98.3764
98.4758
95.5963
98.8322
99.1455
97.0003
98.4822
98.4512
97.7594
99.0605
98.5747
98.6481
99.618
96.9994
98.7007
98.7061
98.868
97.1271
98.461
97.0384
98.2571
98.2732
97.918
98.3392
98.4435
98.6848
98.899
98.9875
99.7768
98.2748
97.0334
98.8456
96.9977
96.789
98.3249
98.3548
96.9186
99.6889
98.6378
98.7598
96.9989
96.9186
95.5041
95.7504
98.546
97.2576
97.0257
98.6814
98.7213
99.7044
98.9167
98.9893
99.1335
98.2626
98.2554
98.6109
99.0746
97.1089
98.7931
98.3843
95.8095
97.7436
92.7985
97.1215
96.9838
98.2866
99.7526
98.1421
98.0763
99.9191
98.5262
98.6452
98.8703
99.0212
99.0098
98.3053
92.7479
97.1136
98.4768
98.6594
96.9343
98.7337
97.6577
98.9348
99.8523
98.8121
98.8715
96.122
96.9559
98.1842
97.0498
98.5615
98.9661
99.1917
97.046
97.0919
97.0305
98.2274
97.6223
95.8741
98.1019
98.6507
99.8484
99.5924
99.7554
98.3685
97.0376
95.7715
98.4333
96.9846
97.7791
97.1385
98.414
98.6049
98.2949
99.589
98.3819
97.7744
96.9671
99.0898
96.976
98.2721
99.0462
97.0963
98.7254
98.3314
99.4857
98.8594
98.6425
98.64
97.2127
97.7466
96.9913
98.3858
96.9796
99.5389
99.5023
98.969
98.6672
98.349
97.9915
98.36
98.5673
95.8112
98.5472
97.5957
98.9331
95.5091
98.7071
98.3501
95.6372
97.1606
99.0759
97.0681
99.7701
99.6958
99.5798
98.5462
97.2537
98.4987
98.8263
98.5864
98.9491
98.5866
97.1
98.0668
98.1261
98.5183
97.7927
97.1693
98.352
97.0029
97.0622
97.7472
98.5695
98.4943
98.8769
97.0001
98.6319
99.1422
97.9218
98.798
95.8343
98.6088
99.0377
98.3323
98.9939
96.167
97.0134
98.155
97.0481
97.0752
99.8455
95.9299
97.0548
98.5929
98.625
99.9302
98.542
95.7584
99.8172
99.4799
98.3155
98.6375
99.0081
98.9903
97.8102
97.1763
98.2878
98.5489
98.2981
97.2563
98.9921
95.8373
98.943
98.2574
98.71
98.3053
97.8216
99.0726
97.0243
98.7615
98.8384
97.0511
99.5918
99.0173
98.9267
97.1533
97.116
97.012
98.4684
98.4703
96.9146
98.0643
97.0883
98.5743
99.1503
98.6224
97.0986
98.455
98.549
98.9672
99.5957
98.338
97.0974
98.5746
99.123
98.7841
97.0152
99.3484
97.6147
99.1518
95.4395
98.0635
98.3922
97.0436
96.9622
96.9907
99.0683
99.4763
97.1122
97.1
97.1457
98.4664
98.6529
98.9299
98.7997
96.9483
97.0179
98.3211
98.7084
98.6145
98.6671
97.5788
98.4996
98.795
97.0613
98.9822
98.4206
98.3799
97.064
97.7206
98.8925
98.7325
96.9826
98.0359
96.8837
99.6403
96.9607
97.1362
98.5886
98.0079
96.933
97.0756
98.6661
97.2197
98.1849
98.5721
98.9589
98.3857
99.588
97.8134
99.5568
92.9037
99.6253
99.0089
98.3144
98.6663
97.7035
99.4207
98.2827
98.6832
99.9619
98.6286
97.5017
98.3249
98.5508
97.769
97.1589
98.6402
97.0581
98.9776
98.2483
99.5891
98.7142
98.3165
98.9312
97.0918
96.9947
99.6833
98.9618
97.038
97.5052
98.7047
97.1563
98.385
98.3977
98.7016
99.715
98.0496
95.7861
98.5625
98.5966
98.5465
99.5861
98.7327
98.2399
98.9914
98.6339
98.2977
97.1162
98.075
98.1985
98.7355
98.3914
98.2288
97.8324
98.5597
98.2438
98.4641
98.9554
98.5249
98.4259
95.5888
98.8263
96.8916
97.0695
98.3397
98.5192
97.0362
99.8816
98.1883
98.6277
95.6486
99.0305
99.0145
95.8264
97.9376
99.7507
97.7903
98.2659
96.8864
99.8328
98.5788
95.7051
97.1488
98.5906
98.7173
98.4937
98.6583
98.9948
98.5869
98.6408
96.9089
98.5004
97.1307
98.4114
98.7564
97.0784
95.7267
98.7961
98.3396
97.1666
97.0068
95.7475
98.2589
97.0505
98.4524
97.0829
98.1545
98.6789
98.6017
97.1215
98.3205
98.7082
97.8421
98.5618
97.9051
98.7091
98.7142
96.9809
98.5498
96.9515
98.4549
97.7124
95.833
99.5473
97.0503
98.6904
98.3786
97.0861
98.5753
98.9977
97.0825
98.9078
98.0442
98.476
97.8601
98.4546
98.7673
98.3824
98.612
96.9821
97.1105
98.7272
97.1125
99.3918
98.3852
95.79
98.4684
98.6057
95.7833
98.6342
97.7862
97.2343
98.3059
99.1195
95.842
95.6463
97.5491
98.3777
98.186
97.0103
98.3796
99.09
98.5601
98.5183
95.7019
99.1335
98.622
98.9773
98.6052
98.0659
98.8398
95.7528
99.6494
95.8713
98.6565
92.781
97.1547
99.0063
99.481
99.0199
98.0718
98.6498
99.0318
98.58
95.7978
98.614
98.5493
98.4433
97.033
98.6822
98.7976
96.8744
98.977
96.816
99.899
97.0102
97.8818
95.8018
99.6484
99.1699
96.9592
98.5469
98.8667
98.4952
95.6232
98.5458
98.3741
98.3193
99.6454
98.1264
95.6856
95.6149
98.8635
98.3228
98.1539
97.7716
98.733
99.0015
96.9891
99.004
95.7633
98.5775
97.0077
99.0066
97.781
99.1229
95.6762
97.9597
95.5932
99.0213
99.7947
98.2268
98.2861
99.0467
99.0436
99.7692
98.9871
98.7402
99.0187
98.1251
95.5303
97.0153
99.4105
98.6485
98.617
99.5408
98.7858
98.3171
98.0374
99.3147
98.5623
95.8399
98.471
99.5325
95.8399
98.2487
97.1574
95.7158
97.085
98.6662
98.8563
97.8492
98.8742
98.7189
98.5387
98.2935
96.7594
98.6626
98.6282
97.8669
98.9806
99.6381
98.5475
99.698
98.4623
98.5948
96.8979
99.0571
96.8162
99.0098
98.3038
98.584
98.5528
98.7294
98.8149
98.2465
98.6028
97.0553
98.2949
97.1197
96.9427
99.0721
98.7193
97.73
99.6328
97.1398
98.2465
99.1244
99.027
97.0434
98.4741
98.9667
98.582
98.6229
97.054
98.6949
98.4718
99.7307
98.4676
98.4326
98.7058
98.4569
97.0713
96.9738
96.9783
97.9863
99.6284
95.813
97.0249
98.6921
99.4904
98.9334
98.1991
99.4484
95.5192
98.7876
98.4578
96.9509
96.9774
97.0076
97.7899
98.3618
98.5104
98.3385
98.8204
97.6688
98.2286
98.1701
98.4126
98.149
98.5068
97.8743
95.6436
98.5713
95.7562
98.8728
98.6636
98.5318
97.1463
99.046
98.2977
98.4507
99.0683
96.976
95.9029
99.9635
95.7489
97.7749
98.7718
98.4296
96.9384
98.5472
98.982
98.3723
98.8369
99.0713
98.2358
98.5763
97.0979
97.0538
98.686
98.4374
98.7403
98.2348
97.7001
98.733
98.6927
95.6895
98.3255
98.9496
98.6606
97.0158
98.8454
99.0518
99.6859
98.6562
96.8399
98.3023
98.6097
97.0223
98.2463
98.3677
97.0559
99.0001
98.3307
98.6168
97.9387
97.6883
95.6626
98.2471
98.6775
98.8572
98.619
98.625
99.7583
99.3493
97.8484
99.0535
99.1085
98.7053
98.5239
97.0005
97.1569
99.623
95.7752
97.0529
98.6589
98.6316
98.3168
95.7147
99.0378
98.9698
98.7488
99.9899
98.1832
98.5492
98.4264
97.6123
96.9736
98.3965
98.5402
96.8887
98.3367
98.9311
97.7704
97.7187
98.7597
99.5956
98.3573
95.7716
98.6606
96.8589
97.109
96.9731
98.5029
97.696
98.6303
98.7121
95.8059
98.6778
98.6285
98.5946
99.7126
98.3649
97.7588
98.5559
97.0291
98.152
97.0423
97.0693
98.7586
98.9381
95.6645
98.7657
97.0391
99.0922
99.5203
98.4774
99.4424
98.2481
98.1842
98.9279
96.9522
98.9944
97.1033
97.0854
99.8941
99.8125
98.2387
98.2161
96.9885
98.8709
98.0978
95.7487
96.7767
99.1
98.7478
98.645
98.9342
97.6862
96.9817
97.9298
98.891
98.4535
98.5923
98.6159
98.9311
97.0359
98.618
99.6496
97.0076
98.5636
98.9331
99.5135
98.2984
99.0921
98.1199
98.7845
97.7565
99.0726
96.8933
97.0738
97.0935
96.9859
98.8567
98.678
98.6533
99.5814
99.6948
98.255
97.0219
98.6149
96.8878
97.0538
97.034
98.669
98.6788
97.7873
99.8216
98.7863
98.5333
98.9447
99.3515
98.7733
98.91
97.5876
98.5992
97.9578
98.6602
98.9234
97.0445
98.5629
98.659
98.1929
96.8944
97.9176
98.6187
98.598
97.0796
98.9121
98.8601
98.8592
98.2665
97.6673
99.9525
98.372
96.9906
98.5191
99.3738
95.8289
98.9653
98.5493
97.7008
99.6082
97.7531
98.6656
98.7066
98.5345
97.9148
98.5597
97.086
97.8235
99.7363
97.1184
99.5631
96.9828
98.2462
95.7132
99.9397
99.852
97.7538
99.8564
98.9404
96.8617
98.2427
97.9714
96.9367
98.8733
98.5102
98.904
97.0654
99.735
98.931
98.3685
98.9077
97.0981
98.5933
99.763
97.0197
98.4324
97.1176
97.0088
96.8995
98.4771
98.3672
97.5718
98.2072
99.6438
96.9767
98.6363
98.8315
96.9381
98.0453
96.8711
99.0697
98.7189
97.162
98.6286
97.9882
97.0206
98.3754
98.667
98.453
98.5554
98.1954
98.6988
98.338
97.1039
97.7174
99.6364
97.0112
97.1076
98.1363
99.1154
97.0662
98.5914
98.378
92.8735
95.8785
98.5499
97.7803
98.3614
97.1385
97.0302
97.7692
98.685
95.7855
96.9829
98.6756
97.7865
99.8664
98.5451
97.0388
98.1001
97.9815
99.0488
97.1412
98.6011
98.8758
98.4115
99.536
98.2429
98.9556
98.2292
97.6077
98.3059
98.378
99.5766
98.6504
99.0188
98.5908
97.0397
97.0604
99.0292
96.9997
98.9823
98.4721
99.3286
98.0659
99.3694
98.6182
98.3451
99.3907
98.8789
98.7493
99.0257
98.4541
98.3783
98.3254
97.1856
95.7755
98.2021
99.0531
95.6534
98.5594
95.6684
98.9039
99.0139
99.4649
98.4664
98.8507
97.0994
99.0443
98.7427
98.9188
97.7574
96.8497
97.1143
99.6184
97.6097
98.8382
92.8271
97.8607
99.7213
95.6848
98.3338
98.2144
99.5758
98.5073
97.0182
98.6036
99.516
97.0495
99.7783
98.5371
98.9157
97.0757
98.6813
97.132
98.2965
98.6997
98.6478
98.6445
98.7973
98.5574
98.6917
97.2303
98.5356
98.5177
98.8052
98.5634
98.9548
98.742
98.3625
98.7286
95.9205
98.5875
98.4546
98.7076
96.9957
99.0106
96.915
98.656
97.0334
99.0327
96.8921
95.8493
99.0835
95.6039
98.5886
98.5124
98.5333
98.4177
95.7318
98.4579
98.46
98.63
98.2996
97.1341
98.6472
98.4053
98.3479
92.8488
98.0997
98.4219
98.3633
97.238
98.4462
98.6276
97.1953
98.2778
98.3558
99.7219
98.9916
95.7857
98.259
99.6473
98.1764
98.6249
96.8813
95.6425
99.1632
98.8308
98.6326
99.1138
98.3573
98.4782
97.1791
98.2987
99.4789
98.5629
99.4837
98.9275
98.2596
96.9517
97.1623
98.8811
98.3711
97.0231
97.2137
98.9435
98.9577
97.0589
97.0277
98.2822
98.564
98.8288
98.7987
98.1016
95.7986
98.5264
97.0339
96.9895
97.877
98.314
98.72
98.6095
97.7717
96.0857
95.5875
96.9579
99.5763
99.8885
98.2031
97.9683
98.3469
96.9177
98.6124
98.4256
99.7679
99.037
98.7002
98.8295
98.1643
97.0934
98.5317
97.742
97.8426
98.4192
98.8957
98.8415
96.9975
98.1975
98.5982
97.0469
98.9667
97.9279
97.698
99.5634
98.1932
98.1947
98.5971
97.8667
97.0599
95.6814
98.5013
98.3719
99.5159
97.7899
97.8561
97.7831
98.3939
95.5965
97.1772
95.8558
98.2949
95.7922
98.3323
97.1265
98.7094
98.7215
95.7225
98.5249
95.6174
95.7921
99.0825
98.8688
98.6171
97.3573
97.1041
98.3711
98.3924
98.3586
98.5449
98.0364
98.1101
97.1179
98.9972
99.0101
97.0209
98.722
98.3242
97.0865
96.9725
95.8343
96.9382
98.5822
97.7632
99.0227
97.0991
97.0168
98.1867
98.6448
96.9274
97.0855
98.8979
98.4076
95.6282
99.722
99.5437
98.4756
98.9937
98.6583
98.2766
98.704
98.4467
96.8542
98.7858
97.7478
98.2985
98.2706
98.6536
98.1537
98.2734
97.5337
98.3455
98.2132
98.2856
97.6854
99.8795
98.1993
97.6639
96.9668
97.7635
99.0087
98.3975
98.928
98.3809
97.1154
97.0275
98.9724
96.9731
98.9167
97.0366
98.7128
99.5151
97.0457
98.9197
98.5246
97.12
98.319
98.2487
99.6158
98.9346
99.3985
97.0493
97.0566
98.6416
98.4563
98.2619
98.3203
98.3145
98.5714
98.5869
99.2836
98.5728
98.6146
98.404
97.0065
98.9259
96.9351
96.8974
98.7755
99.4958
98.5685
98.7247
98.4795
96.9763
98.3011
98.3866
98.9306
98.6278
99.6671
99.0199
98.6711
97.7654
99.4889
97.5841
99.5941
98.9333
98.3737
95.7626
98.2435
98.4295
98.2005
99.0119
98.1806
95.8599
97.0131
98.9072
95.8932
97.0597
98.9507
96.9878
98.5448
98.5437
98.9305
98.943
95.6341
98.5751
96.8929
98.2847
98.5722
99.4909
99.0191
98.5732
96.9954
98.1236
98.8808
98.7323
95.6887
97.4944
97.2406
98.8963
98.557
98.5427
95.6468
99.1
99.4805
97.857
97.0655
99.9346
98.2432
97.0503
97.0543
98.6131
99.6242
98.3046
98.9425
98.3327
95.9613
97.0207
98.7144
97.0086
97.0079
97.9781
98.8338
97.0554
99.0335
96.9641
97.7674
98.7473
98.9334
99.6263
99.7722
96.9207
98.8182
98.6558
97.0647
97.1076
97.0699
98.9062
98.6974
98.6972
98.582
99.0736
99.6353
98.3059
99.5604
98.9936
99.1115
98.6337
97.8134
98.476
96.9591
98.7076
98.1214
98.5799
98.5887
98.5875
98.7476
98.3888
98.2801
96.8252
97.877
98.6148
98.7776
98.7297
98.9247
98.3935
96.8157
96.996
98.7764
99.7912
98.6813
98.5258
99.3207
98.211
97.1432
96.9442
98.8793
98.2288
98.5702
95.9149
98.3917
97.8948
98.9089
97.0976
95.7004
98.6793
98.4611
98.9863
97.0443
95.8844
99.8305
97.0225
99.4464
98.4334
95.8427
98.5428
97.8014
95.5476
98.6866
97.0337
99.8495
95.6737
96.0507
98.4258
98.4575
98.9344
98.072
97.9059
96.977
98.6388
98.5425
97.1014
98.3756
98.3136
97.7062
99.0693
98.0372
99.0736
98.8136
96.8775
98.1912
97.0999
99.4221
97.6862
99.5945
99.1
97.2059
98.6185
96.9335
98.5119
98.8885
98.65
97.6645
98.0482
99.5255
99.0484
98.5613
98.2955
98.9712
98.5372
96.9875
98.4416
98.3891
98.6122
96.1611
96.9928
98.5457
97.6726
99.0141
96.9905
99.9779
97.0501
97.0598
98.3969
97.0075
98.2061
99.6921
99.0099
98.9634
98.3795
97.0057
98.3726
98.7213
96.9104
95.5692
98.9188
98.4471
99.6496
98.5352
96.6806
98.6837
96.9229
98.5073
97.0739
97.9172
97.8731
98.2659
96.9486
98.7485
98.5554
98.8714
96.8934
98.3388
98.9597
98.6409
97.1087
98.5885
97.7632
97.13
97.5355
98.3482
99.03
98.9727
98.5983
97.0095
98.9251
98.2244
96.8323
97.5527
98.2736
98.7613
99.4927
98.6425
98.5103
95.7223
97.0489
98.5408
98.2802
98.3106
98.6301
96.9941
98.6763
98.119
97.7734
98.637
96.9898
98.9745
97.1566
99.0135
98.5035
98.319
95.7942
96.984
96.9316
98.3326
96.9169
98.3275
98.2958
96.9491
96.9683
98.8126
99.6751
98.2664
99.1175
98.3574
95.8918
97.1328
97.759
97.112
95.8406
99.0389
96.9136
98.1555
98.7848
97.8507
98.8594
99.0542
98.5872
98.6303
98.129
98.2611
98.3126
98.641
98.428
99.5915
98.6952
98.6815
97.0741
98.1938
98.5173
99.8525
98.187
97.8276
95.9993
98.683
96.9064
98.9773
97.0223
98.5427
98.0312
98.955
96.9747
98.474
98.3985
98.9127
97.895
99.0681
98.5279
98.0952
99.5193
97.2459
97.153
99.5823
98.7543
98.2311
97.1197
98.9642
98.2302
99.0133
97.2094
98.2593
98.8545
98.9915
97.7234
98.6034
96.9618
96.8926
98.3025
98.2721
98.2661
98.3033
98.9432
99.8224
97.0589
98.7164
95.8095
98.6096
98.1393
97.0611
96.9515
96.9928
99.5658
98.3189
98.7042
99.7019
97.0917
98.698
98.1498
97.0715
95.6885
98.5811
98.8007
98.5128
98.0374
98.6812
98.5157
97.7674
95.7202
98.5262
99.0338
98.0415
98.6987
97.7211
98.7184
97.9008
96.9253
98.3135
98.873
98.2759
95.7607
99.5779
97.0959
96.9637
99.4895
99.2986
97.1925
98.517
98.4625
98.4372
95.7451
97.6246
98.7651
98.253
98.3155
97.1889
97.2802
96.976
97.0399
97.8416
97.0399
97.5712
99.758
98.8271
97.0564
99.6754
97.0916
98.6977
98.4093
98.539
98.4976
96.9515
98.2697
98.9843
98.5522
98.397
98.2761
97.0499
98.5157
97.1538
99.4965
96.957
98.8433
98.9409
97.8265
97.0505
98.8485
98.6807
97.0919
96.9173
98.2852
98.5608
97.8033
98.4807
99.4485
98.6011
98.9219
98.6987
97.0888
98.8685
98.2778
98.3118
98.8133
98.5253
98.4035
96.9832
97.7411
98.0361
97.6361
98.5013
97.0357
99.0107
99.653
97.0781
98.6064
97.6823
96.9634
99.5224
98.6033
98.0946
97.6831
98.231
97.5608
98.6052
97.0261
98.5715
98.6206
98.9873
99.8137
98.4079
99.1356
98.7971
97.0113
98.4495
99.5338
96.9995
97.6729
98.3655
98.5244
97.016
98.549
97.0918
97.1495
98.2637
98.3148
97.8353
98.9305
96.9853
96.9626
95.7354
97.7828
97.0104
99.0339
98.3541
96.8696
99.7859
98.5799
97.052
97.1775
98.9381
97.6313
98.3764
96.933
98.6734
99.7597
95.5803
98.3239
98.7854
98.3046
98.9633
98.5489
95.7406
98.4169
92.8491
99.3924
99.6234
97.1817
99.0674
97.8333
98.7113
99.0588
98.3069
98.8218
98.9735
98.5897
98.5465
98.5379
98.2985
97.1305
98.2518
98.3882
97.1172
98.5053
97.0784
98.7834
96.9653
98.717
98.9814
98.8564
99.5867
95.8473
97.1889
98.9158
98.4573
98.4502
99.677
98.2429
98.3948
97.6965
98.9057
95.7004
97.1898
98.9589
98.8592
98.2162
95.7558
96.0591
96.9328
97.0406
98.3435
96.9918
95.7792
98.3299
98.5244
98.1751
97.9347
97.0116
98.7236
99.5459
95.6935
98.5319
98.6196
98.9263
97.138
97.772
96.7598
98.6412
98.2144
99.5045
98.7432
98.6143
98.4176
98.4515
98.4214
97.1082
98.735
98.1264
96.9513
98.7647
99.7617
98.713
98.2894
98.5528
98.9648
98.9021
97.5816
98.2583
98.4249
98.9145
95.6849
95.8527
97.0275
98.4843
99.1255
95.9123
97.7755
98.673
98.1801
99.6944
99.163
98.2839
99.3979
98.463
98.9476
98.4811
98.2535
97.768
97.017
98.7058
97.7379
92.8838
96.7703
98.5516
98.9149
99.4146
98.7651
96.985
97.953
96.9769
98.9908
99.0047
98.7663
97.79
98.7263
96.9483
99.5197
97.1239
98.4923
97.1164
98.9435
98.295
98.5561
98.2392
98.9121
96.8243
98.6594
99.1741
97.1316
98.0545
98.492
96.9395
98.6236
98.5637
98.6813
99.0582
99.096
96.8993
95.6575
97.0018
99.8623
98.925
97.0863
99.631
97.0067
96.8218
99.7454
98.3987
98.5794
99.4066
98.5306
96.9146
98.7217
98.325
98.9563
98.7734
98.7145
98.6909
98.6993
97.0745
99.6564
98.2693
98.1817
98.5774
97.0894
98.5841
99.6018
98.7223
98.8034
98.5424
95.7836
98.4255
98.5176
96.9491
98.1261
98.8188
98.657
98.9982
97.6609
97.0184
99.0145
97.0132
97.0759
98.7215
98.3184
98.5013
98.3479
98.9838
98.7666
98.2204
98.4191
96.9951
98.3666
98.4278
97.7126
98.298
97.1311
98.6082
98.8953
98.966
97.5362
98.4004
98.5302
98.5593
98.2172
98.5395
98.7607
96.8817
97.1464
98.3692
98.959
98.295
97.8192
97.7359
96.9979
99.0468
97.8367
98.2738
99.0726
98.6252
99.4669
97.0637
97.0341
98.4726
98.6659
98.9487
96.9725
98.3315
95.6863
95.9149
98.9414
97.1923
98.904
98.6101
99.0541
98.4115
98.4586
98.6052
92.8719
98.6485
98.2785
98.3378
98.5626
97.0608
98.4999
98.5404
98.2513
97.8765
98.0167
98.0661
98.4151
98.5106
98.4725
97.0329
96.8419
98.5536
98.1498
98.1321
98.5955
98.6376
97.053
98.5829
98.5152
98.5659
97.8001
97.0277
95.8583
98.7312
99.5252
97.8752
98.3053
98.2821
98.9065
97.07
98.9409
99.0246
99.0289
98.66
97.0947
98.6837
97.7838
98.5061
99.6454
95.9016
99.708
97.9363
97.0098
98.3196
98.5941
98.6545
98.8712
97.7386
98.6682
98.5135
98.352
96.9525
99.1115
97.7574
97.8414
98.3286
98.3512
98.641
99.4348
97.708
98.4454
98.7572
97.6273
99.1063
98.384
98.2644
97.0681
97.0669
98.6773
97.7992
97.9354
98.5941
95.6745
99.0321
96.9531
97.2029
97.6334
98.9207
96.9533
97.8608
97.1607
95.6913
97.6462
98.8534
97.9298
95.6376
98.0086
98.3091
98.6453
97.8239
99.5023
96.9586
98.6015
98.3646
98.8322
97.6513
99.9082
98.6426
96.9939
98.4558
98.7189
98.0659
98.2281
99.0119
98.4385
99.7958
97.0918
98.5494
98.6545
95.5924
99.8885
98.9259
98.9119
98.5348
97.7693
98.4173
97.0562
98.5029
98.5992
98.6028
99.6156
98.9824
98.3661
98.6188
98.8999
97.1603
97.79
99.1307
98.531
95.7513
96.9641
98.932
97.0271
97.8153
97.1104
95.692
97.0539
97.52
97.0611
97.1846
99.8887
98.8611
98.8621
97.0132
98.7068
98.6837
99.1487
98.6329
99.7988
98.579
97.0628
99.7971
98.6364
98.4909
98.6159
96.9363
98.763
98.1299
98.126
97.0467
99.8362
98.1389
98.1905
97.0847
97.7943
98.8034
98.9232
96.9003
95.6305
97.7522
99.9051
98.66
98.9922
96.9677
98.857
96.9832
98.4937
97.0176
98.5307
99.5589
98.656
97.9053
98.5096
96.9694
98.3184
98.7542
98.719
98.5013
99.6837
98.5624
98.2769
96.9982
98.4696
98.7067
99.5341
98.3615
98.3943
95.6236
98.3216
98.5836
98.6594
98.9747
97.0016
99.7734
95.6755
98.4145
99.572
98.1223
99.5734
98.523
99.7554
97.7063
98.9779
98.4271
96.9843
97.081
98.7448
98.3031
98.5421
98.593
98.9409
98.9659
98.5664
98.2153
98.9025
98.9752
99.9614
97.1076
97.1179
99.0672
96.8162
98.3043
98.881
97.0442
98.5834
98.4228
97.8787
98.6249
98.5971
98.4003
98.3704
98.9755
98.2682
96.9785
97.0111
98.5337
98.3217
98.6699
97.1427
98.2641
98.3452
98.6323
97.7033
99.7703
98.5067
95.6884
97.1452
98.4671
98.5507
98.9823
98.8063
97.7573
96.9009
96.933
97.1353
99.5584
96.9141
96.082
99.0606
98.5437
98.5462
98.6821
95.6789
98.4739
98.342
97.0657
98.5745
96.996
98.3427
97.607
98.1052
97.6652
98.3871
99.5271
98.5148
98.7289
97.1052
99.3064
99.1048
98.3405
98.5922
97.0357
98.5891
98.9993
97.8585
97.1121
98.599
98.411
99.7494
97.8976
98.8439
98.6525
97.7393
98.7356
98.9896
92.3444
96.9993
99.0385
95.5002
96.9589
98.6657
98.5807
98.6887
97.1917
98.6312
97.011
98.2657
98.9968
98.6598
96.8913
98.7718
96.9994
98.5522
98.3425
99.3372
99.0087
97.7679
96.9283
99.7878
98.286
97.0884
98.6012
98.7754
99.0884
98.2673
98.2519
99.0472
98.3392
95.8586
97.2059
98.4469
98.7325
98.5938
98.7173
98.2228
95.8018
98.6227
98.397
99.0161
99.7196
98.1699
98.9546
98.6363
98.1832
96.9195
97.738
97.0631
99.5162
98.0948
99.0683
96.9794
98.899
99.0865
98.8687
98.3497
96.9633
97.3183
97.7107
98.6078
98.6431
98.6428
98.1408
98.6982
95.7259
98.4466
99.4901
98.5935
98.2885
98.4439
98.9348
98.8274
98.3319
98.2015
98.6199
97.278
99.095
98.2933
98.8129
98.563
98.7386
95.8669
98.9271
96.8964
98.8311
95.7489
98.3561
98.3358
96.9826
98.5061
95.7987
98.9447
97.1681
98.6002
98.4421
98.9993
98.9524
99.9008
99.7104
97.0014
98.4784
98.6698
98.6036
98.4325
98.8163
97.1148
98.8917
98.3604
98.4952
98.3298
97.159
98.9123
98.6812
97.0043
99.5238
96.9715
98.1849
99.6056
98.6396
95.7458
99.9114
96.8027
96.8936
98.3981
98.544
98.7074
98.667
98.3961
98.2424
98.5883
97.0185
98.2179
98.3128
95.6579
96.9948
95.6456
97.6689
98.6995
98.9326
97.1575
98.5346
97.6773
98.1803
97.7536
99.8244
98.51
98.3547
99.7949
95.8347
99.4367
96.9376
98.3278
98.8315
98.703
97.131
96.9834
95.7046
99.4852
99.0653
98.6535
98.432
99.7852
97.0705
98.7697
98.7157
98.63
99.159
98.4688
98.9069
98.1766
97.0617
97.8492
99.5879
98.5316
97.8803
98.6296
98.9574
96.9825
98.742
97.6577
98.7778
98.2671
97.8208
96.9539
95.7
99.679
99.5082
97.8078
98.9802
99.0062
99.8579
97.091
97.1453
95.6178
96.9997
98.7181
98.3046
98.3297
95.7108
99.8202
97.8108
98.6596
96.9514
99.0305
98.2077
97.0046
97.066
98.2832
99.0459
98.1263
96.9594
97.0619
97.057
95.8699
98.5066
97.1119
99.075
99.4978
95.7245
97.6833
98.9914
99.4108
98.0054
97.1272
98.5664
99.6185
98.7879
98.5319
97.1763
98.882
99.0071
98.5184
97.8217
95.6949
99.7186
98.5238
98.5664
98.1476
96.9806
97.1264
97.1019
99.5151
99.0148
98.5597
98.5448
99.087
99.0157
98.3676
98.6395
98.4709
98.9059
98.5131
98.9966
97.0616
98.2955
97.0759
98.9161
97.7157
97.8215
97.0669
97.7971
96.9273
99.3993
97.7357
98.9924
98.4679
98.1522
99.4591
98.678
98.5703
96.9426
96.807
98.1313
98.6371
99.0332
97.772
98.104
95.633
98.4776
97.8273
96.9711
98.3163
95.7995
97.0578
96.8145
98.9182
98.2307
99.1244
95.7158
99.4643
98.4752
99.5187
98.0173
98.4976
98.3881
98.1635
98.5352
95.6887
96.9378
99.7779
99.0947
97.7803
98.2972
95.6163
98.6837
98.7347
99.9286
98.4576
98.5289
98.6985
95.6152
98.0845
98.3368
95.823
98.6868
98.3784
98.7632
96.9846
98.5762
95.8365
98.5157
99.722
97.7235
97.0425
98.5049
98.9449
95.646
97.0835
99.8715
99.5721
98.3225
97.9011
97.1284
99.0897
98.3433
98.6312
98.5095
98.0501
99.683
97.0151
95.7921
99.8582
98.3809
99.2201
99.5215
98.4297
98.5082
99.0554
98.2908
98.6363
98.8749
98.0592
98.4511
98.7186
98.5854
98.8703
99.7077
98.5812
95.5303
98.5032
98.6986
98.555
99.789
95.6485
98.7403
98.1476
98.7068
97.0013
98.6387
97.0805
98.7568
97.089
98.2845
97.0746
98.5183
98.6512
97.9497
96.9185
98.7337
97.0689
99.5207
98.601
98.6547
98.1848
97.0231
97.0756
98.8417
98.8142
97.1549
98.912
98.1936
98.7094
98.5444
97.2444
99.5203
96.9387
98.3462
98.7889
98.7163
99.6931
97.1305
99.039
98.6186
98.5932
95.6286
95.897
98.1861
96.7932
98.7214
97.0191
97.7157
98.432
97.0962
97.79
97.0206
98.3621
99.072
98.8696
98.2378
97.1598
98.5653
97.0475
98.9641
98.6508
99.1464
97.1139
99.5663
98.5201
95.8055
98.3804
98.508
98.6583
98.2759
98.5639
99.0092
96.9671
97.019
98.4625
98.339
96.8366
98.8537
97.0908
99.6367
98.2221
98.2944
98.3432
95.6806
98.5459
98.537
97.5667
99.6457
98.3112
98.403
98.1995
96.9839
97.0679
96.9243
99.0094
98.6139
95.6289
97.0467
98.6903
98.5676
98.4489
98.5613
96.9779
96.9594
98.6679
98.5981
96.1386
98.253
98.1385
98.4248
98.6725
99.7307
98.3976
96.9491
98.7835
98.8355
99.6066
98.9533
96.8833
98.8734
98.4862
98.4305
97.0132
97.7899
96.9939
98.2535
99.1255
97.0161
98.6911
98.072
97.1376
99.514
99.0439
98.5607
98.467
99.8148
99.3983
98.3479
98.2454
97.729
98.7971
97.1329
97.0355
98.8132
98.5948
97.1802
98.5258
98.6244
96.9652
99.5595
96.933
98.2367
98.5238
98.6678
98.7658
98.7037
99.0238
98.6917
96.9595
99.2996
96.9671
96.9187
97.1002
97.868
98.6759
98.4827
96.9901
98.898
97.011
96.895
98.6198
99.854
99.0386
98.977
98.8033
98.6446
98.6727
97.1494
96.9734
98.2676
98.91
95.742
97.9434
98.3701
96.8616
99.0782
98.931
96.9609
97.7687
98.7572
97.1629
99.7945
97.0166
98.5819
95.8052
98.423
98.9333
98.9407
98.5003
98.5657
98.9453
98.8515
97.4433
96.9958
98.3953
99.6238
97.013
98.1241
97.1768
98.9458
96.981
98.2966
96.9885
98.4854
95.7598
98.2535
98.2279
98.6886
99.0264
99.0104
99.6523
98.9078
97.0324
98.3719
98.496
98.6072
98.7289
98.8924
97.1444
99.4852
97.0459
97.1682
95.6226
98.7139
96.9054
98.572
98.6762
98.5868
96.6661
99.0581
97.0169
96.9924
98.6126
98.3157
98.5538
97.7452
97.852
96.9817
97.6907
98.5628
99.0038
98.2569
97.6041
98.98
98.2296
99.5691
96.8851
97.6411
96.8844
95.7713
98.5168
96.8485
98.3676
98.9446
98.5324
98.6236
97.068
98.8686
97.0944
99.1442
96.8825
98.861
97.0679
95.6493
98.255
99.5763
97.7911
95.6349
98.1561
96.9617
97.8447
98.5374
97.6123
98.264
95.6687
97.0056
95.8433
99.8188
98.7623
98.4816
98.5056
96.9146
97.1152
98.8926
98.7121
96.8912
98.1018
97.0399
98.6448
98.1694
97.0944
98.6825
98.6278
98.8534
97.6407
97.8075
98.2935
98.286
98.7241
98.0975
99.4682
97.0301
98.3623
99.0588
99.5103
97.1749
97.7555
98.9374
98.5529
98.6672
96.9281
96.1406
97.0255
98.5589
98.2604
96.0595
99.7956
95.6789
99.6579
98.8602
98.5902
96.9883
97.827
97.2059
96.9699
98.8435
99.3998
96.9483
99.7994
98.8475
97.0012
97.742
98.5672
99.3644
99.3482
98.994
97.089
96.7334
97.1738
98.3379
97.1412
97.7933
97.2208
98.9466
98.5328
98.4192
96.891
99.3925
97.01
98.3035
98.553
98.2641
95.7706
98.5502
97.651
98.1088
98.7264
97.6524
98.6814
99.0388
98.3942
98.5957
98.5239
98.7471
97.0723
98.195
99.0325
97.6826
96.9575
98.5104
97.6466
98.2452
98.703
99.4514
97.0166
95.7166
97.6654
98.6017
98.4725
98.8645
97.7337
98.6135
92.8712
98.3063
98.612
98.5721
98.9447
96.9539
99.0714
97.004
97.8536
95.9905
98.3723
99.0315
97.0594
98.162
95.7418
98.8783
98.9583
98.891
99.4092
96.8747
98.6596
99.8164
97.0687
97.9504
97.2313
97.716
97.0692
96.942
96.9571
96.994
96.0526
97.7669
97.2611
98.7528
98.2941
98.4071
96.9876
98.664
98.6033
98.6642
97.0873
98.1908
98.9549
98.6763
98.9083
98.6742
98.9271
99.4108
96.9332
99.1028
98.3801
98.3467
98.421
98.5875
98.9593
98.304
98.9936
97.6312
97.855
98.3279
98.2665
99.6179
98.0351
98.5946
98.3301
95.8934
96.9574
97.1016
99.5492
98.6476
98.2955
95.8403
98.2835
95.9554
98.3613
98.1105
98.1494
96.9647
98.3883
97.0818
98.6718
98.7048
99.659
98.9583
97.0006
97.0252
97.0149
97.0008
97.146
98.2567
98.3576
97.0376
97.8111
97.0537
98.6239
95.7016
96.9481
96.9633
98.4177
98.5649
99.497
98.5961
98.3849
97.0196
95.7514
96.9332
98.6779
98.7054
97.0312
99.4675
98.3205
97.0305
97.0323
98.1198
99.4438
99.9786
98.4216
98.6448
98.4985
97.7336
98.6616
98.7038
97.1179
98.2888
98.2617
97.0234
96.9776
98.9324
98.3028
98.568
98.5999
97.0261
96.9487
95.6474
98.3543
98.2885
97.0301
99.0158
98.1538
97.6248
98.6718
96.0683
97.1112
98.2577
96.979
98.7117
98.5659
98.1447
97.1264
98.5099
97.1503
97.1184
98.2171
98.8195
99.0921
98.9402
96.9242
96.9703
97.011
98.4086
98.5368
97.0251
99.5737
99.8858
98.5308
97.0917
98.6885
98.5363
96.9613
98.0167
98.2753
96.996
98.6277
98.9475
97.0851
99.6588
97.0495
96.985
99.1148
99.1142
96.9982
99.0467
96.989
98.3758
98.4852
99.0759
98.2499
96.9594
98.6791
99.3012
97.6533
98.1286
99.0424
98.7044
97.0262
97.5556
98.5633
97.0424
98.3935
98.0937
99.6013
98.558
98.4779
99.6758
97.1445
98.5193
98.7744
98.7164
97.1978
96.9904
98.5957
98.8017
95.9869
98.9776
98.6666
98.9603
98.9334
97.0301
97.7894
97.0275
96.9425
98.2835
98.5513
98.5416
92.7723
98.4563
96.9857
96.946
99.6468
97.1781
98.5969
98.6048
98.385
98.2959
96.9489
98.6244
97.034
97.7445
99.6988
99.6416
95.8425
98.7018
97.0616
98.9284
98.9379
96.9982
98.6995
98.0934
98.8881
98.5957
97.059
98.2636
99.6671
98.3271
97.1185
98.0838
98.4127
99.8459
97.7456
98.512
96.9701
98.6761
96.9663
97.0936
98.658
97.1433
98.7104
99.4624
98.256
97.0908
98.8942
99.4624
97.023
95.7953
98.3194
97.0594
98.2896
97.0904
98.8115
97.1413
98.5147
98.5009
98.8065
98.6161
98.6577
98.6229
98.1582
97.9015
97.124
99.4745
99.9659
97.7176
98.3533
98.2347
98.2422
97.0236
98.1782
96.0077
97.9514
98.3533
98.5783
99.3968
98.9949
99.0246
98.6319
98.6119
98.1696
98.8927
98.3149
96.9934
98.8636
92.7825
98.3778
97.1173
98.7841
95.7783
95.8276
98.5662
99.4482
98.3118
98.6611
99.762
98.7767
98.6251
98.2355
98.6027
98.2686
98.2904
98.5817
97.5732
98.5683
98.841
99.7654
97.0716
98.7268
98.3309
96.8944
98.2994
99.7881
98.6862
98.0998
97.0891
99.0566
98.1995
98.5805
99.7115
97.1908
97.0466
97.0171
95.7344
96.9921
98.4216
96.8844
99.7722
99.8908
97.6732
97.1164
98.9023
97.1169
98.7703
98.1929
97.0757
98.7359
98.3453
99.0287
99.4524
97.7848
98.6875
98.415
98.9514
98.7138
99.5235
98.4301
98.0389
98.6597
98.4074
92.9913
98.679
98.2795
98.5667
98.3422
99.0609
98.7704
98.2771
98.6125
96.9769
98.3775
98.3335
98.6875
98.374
98.3464
98.9908
99.5648
97.121
98.9336
99.5225
99.5116
95.7424
98.9641
92.3125
96.9896
95.7115
97.1631
96.9964
98.4156
98.4031
98.3207
97.031
96.8574
97.0854
98.8789
97.6991
97.0504
96.9366
97.8043
98.8962
98.4535
99.5648
98.103
98.2034
98.2239
95.573
98.1993
97.5354
98.2625
98.2242
98.9414
97.7753
97.0485
98.4275
97.6603
98.0643
98.9718
97.0999
99.8328
96.9211
98.9621
97.1388
97.0474
95.7737
98.7997
99.4885
98.5407
98.3834
97.7924
98.9022
98.6686
98.6507
98.9591
97.7347
99.4811
97.6811
97.1353
99.9803
98.1172
99.1404
99.0536
97.7376
92.7683
98.928
96.9154
97.8568
98.8307
98.8465
97.0242
96.9939
98.8796
97.7829
95.8082
97.6891
95.8312
95.6908
96.8833
98.55
98.3453
99.7343
97.0435
96.8995
98.2312
99.093
99.2126
97.9253
97.8076
97.6977
98.7762
92.8411
98.6065
97.5681
98.9762
98.5415
96.827
99.587
98.3854
98.6381
98.6773
98.9703
97.8185
97.0631
98.9715
95.6108
98.213
97.7513
98.6988
97.1809
97.6095
98.5452
98.3796
98.7291
98.018
98.3165
99.8845
97.0361
98.5476
98.086
97.8575
98.2881
97.0166
97.0791
99.4582
97.0323
98.0493
96.9506
98.3307
97.1441
97.0867
98.7956
95.7428
97.052
98.5927
98.7984
98.552
97.8045
97.0371
96.9584
96.9838
99.0325
98.6475
95.7411
98.5981
98.3329
98.1522
98.2321
97.0511
99.7629
92.9043
98.426
97.0084
99.4505
98.5335
97.089
98.6059
99.8917
99.8372
99.0002
98.1277
98.7535
98.2321
98.4842
98.6139
96.9525
98.6744
96.9142
97.0795
97.119
98.6439
98.6178
98.111
98.3515
98.3593
98.3819
98.8407
98.6996
98.6985
98.6816
97.0955
98.5874
97.6432
98.2485
95.7358
96.8426
97.0339
97.056
98.7562
98.9012
98.605
98.3297
98.2093
98.2522
98.6293
98.5569
98.7529
98.2155
97.1575
97.034
98.8373
98.6016
99.1889
96.9722
98.4162
98.6877
98.1861
98.5694
97.768
98.9727
96.9986
98.4951
95.7914
97.0093
97.6979
97.7806
98.2954
98.614
96.9597
97.1084
97.579
99.5475
98.6376
95.6514
99.1433
98.2288
99.5518
97.0188
98.4061
99.0282
98.5323
97.1757
96.8667
97.8188
95.604
98.0659
99.0554
98.1115
98.5709
96.9187
97.0335
98.5717
98.8223
99.496
97.7609
99.0025
97.8266
97.8105
96.9513
98.529
97.0218
97.7987
97.0111
97.009
98.7789
98.3413
95.7379
98.2899
98.6848
97.0399
96.1828
98.9357
95.5552
96.1455
98.9072
98.9228
97.0872
98.6628
96.0355
98.6378
98.3046
98.5598
98.4514
98.5944
99.6083
97.067
97.0386
97.042
96.9721
99.51
98.2082
99.0011
97.7828
98.0106
98.8607
97.94
96.9105
98.5539
96.9226
96.9959
99.0523
95.7573
98.2755
97.6793
98.7778
96.9108
96.9891
98.9166
99.6825
97.8526
98.4788
98.1223
98.4119
98.5743
97.1735
99.0134
97.7325
98.3168
95.642
97.0835
97.0879
98.9787
98.4007
98.4827
98.9977
97.7558
97.6388
97.8575
98.9892
99.8871
97.1331
98.6479
97.7473
97.0237
98.1796
98.7231
98.3045
96.9939
97.0336
96.9855
99.0046
98.3293
95.7768
98.94
97.8589
98.3821
98.7054
97.0768
98.3336
98.5872
96.9945
96.0499
95.7037
99.6231
98.3417
99.6403
96.9693
96.1558
96.9298
98.6771
97.0876
97.5337
95.7593
98.5016
98.625
99.4504
97.7403
96.9712
98.6377
98.0225
97.0778
99.6754
96.137
99.9879
99.75
98.9875
98.695
98.6024
98.1388
98.4816
96.9819
98.9937
97.0687
98.766
98.3809
98.1841
97.5966
97.0195
98.6964
98.6081
97.607
98.4647
97.7757
98.5564
99.3747
98.2042
99.0657
99.0009
99.0091
98.702
99.0335
98.8339
98.6066
98.8918
98.8549
99.5577
98.9774
99.1991
98.942
98.4927
97.0648
96.0293
98.5747
98.8819
98.236
97.6329
98.9787
97.0666
99.7686
95.7677
98.1535
98.1556
99.2613
98.3002
98.8687
97.0724
96.9394
97.0534
97.0222
98.2795
99.7067
99.7494
97.5309
98.5471
98.0453
99.1857
96.965
98.8049
98.6194
98.2797
98.3633
97.7822
98.4175
97.7263
99.5129
97.0322
98.5799
98.195
98.6694
99.3833
97.7327
97.0308
99.7713
98.1786
97.1751
98.357
98.7056
96.9879
96.9993
98.0948
98.5158
98.635
99.8776
98.5889
97.0038
99.4207
97.0108
98.5641
98.4778
97.8978
98.51
98.2844
98.6077
98.6044
98.8959
97.8219
96.1109
97.064
97.2272
98.7109
96.979
98.5902
97.0262
98.104
92.7263
98.5706
98.6683
97.107
97.0824
97.0529
98.203
98.911
98.6844
95.8359
96.9755
99.0172
97.8895
97.7107
98.62
97.1765
98.5042
97.1154
97.7945
99.6873
97.7586
99.0118
98.5957
97.9336
98.5306
97.6672
98.3214
95.5725
98.2043
98.1204
96.954
98.2134
97.6146
98.567
99.7734
98.5298
98.3391
99.5974
98.3905
98.6342
97.0357
97.0606
97.1572
98.9607
99.0233
96.9474
98.5019
98.682
98.5955
98.5052
98.9092
98.6036
97.086
98.1854
98.6387
98.4153
97.6846
98.8903
99.823
98.3942
97.9377
98.3972
98.1834
97.6796
96.9683
99.9191
98.5597
95.7905
98.4666
98.3531
98.3641
97.1649
97.6621
98.1708
97.1381
99.7809
99.3391
96.9101
98.6189
98.6388
97.0419
97.0517
99.0472
99.5241
98.8927
98.6085
99.053
99.2435
98.4308
98.1105
99.5509
98.6847
98.9721
98.7037
98.7406
98.5168
98.5666
98.3435
99.0983
98.9204
98.3441
97.8483
97.056
96.9517
98.4851
97.8781
98.4712
98.8778
96.9028
98.6476
99.4956
98.3456
98.5225
97.0493
98.3136
98.9742
97.859
96.7848
97.4717
98.2715
98.7535
98.7496
98.5574
98.7398
97.001
98.2674
97.0612
98.6156
99.8286
98.7114
97.9333
98.6061
98.9581
98.2104
98.0842
97.7579
97.0551
98.3424
97.8368
97.0968
98.2937
96.8937
95.7596
98.2781
98.4076
98.6587
98.3252
98.9472
98.6662
98.9196
98.6979
98.2686
98.3127
98.5649
96.1054
99.3007
98.6089
98.3533
97.1451
97.0158
98.2449
96.9911
95.7107
98.7279
96.9179
99.0015
98.8175
98.3389
97.6816
98.9934
98.972
99.053
99.1394
98.146
98.7181
99.4785
98.6815
98.5526
99.1867
99.0855
98.9748
96.9914
98.6998
98.7528
98.6749
97.1794
98.6776
99.9661
97.0663
98.591
97.7868
98.703
98.6458
97.0185
97.0102
97.2578
