98.9399
97.1972
99.8673
99.6623
97.3076
99.532
96.7325
96.6173
99.4966
96.7229
96.6508
98.1976
98.1554
97.3648
97.1033
99.531
99.9166
98.9745
99.4084
97.0779
97.0003
97.2978
99.667
97.6675
97.1275
99.7876
97.0534
99.8871
96.4636
96.9191
96.6096
98.948
99.6288
99.847
96.988
99.8937
97.1012
96.7
96.7891
97.2054
99.9761
96.6581
99.8497
99.8559
99.8985
97.4756
96.7699
98.8601
96.7846
97.2851
99.0715
96.8241
98.2618
96.665
96.7422
98.4532
99.8691
97.2227
97.2393
98.3239
97.1605
97.2964
97.2094
97.2701
97.1304
96.4776
97.3326
98.314
96.6273
99.5219
99.83
97.2543
97.2002
96.6888
97.2225
98.8445
99.8609
96.6389
99.7774
99.8086
96.6754
96.7502
99.2545
97.0589
96.8346
96.8689
99.9023
96.7755
96.8214
99.3763
99.7913
99.8946
98.3433
99.8407
96.6399
96.7273
96.6575
98.9009
98.4115
96.7275
99.886
98.2331
98.7969
96.7575
97.1411
99.9032
96.5874
96.6427
96.7187
96.624
96.9372
99.9159
99.9206
98.2127
99.6897
96.7594
96.8392
98.3537
99.8943
96.6986
99.753
99.8828
99.034
97.2538
96.5128
98.8632
99.9485
99.8355
99.8447
98.9769
98.9874
99.8926
99.3907
99.9023
96.6181
96.9386
96.6448
96.7589
98.1769
99.8594
99.9228
96.5902
99.8162
97.384
96.6937
96.7998
97.254
97.0968
99.832
97.2541
99.855
96.8665
97.1468
98.3444
99.8262
98.9633
99.5901
96.6559
99.7659
96.684
98.3285
96.6099
98.1652
96.7383
97.1296
96.4841
99.8222
99.9238
96.755
99.8754
98.949
96.8166
99.5665
96.6186
97.1403
96.7794
96.6907
99.8235
98.7433
99.8441
98.1144
97.0009
98.3062
96.6455
96.6508
96.5661
99.8321
96.7684
96.6571
96.6057
96.984
96.91
97.3196
96.8644
96.6535
97.1882
96.5265
97.2394
96.9883
96.4893
96.8789
99.1786
97.4468
96.828
99.8763
96.7449
96.6598
99.8286
98.9827
99.6346
97.203
99.9319
99.9299
98.2082
99.9619
96.6717
96.7748
97.3803
98.3748
98.2542
99.8328
98.891
99.8917
98.987
97.1528
96.7631
98.7526
97.2311
97.2904
97.0838
97.1094
99.6366
99.8506
96.9609
99.9392
99.9276
96.583
96.968
99.5542
99.9017
99.4416
96.687
96.6787
96.927
97.0149
98.2057
96.7945
99.4421
98.2686
96.6299
99.806
98.9704
99.5971
99.8898
97.232
99.9752
99.8514
99.8176
96.8866
96.7885
99.8655
96.5162
96.7746
99.0624
97.8494
98.1192
99.6533
98.938
97.4782
99.3032
97.2802
97.2364
96.7427
96.7479
96.7999
99.5802
99.6033
96.5845
96.6702
99.9119
97.3321
97.154
97.2318
96.6384
97.3283
96.7552
97.1788
96.7133
97.2757
96.7389
97.3104
96.7006
99.9012
99.8667
96.8248
96.6107
98.272
96.8724
99.9063
99.5835
99.8959
99.8002
97.2955
96.6309
96.7281
97.0869
99.7887
97.2455
99.7963
99.9339
97.3132
96.4383
96.6651
97.3093
96.6419
98.577
99.7318
97.5066
99.7772
97.3115
99.5518
99.4557
96.7633
96.6459
98.2944
97.3207
97.0411
96.7864
96.8184
96.8718
99.5827
98.9996
99.8249
97.3892
97.0232
96.6144
99.8584
96.6392
99.8906
97.3209
97.3737
99.8701
99.8972
96.6157
96.6014
97.027
96.7156
99.44
97.2619
96.6741
96.5578
96.6702
99.6096
96.8478
99.7375
99.4859
96.7249
99.7935
98.3037
99.6762
96.6074
97.1568
99.6366
96.6905
96.4862
96.54
99.9186
99.9011
97.1222
98.2521
96.6973
97.4723
97.2832
99.0486
98.9477
96.7171
99.8643
96.5577
96.5771
98.317
96.8269
97.2457
98.3832
97.2195
99.6651
99.91
96.748
96.6209
96.7795
96.7363
98.3372
96.7574
96.6882
96.7084
96.5885
99.8346
97.2918
96.6738
96.9828
99.7939
96.5945
96.8286
97.3211
99.485
96.7684
98.4056
97.1764
96.6586
97.275
97.0677
98.422
99.9164
99.6298
99.8625
96.5624
99.8309
96.6635
96.7492
97.2304
97.1309
96.6276
99.878
96.6052
96.736
96.9875
96.6872
99.0326
96.8357
96.6917
96.6327
98.9478
99.9392
98.5794
99.6143
99.8293
96.8429
99.9005
99.8657
97.3657
96.7371
97.0478
96.8289
99.5542
98.9221
96.7627
96.6818
99.8598
99.8145
97.3091
99.8909
97.4545
96.7578
97.4234
99.9814
99.9103
99.8375
99.8906
96.7111
97.2561
98.2907
96.7192
97.1388
96.7101
97.2632
97.14
97.1734
99.0062
97.0946
98.7991
96.598
99.6891
96.7744
99.5349
97.2257
99.3976
96.8312
98.2961
99.775
97.1671
97.2687
99.8805
99.6252
96.7088
98.3895
99.9324
96.7622
97.0087
96.7464
99.6155
98.2454
98.7437
97.2153
96.8727
96.6298
98.9396
96.6713
96.7059
96.7386
96.5745
96.7155
96.6305
99.3085
98.9621
98.8323
96.8423
96.6069
99.8571
99.9236
99.6965
96.5114
99.8903
97.4837
96.7147
99.025
96.6611
98.9482
96.8794
96.8317
96.6267
97.2899
97.3705
96.7641
96.6307
98.2779
96.7077
96.5924
97.0198
98.5249
96.6458
96.8934
99.7051
99.9738
96.686
99.559
96.8406
96.5538
98.9732
97.1792
96.6029
99.5502
99.7902
98.8567
97.2344
99.8774
96.6645
96.6639
97.2884
97.082
96.5963
98.1349
99.8782
99.7797
96.7603
96.7232
96.6837
98.2235
99.6466
99.7791
96.5336
99.9406
96.6711
96.6835
96.9738
97.1581
97.2769
96.812
99.9628
96.6709
99.8781
99.8967
96.6757
96.6919
98.7791
96.4751
97.5358
96.6981
99.7684
99.5368
97.2605
96.594
98.348
99.8358
97.0821
97.3925
97.2603
97.2235
97.2576
98.2686
97.152
98.5093
96.6094
99.8547
98.4491
99.748
97.3467
98.7965
98.9097
99.8221
96.7897
96.7079
99.7333
96.6567
99.5704
96.5776
96.8279
98.1793
96.6856
99.4308
96.8612
98.3314
99.9316
96.7583
97.0752
96.889
98.2821
99.9565
96.6354
97.0895
96.6144
96.6854
96.5718
96.7315
99.8215
97.342
96.6181
99.5401
96.8667
97.21
96.699
97.1518
98.823
99.8808
99.8818
96.6581
97.2548
98.2808
97.1972
96.8359
96.791
97.2939
97.0825
96.7272
99.7975
99.9036
99.9534
98.9593
96.6139
97.6017
96.8624
98.2319
96.6492
98.9625
98.3029
99.9052
96.6958
98.2386
99.4689
98.9934
96.649
96.6623
98.2269
96.7897
96.5079
99.8024
99.0258
99.0922
99.9215
98.2993
98.8247
99.9286
97.2085
96.6821
98.9578
97.1965
99.8389
96.8798
97.2435
97.3234
99.8139
96.723
97.2671
99.4098
99.8238
99.8871
97.3044
96.6901
96.9067
99.5687
97.3742
97.1647
99.9036
99.8892
99.9004
98.9909
96.6828
96.922
96.7011
99.926
99.8845
99.4881
96.8453
97.1797
96.7823
97.8208
96.7357
99.8521
99.5986
99.8524
99.7662
96.6165
97.6126
96.8942
96.8275
96.7474
97.2074
96.5825
96.8097
98.6608
97.3833
98.8825
98.9877
97.055
99.8411
97.3299
96.5851
96.7684
99.0559
96.6583
96.7968
99.8606
97.0244
96.9879
96.5671
97.0823
99.8793
96.7177
97.1916
99.6139
96.4455
99.8674
99.6017
99.8807
96.6753
96.6519
96.8246
99.9594
96.7236
96.7456
99.5342
99.8462
97.1734
99.8995
98.6193
96.876
96.665
97.236
97.0623
97.1311
96.7889
99.8003
98.2055
96.6991
96.5404
98.3581
99.0515
97.0433
96.7854
97.3268
96.6191
99.9769
96.7251
99.6029
96.6977
98.2766
97.0083
98.9773
96.7034
99.8719
99.4138
96.7145
98.2502
96.6743
97.3315
98.2317
97.1906
99.8916
99.7324
97.3213
99.8712
96.6927
96.7793
99.3365
99.8863
97.178
99.7349
96.7468
99.4891
99.5338
99.9471
96.7028
96.7515
99.6576
96.7323
96.646
99.8916
96.9736
99.7492
98.1262
98.9545
98.9254
99.7861
96.5916
96.6533
96.5378
97.2435
99.8718
97.241
99.4849
97.3051
96.7353
99.8224
99.902
97.4111
96.5978
99.3127
99.7903
97.3769
96.8561
99.7191
97.3425
97.0516
99.8267
96.7471
96.6182
96.6915
98.8256
97.1837
97.0301
96.4993
97.2452
99.9337
98.1769
96.8006
96.9521
98.8487
96.6136
97.3112
96.9275
96.492
98.2083
99.8486
96.9912
96.7107
99.8258
99.805
99.5646
96.723
96.7007
97.0907
99.8056
97.1888
96.7609
99.9488
97.2634
97.075
96.9677
96.9774
99.791
96.6935
97.323
97.1706
96.6423
99.959
99.7924
96.6957
98.9801
96.7759
96.6989
97.0821
96.9782
96.6233
96.9009
99.4704
98.9706
96.7009
96.5898
97.0361
99.8702
99.9814
99.8055
99.0205
97.1519
97.1716
99.9265
97.2145
96.8969
99.7648
96.6155
97.133
97.2109
96.7472
99.9085
97.3707
99.5097
96.7589
99.6371
99.7411
98.3026
97.1948
99.8784
96.6606
98.4915
96.6754
99.8716
99.7546
97.0929
96.6192
99.0123
96.963
97.2041
97.184
99.7952
98.3073
96.7837
97.2401
97.1902
99.9299
98.9951
96.4817
98.4341
99.913
96.5882
99.8725
99.7906
96.5995
97.0975
96.9305
96.6589
98.9762
99.9416
96.7245
96.591
99.7655
99.5524
96.7622
96.8977
97.1428
97.1402
96.7679
98.9574
99.9141
99.8509
96.8005
99.8172
97.1178
99.055
98.9394
99.5957
97.2821
99.9093
99.1497
98.6808
98.894
96.67
97.4366
96.6395
97.1903
99.9033
99.8507
97.3408
99.895
96.7736
98.1565
96.6081
97.1058
96.6014
96.7518
98.3269
98.9609
97.3208
96.7262
98.6212
99.8257
96.8373
98.5836
98.2342
96.9174
98.9594
97.4388
96.6262
97.4023
96.7576
96.7436
96.7136
96.5922
96.6698
96.5896
96.7352
96.5475
99.7508
96.6845
99.7351
98.7184
99.2719
96.7402
99.592
96.8028
96.7759
98.117
96.7021
96.9482
97.1776
99.0621
97.3021
97.1184
99.489
96.6525
99.5797
96.7869
97.3076
97.3634
98.2908
96.7213
98.2559
96.7316
99.9099
97.2708
99.58
99.8691
96.5316
99.779
98.2462
99.863
96.6158
96.7124
97.4448
96.8106
97.2905
96.7995
99.9702
96.6347
99.7781
97.2913
97.3186
99.867
96.802
96.7333
98.298
97.1901
96.6356
99.8991
96.8251
99.9294
97.2743
96.7366
97.3023
99.4763
96.8039
98.2602
99.8761
96.6036
97.0022
99.9157
96.6444
96.7796
99.7349
96.5726
98.2856
97.1264
97.2094
99.8207
97.2454
96.7431
98.9376
97.4135
98.2557
96.6304
99.9295
99.6516
97.1199
96.6724
96.7795
97.0482
97.3754
99.9066
97.4177
98.8331
99.9746
96.7173
98.7448
98.8789
99.7805
99.7968
96.6634
96.7213
97.2113
96.7646
96.5867
96.5069
96.8911
99.1327
96.5929
96.7542
96.8661
99.8854
96.7618
97.2334
99.4345
96.683
99.0539
96.8146
98.3109
99.0481
96.7992
96.9189
96.5923
96.8367
99.6898
99.9095
98.2828
96.6371
99.9176
99.4758
96.7262
97.2954
97.3241
96.6153
96.7461
99.0438
97.372
99.5559
99.1067
98.4056
99.3903
99.8502
96.7598
96.725
98.2644
99.7929
97.3354
98.2348
99.8748
97.0873
96.7549
96.6347
97.1995
98.2889
96.7905
98.786
96.7097
96.7121
99.9067
96.633
99.5426
97.3744
97.2164
96.6633
97.1381
96.7525
99.84
99.8093
97.2521
99.7959
98.9329
96.7194
97.1951
99.682
99.0188
97.2239
96.6013
99.8974
98.3036
97.1946
99.9151
96.8291
98.2263
97.3068
96.6115
96.7345
96.6985
97.3631
99.864
99.1341
97.22
98.6844
99.715
96.9046
98.3743
96.5517
99.8935
99.5444
98.7181
96.7191
96.6488
96.6474
96.7147
96.6829
99.929
98.1446
99.8301
96.9106
98.2131
97.2192
96.6229
98.951
96.8144
99.7504
99.3985
99.8129
99.4487
96.8001
96.6892
97.0955
97.3098
97.2892
99.7322
99.6603
96.6303
97.2218
96.6914
99.8562
99.3797
98.4623
99.6171
98.8198
99.6402
98.3262
99.7476
99.8553
98.2126
98.1905
97.2975
97.2758
99.7505
97.2447
99.6976
99.7907
97.1483
99.8122
96.62
96.7793
97.2546
97.319
99.6331
99.8502
99.8681
96.6433
96.6732
97.386
99.4847
96.8789
96.6554
97.3232
96.9494
98.9154
97.4585
99.9121
96.6255
98.4568
96.7372
99.7159
96.6808
96.6584
99.8436
96.4587
96.7912
96.6609
97.1451
98.3243
97.3408
98.3382
96.7068
96.5246
96.7005
97.3017
98.1663
96.617
99.9056
97.2986
99.8857
97.0167
99.7835
96.5123
96.7007
99.9083
99.8419
99.5461
97.2634
96.7608
99.8297
96.6814
99.626
96.503
97.0785
99.4054
99.8411
99.9024
97.1147
99.8133
99.1543
97.2882
97.2778
96.7861
96.7314
99.5939
96.7786
99.6663
97.2367
97.2376
96.8912
96.7037
96.7016
99.0457
97.0355
96.6972
96.58
98.2911
97.2535
97.0833
99.5482
96.6943
99.6795
96.7258
96.6071
98.915
96.7829
97.3394
96.5931
96.881
97.1056
96.7651
96.4999
96.5309
96.5801
96.8438
99.6315
99.8924
97.4141
96.6348
97.4
96.6194
99.0638
98.3496
96.708
96.7558
98.2357
96.7172
98.2955
96.7369
97.2425
97.3318
97.2399
97.4694
99.5616
96.7116
97.3017
96.6704
96.7697
97.2963
98.9152
96.7775
96.7246
97.2818
99.6911
97.4444
96.6593
96.9537
96.8503
99.137
98.1668
96.6626
96.7493
96.9806
99.0603
98.3353
99.8226
96.5493
96.7038
97.3684
96.9922
97.1075
98.825
98.2838
96.7366
99.9685
99.893
96.6666
97.4922
96.7776
96.5565
96.6813
96.7397
97.0974
98.9204
99.7971
97.2189
96.7706
99.5979
99.7205
97.2945
96.6718
97.3026
96.7848
96.6385
99.5453
97.2135
96.6387
96.5993
99.8444
96.858
96.5615
96.7319
96.6162
99.5142
98.3822
96.7397
96.6397
96.4985
96.7125
99.8891
98.3857
99.8522
96.6846
97.3391
99.8867
96.9837
97.0925
99.8021
99.9377
98.3567
99.5487
98.3535
97.6128
99.9581
99.9113
97.2847
96.587
97.1982
97.3298
99.02
97.3387
97.3047
96.7191
98.6411
97.213
99.7371
96.6708
96.5416
99.6111
96.7259
96.9896
98.5435
97.2073
99.8095
98.365
97.2259
98.9412
96.6536
96.7236
97.2941
96.9161
97.1966
98.3736
98.2434
99.7405
99.8889
96.8813
99.6835
99.4811
99.8785
99.0309
97.5124
99.7696
96.4842
96.7695
99.9418
96.6873
97.2279
96.5136
97.219
98.277
96.4276
99.9317
96.6839
99.668
99.9541
96.6606
96.818
99.5367
98.2048
98.3075
97.2251
97.0455
98.1722
96.6818
99.607
96.795
98.8985
99.9222
96.7542
96.771
99.8783
96.8715
96.7791
98.3406
98.9394
98.2789
96.7252
97.2086
99.5064
96.5821
98.8938
97.2924
96.6843
98.2588
96.6728
96.7591
99.9403
96.5403
99.8339
99.6755
98.5167
99.9228
96.6193
97.2862
96.6659
96.7436
96.7263
96.7101
97.3214
99.5005
97.2673
99.4598
96.6352
99.842
98.7331
97.078
96.6559
99.8805
97.3073
98.1995
96.686
99.7855
99.8561
96.7403
97.3792
96.865
96.5425
96.6796
99.8282
96.7251
99.8815
96.7228
99.662
98.3067
97.1872
96.7569
99.9485
96.6646
96.7614
97.2711
96.5405
98.3435
98.3087
98.7715
97.1873
96.8529
96.6222
96.4947
99.7911
96.6441
99.5795
96.7723
96.5626
97.046
96.788
99.3434
96.7917
96.7048
97.4153
97.0269
99.4502
98.3237
99.6638
97.16
96.9402
97.281
96.7739
99.8891
99.4807
99.1089
98.2542
97.2038
96.5775
99.8677
96.685
97.2126
97.4025
96.7166
96.7007
96.6544
98.3452
97.1234
99.8379
96.8288
99.8592
99.8694
96.7153
97.3585
97.3213
96.6621
96.662
96.744
99.8814
96.803
96.7114
97.0962
96.8844
99.7999
99.582
99.7607
99.4556
97.2566
99.9178
96.748
99.0465
98.2542
96.6629
98.2599
99.8712
97.3738
96.6959
98.851
99.8278
96.5803
97.2184
97.1965
97.241
97.3679
97.038
97.0512
98.9554
99.5324
97.2346
99.8601
96.5689
97.025
96.7353
97.0231
97.3492
99.8928
98.923
97.3115
97.161
98.3215
96.6631
98.4006
97.0092
97.3838
96.5217
99.5737
97.7599
96.6103
96.8564
96.6324
99.8459
99.4317
96.7152
96.6459
99.8995
99.8872
97.3859
98.7351
99.4822
96.9361
96.56
96.7055
96.6752
96.7576
98.4765
98.5323
99.9698
96.5936
96.5672
98.9629
98.9673
96.7651
97.2587
96.7129
99.8616
99.8782
96.5232
98.307
96.8794
99.9186
96.497
96.7646
98.3708
98.8879
99.8515
98.8292
99.7496
96.5886
96.9237
96.6904
99.768
97.2332
96.7721
99.6636
97.3196
97.2152
98.9322
96.778
98.7607
96.7561
96.5126
96.8848
96.703
96.9927
97.3663
96.9588
96.7387
99.6954
97.3454
99.3082
96.8009
98.9577
97.01
96.6367
99.8066
99.8882
97.3384
97.1532
99.9376
96.5808
99.8179
96.9212
98.4033
96.7671
96.6053
99.8681
96.6555
99.5989
99.8789
96.7547
96.6721
96.9005
97.3096
98.2928
96.6315
96.791
99.5702
96.6584
99.9278
99.3915
96.8853
99.9751
99.5234
98.1393
97.2132
96.6576
98.2577
96.8444
99.1145
96.601
96.8608
99.869
96.8176
99.8831
97.1914
99.9051
97.0197
99.0133
97.0005
96.7159
96.8724
98.3197
96.5137
96.6345
96.709
96.767
97.1367
96.8772
99.9801
98.7263
96.64
97.2561
99.8264
96.7527
96.6953
98.3182
99.9562
97.2054
96.684
99.9818
96.6823
97.1995
97.3594
99.9096
99.8926
96.7383
96.6989
98.1956
96.6848
97.5163
96.5884
98.2927
96.8804
98.9967
99.8208
96.6988
96.6976
97.1365
98.2404
96.7539
97.2336
96.8596
96.7178
96.6581
98.8908
99.738
97.3155
96.624
96.6705
96.6344
96.5987
99.5549
96.748
97.0674
98.2236
98.8812
96.8092
98.3144
97.2158
98.9495
99.5678
99.6678
96.6953
98.1143
99.8891
96.6258
99.618
98.43
96.8955
99.6709
99.5128
96.6218
97.1473
97.132
96.6995
98.9636
97.2692
96.6517
97.2394
97.4883
99.0348
96.6784
99.5382
98.2447
99.9144
98.2119
99.8361
96.7205
99.8213
96.6009
99.4542
96.6343
96.6267
99.8853
96.7797
97.3463
97.2452
98.8589
97.5177
99.8283
96.6568
99.763
98.9365
98.8807
97.3952
96.6244
97.187
98.9855
99.8391
97.2385
97.3744
99.5826
98.4491
98.3266
99.957
99.8905
96.6479
97.2899
99.7845
96.7477
96.7537
99.8021
97.3055
96.828
99.8108
99.8372
96.8961
98.7966
99.9053
99.9431
97.1495
97.3748
97.2647
97.0346
99.4876
98.9963
96.5121
96.752
98.8036
98.2982
96.9975
98.7832
99.8769
97.113
99.8284
97.4475
98.9669
96.6442
97.0165
98.9835
98.2523
97.8541
99.848
97.4428
99.8127
97.1448
99.5118
96.7629
96.5277
96.5391
99.8763
96.585
96.6844
96.5317
97.1827
96.7475
99.853
96.7579
98.8971
98.2294
97.0315
99.6509
96.7427
96.8627
96.664
96.8063
96.7103
99.8185
99.5945
98.2863
98.9087
97.3137
96.6935
97.2864
97.0149
96.5859
99.6797
96.68
96.773
97.3353
96.7311
96.815
99.9323
99.8175
99.8037
99.7739
97.2202
99.8164
97.364
96.6385
96.7136
99.0046
96.7272
96.7901
96.5606
99.9233
97.0524
99.8654
99.6306
99.4088
98.9802
99.8311
96.8494
98.9053
97.1756
97.0573
98.2459
97.1533
97.1888
99.4993
98.5892
99.9266
96.6561
96.9332
98.7102
96.5441
98.9496
99.8774
96.6372
96.7248
99.1515
99.8646
96.7694
98.3944
98.2004
99.6498
96.7406
96.5957
98.6006
97.252
98.4991
99.811
96.9764
96.72
98.2849
96.6753
97.1467
96.7622
97.1107
97.2512
97.0307
96.784
99.6775
96.605
99.905
99.8248
97.2255
99.7705
98.8277
97.388
96.7073
96.8531
98.7674
97.2916
96.6726
96.9824
98.9371
99.4195
96.6386
98.3062
96.9344
96.6791
99.6086
98.3147
97.1682
99.9639
96.8339
99.8136
98.3136
97.155
99.5992
96.751
99.7467
96.7408
99.5237
96.7239
98.2305
96.7701
97.2692
99.9849
96.7474
99.8518
96.7061
98.4081
99.4827
99.8273
99.885
97.2577
96.8426
96.6858
98.3117
97.082
99.8594
99.5387
97.3196
96.5332
96.7951
97.0018
98.6581
99.8439
98.7552
99.8982
99.7879
96.6301
97.026
98.3906
98.7316
99.8164
96.6288
96.663
99.8197
96.7499
97.2881
99.8923
97.3328
97.1779
98.4011
99.8958
98.7463
96.6277
97.2202
99.3542
96.7364
99.8196
96.6437
98.8497
96.6583
97.5346
96.7106
96.4739
96.4841
96.8206
97.4419
96.7034
96.687
99.9027
99.907
99.8249
99.8858
96.9668
96.6687
96.5986
96.6888
96.6799
99.8206
96.8095
99.8455
97.0152
96.7112
99.4228
96.7609
96.66
96.7148
96.5253
99.6128
99.8587
97.2698
96.9112
97.3693
98.9781
97.3307
99.0104
99.047
99.8245
98.9453
97.2606
99.9052
98.2861
99.9379
96.8837
97.1398
96.6993
96.7234
99.9702
99.722
96.715
99.9139
97.0845
99.7865
96.5872
98.9156
99.8678
97.0454
97.5465
96.8059
97.2604
98.9597
96.8601
98.068
96.5222
99.6541
97.0566
96.8811
97.1777
98.228
96.7422
99.8399
98.7697
96.8201
97.2368
96.7848
96.5797
97.2207
97.4258
98.2866
99.8314
99.8707
97.4632
99.4648
97.3808
99.8299
96.6281
96.7043
98.9721
96.5773
98.9383
99.5378
96.9599
97.302
99.4924
98.2017
99.88
97.2183
98.3449
96.6979
97.1431
96.722
99.1327
97.3813
99.0997
99.8782
97.1495
98.2851
96.6383
97.2278
99.895
99.3827
99.8815
99.8598
99.8649
98.9535
99.1259
97.3446
99.876
96.6852
97.4758
96.7217
97.0033
99.6249
96.6686
96.6589
99.8348
96.6972
97.1303
97.2992
98.3267
97.0899
96.659
99.8266
97.2169
96.7704
98.2796
97.2419
96.5609
96.7458
96.9091
99.8128
98.2957
96.7487
97.732
97.1757
99.9111
96.5648
99.5646
96.7558
99.079
96.5215
97.4759
96.6413
96.6598
98.3649
96.5624
96.797
98.374
96.6384
97.2516
96.6627
96.8161
97.0036
99.8493
99.7983
96.6255
96.4989
98.3362
96.6068
96.6852
96.9475
96.7292
99.934
99.8557
99.6547
98.0383
96.4577
96.9088
99.8605
97.2229
99.7099
96.6914
99.6734
96.777
96.4044
99.8795
99.9212
98.4
99.8212
99.4787
96.9744
97.2699
97.2099
96.935
96.7635
99.8725
96.703
96.6232
96.6479
96.8728
98.2349
98.4561
98.3195
99.753
97.23
97.2242
96.8172
99.8745
99.7823
96.6824
97.2121
98.4211
96.6135
96.7587
96.7534
99.6437
97.1857
99.5872
99.15
99.9165
96.5964
96.6344
98.4042
99.8468
99.4994
96.7621
99.8662
96.6721
96.6109
97.2459
96.6502
96.8021
97.3539
96.6946
96.6677
96.6898
99.4691
97.3371
96.9759
97.326
96.7401
98.3304
97.2908
98.5926
96.6968
96.6728
97.1364
99.2426
97.2366
96.7833
99.8281
96.7288
97.2594
99.5839
96.6844
97.2347
98.3232
97.0192
96.9858
96.8122
97.1136
96.6673
97.3407
96.6943
99.7995
97.1027
99.7749
96.8902
99.8271
96.6654
97.2205
99.0581
96.6888
99.8723
99.8572
97.2101
99.8017
96.6895
96.6683
96.9173
99.0791
96.7249
97.2967
96.6836
98.949
98.8899
96.7792
98.1053
97.2994
96.6562
98.2626
98.2428
96.989
99.8798
96.6564
97.2206
98.2911
96.6774
96.7573
99.7275
97.2257
96.6872
96.5378
96.5912
96.7416
96.7359
96.7725
96.6545
97.5715
96.4523
99.8305
96.6825
98.3315
97.4314
99.5523
99.8201
99.9218
96.6847
97.0596
99.8284
96.7059
99.4974
99.1799
99.8334
99.038
98.2842
96.6974
99.9042
97.0881
98.3579
97.1165
99.3911
99.7987
96.6989
98.1546
96.8097
96.7534
97.2553
97.5286
97.0577
96.732
99.8547
96.682
96.7468
96.6957
96.6454
98.3611
97.2292
99.8802
96.572
99.8758
97.0933
97.2534
96.8242
99.9434
97.3006
98.1491
96.7587
96.7426
96.7109
96.6466
98.6525
96.662
97.3417
96.5297
98.8079
99.8825
99.9342
98.7134
99.8954
96.5705
98.8349
97.2333
99.8128
99.9482
97.2407
99.5733
96.8365
98.9457
97.4552
97.3382
96.9973
99.5836
96.6759
98.4336
99.7437
99.5005
97.392
96.7544
96.6655
99.4714
99.3715
96.7047
99.7667
99.9458
97.0109
97.1832
96.6389
96.6695
99.7899
99.8756
98.9233
96.6594
96.7242
99.7924
97.219
96.5641
98.8942
97.2602
99.8648
96.5759
96.5228
99.8069
98.8735
96.8021
98.8869
99.3551
96.7283
99.8854
99.8813
97.1672
97.5177
96.6348
96.6579
96.6722
98.8595
96.6095
97.2543
96.6023
98.9672
96.716
97.2785
97.2494
97.0809
96.7783
97.3039
96.5509
99.7037
97.3689
98.3096
97.0137
97.092
98.2342
96.7364
96.8026
98.573
99.9419
99.929
96.799
98.222
97.2091
96.6171
96.771
97.4005
96.4332
98.9218
96.7637
97.3537
99.9242
96.5348
96.7029
99.9077
98.174
99.8396
97.2487
96.6642
97.2466
96.6487
98.2961
96.7181
99.0023
97.4534
97.1889
97.2978
96.8765
96.8182
98.1295
97.2194
96.6202
96.5915
96.592
96.5635
96.6802
99.9624
96.6467
97.0207
96.5728
99.5878
96.6523
98.3674
98.4047
97.5544
97.7888
97.4181
99.3091
99.8944
96.8026
99.784
98.6078
97.3437
96.9928
99.5329
96.875
96.6788
99.307
98.2346
96.6993
97.3036
96.7001
97.0048
96.5419
99.8451
96.9373
96.7917
96.4604
98.243
99.8385
97.655
97.1403
99.6567
99.8985
97.3274
97.3914
97.1433
96.762
96.7221
99.7648
99.5523
98.3716
97.0332
99.7025
96.7958
99.8856
96.7788
99.9161
98.9632
98.1932
97.2121
99.5229
96.6302
98.8141
96.6789
98.1862
97.2538
96.6215
97.3589
96.7044
98.3258
97.2067
97.2082
97.2769
99.8602
96.703
97.1779
97.2525
98.8913
97.2493
99.5938
99.5262
99.9167
96.766
96.748
96.6453
98.9035
97.1686
98.2245
97.2973
97.1301
99.8807
96.7721
97.229
98.2829
98.3851
99.9642
96.7135
97.2056
96.8521
99.5026
96.63
96.6532
96.8168
96.5545
96.6542
98.1719
99.7934
97.2504
99.8363
98.9126
96.7069
99.555
97.1346
98.2778
96.6769
96.6588
96.5896
99.7537
99.4774
97.3802
99.9051
97.4585
96.6638
97.2326
99.9322
98.1521
97.9003
96.7087
96.7294
96.9799
96.6941
99.5966
97.1517
99.9127
97.1558
96.9898
97.2353
99.9178
99.7895
99.6276
99.4881
97.1586
96.8955
96.6515
97.2609
99.6913
96.4769
97.2947
96.8752
96.7582
97.2814
99.7281
96.6888
96.9031
97.4359
97.382
99.9037
98.1682
99.5617
96.7267
96.6677
96.6089
99.8458
96.8092
96.9303
96.7041
99.6121
99.9668
96.7559
98.212
99.8902
97.3419
99.4775
96.5634
96.7571
96.6398
99.8087
99.8085
97.1273
96.5962
96.7233
96.7752
99.9022
96.7094
99.0125
98.9701
99.6618
98.9748
96.647
97.1501
96.7779
98.2696
96.5621
97.3309
96.6597
96.6839
96.7283
96.6833
97.075
96.8092
97.2116
96.6152
98.6309
99.6051
97.3184
99.7997
99.0155
96.5506
97.034
99.2104
97.2778
97.1244
96.7122
96.6876
96.5593
96.5383
96.6687
99.5991
96.8133
96.6009
99.836
96.6074
98.3783
96.6172
98.3571
97.2403
97.3243
96.6649
96.9891
97.3208
99.8697
96.8555
97.3238
97.3182
96.7412
96.7592
96.6787
99.4796
97.5727
98.2535
96.6958
96.7637
98.68
97.2085
99.8684
99.9367
96.7409
97.0108
99.1715
98.3249
96.6744
98.9759
97.1073
96.7377
99.8716
96.7553
97.286
96.5116
97.2702
97.1637
98.206
99.8786
99.9611
99.5822
99.6916
96.7363
99.5531
96.6864
96.8237
96.7093
98.1804
96.96
99.8467
96.7262
99.9685
99.5781
99.9702
97.1598
97.2036
96.6134
98.7869
97.1812
96.7926
98.1979
97.3573
99.6777
97.0305
97.4293
99.2211
96.5531
97.1619
98.8236
99.6325
99.6406
99.8196
96.6435
96.8191
96.711
97.2864
99.8584
96.8932
99.8377
96.5069
99.9113
99.8146
97.0222
96.7478
99.1456
98.9545
96.6789
96.7444
98.3179
99.907
97.394
96.7232
99.5388
96.7845
98.2466
99.8463
99.4012
97.5757
96.6419
97.2577
99.829
96.7379
98.4011
99.8078
99.9411
98.3463
98.1765
97.0362
97.5099
96.6737
96.6066
98.9794
96.6735
98.3507
97.2216
98.9508
96.795
98.4428
98.4417
99.4343
96.6562
99.901
99.836
96.7263
99.7255
96.7424
98.1121
96.7998
99.8811
96.8276
97.0138
97.2669
96.7974
99.5493
98.4426
99.9034
96.6989
96.6449
97.1082
96.6126
99.5665
97.1565
96.9476
99.8367
99.8489
99.8127
99.9341
98.339
96.7914
96.4348
99.9269
99.7919
98.4287
96.823
99.6685
99.8507
97.2886
97.3777
96.5882
98.1435
99.0662
96.754
97.3224
96.867
96.6514
97.3203
98.2459
99.7669
99.5722
97.0902
99.8603
99.8489
98.7652
97.0478
97.1024
98.4131
99.8645
99.6104
97.3435
97.2215
96.7233
99.5103
96.5122
98.5971
98.4575
96.6327
96.7366
96.6497
99.3116
96.537
99.9122
96.5844
98.3376
99.9761
97.4452
99.8827
99.9686
96.7719
99.8278
96.7624
96.6732
96.6929
99.5127
96.5589
99.9534
96.6322
99.9064
99.8345
96.9347
96.7799
99.4807
98.7865
96.729
96.6501
99.9242
97.3843
96.6106
97.3004
99.9143
96.445
99.9677
97.2591
99.9431
97.1739
96.7721
99.9153
98.7707
99.8946
96.9198
97.4957
98.8931
99.8215
99.9214
99.1376
97.3346
99.7449
96.6331
96.6005
97.1598
96.6295
96.8169
99.8996
99.8746
96.7352
97.4838
96.6903
96.5816
99.8699
97.2591
96.6196
98.7881
99.9682
96.7542
96.7093
99.8408
96.4998
99.9456
99.8981
99.8227
99.5608
99.5795
99.737
99.5323
97.1361
96.7549
97.3236
96.7959
97.2054
97.0409
96.698
98.97
97.231
96.6712
96.5996
96.5967
97.1573
98.2584
96.7545
96.8082
99.5355
99.9047
99.916
98.2555
99.8488
96.6312
99.0085
97.3663
99.8289
99.8568
99.7951
99.8486
96.7749
98.97
98.735
96.77
98.2511
96.9349
99.6452
99.8626
96.4693
99.8942
96.6481
97.4263
98.3155
99.8511
99.5281
96.7841
99.9116
96.57
96.6737
97.5051
97.1355
99.8547
99.848
99.9404
98.2344
96.8096
98.2057
96.7546
99.8857
99.8883
97.1174
98.2958
97.1184
98.2773
96.8594
96.7146
98.3269
97.2541
96.7289
97.3194
99.7115
99.8115
96.7645
99.6137
96.9922
99.8995
97.2458
96.6004
96.7647
99.9019
98.2473
99.2387
99.9365
99.5699
98.4029
99.9112
99.6365
96.5509
97.2316
96.8607
99.7797
98.6076
96.6635
96.82
96.4421
99.8811
96.6627
96.6507
96.5794
96.7491
98.4064
97.3131
99.7654
96.7241
96.7521
96.678
97.3016
97.1329
97.0803
96.5743
99.8016
96.6346
97.0314
99.2908
99.9079
96.7213
98.9108
96.7943
96.6299
97.3446
99.8658
97.214
99.8286
96.689
97.3296
96.8798
97.1176
99.8587
99.8147
96.6293
97.1177
96.6641
98.9203
97.0924
96.771
96.7369
99.1769
96.6582
99.1031
99.9188
96.8776
97.0982
96.6214
96.7653
99.8958
99.8789
96.9976
97.3192
99.8618
98.0649
99.7558
96.8621
99.8745
96.5768
98.9301
98.4439
97.2033
96.7293
96.734
96.7069
96.6161
96.7837
98.0525
96.9145
99.6715
96.816
99.4847
99.8769
96.6026
99.9172
99.5365
96.6159
97.2403
99.8821
96.6982
97.2893
98.898
97.2418
97.0097
99.9164
96.8001
96.427
96.9259
99.8031
99.0953
96.6479
99.8841
96.7259
96.8055
96.6388
96.5251
99.7994
99.8834
97.1809
99.7807
97.3675
96.7117
96.7143
97.2108
96.6604
96.643
96.7518
99.8345
99.885
97.126
99.5439
99.4659
96.7424
99.5888
99.8184
99.8911
99.8532
97.3476
96.7072
96.6888
99.5786
97.1807
96.5801
97.1969
97.2641
98.242
97.2539
96.7477
96.5383
97.2616
99.796
99.82
97.222
99.853
97.0806
99.7545
99.7429
97.0044
97.2314
99.5869
96.8594
98.3981
96.6716
96.7645
96.5849
99.7835
97.303
96.7901
99.797
96.6933
96.6797
98.5722
99.7846
97.3638
99.902
99.5333
97.301
99.7716
96.542
97.1267
97.3677
99.8885
96.6856
96.6353
96.626
97.2287
99.6844
97.2613
99.6069
96.6323
99.0388
98.2678
99.7368
99.7998
98.1599
98.8892
96.8583
96.8713
99.7631
97.2567
98.9286
96.7062
99.788
96.7375
98.3448
98.1145
98.1112
96.4916
96.7665
99.0872
98.4057
97.3011
99.8633
96.6875
99.9487
99.1236
98.473
96.7609
97.4692
98.8212
98.925
99.7391
99.9133
97.1948
96.7291
96.6724
99.8869
97.3043
98.7371
99.0279
98.4046
96.8351
97.1264
96.8353
96.76
97.2757
96.7303
98.9609
99.609
97.4035
99.7221
99.8835
99.5071
99.8171
97.1652
97.1442
99.8175
97.384
96.5805
98.2585
98.9458
99.8028
97.2966
99.9154
98.3136
98.1944
96.7302
96.7102
99.5097
96.5961
96.7633
99.4613
99.4368
96.8339
96.9697
97.4107
98.2079
99.9185
96.7116
98.3434
97.4151
98.2428
97.1886
97.2348
96.5702
97.1915
96.6644
99.9226
97.0746
98.2865
96.6196
96.8526
99.5671
97.2578
96.8592
96.6918
99.7974
96.7051
98.3176
96.6947
96.817
99.0588
98.8331
96.599
96.7478
96.9673
98.9171
97.3731
96.6798
98.8283
98.2907
96.6894
99.971
98.2933
99.8765
99.9219
96.6488
99.2016
97.3529
96.8964
99.9119
96.6938
97.5331
96.6598
99.7551
99.8351
96.5939
99.8335
96.6843
96.5866
99.8459
98.3634
97.4263
97.1736
98.9576
99.6835
99.8751
99.5427
98.9785
96.7272
97.2923
99.9075
96.6932
96.7664
96.7598
97.0536
99.8872
97.2715
97.061
99.8688
96.7003
97.2947
96.4494
96.7194
97.3563
99.9115
96.9602
96.7705
97.2193
97.201
98.2765
97.2912
96.8311
96.5471
98.9515
96.8007
96.4108
96.5423
98.0224
97.2247
96.7091
97.2486
99.6267
96.9137
96.7679
97.245
96.7216
96.5331
96.8145
97.3436
96.9564
97.1515
99.9459
99.7622
99.6539
99.908
96.6007
98.2775
99.8343
96.5411
97.1503
97.3327
96.6426
99.4955
97.113
96.797
96.5502
97.2629
98.2154
99.8957
99.8874
98.9712
97.2071
99.8953
96.4727
98.8911
99.2968
99.941
98.2915
97.2218
99.0657
98.3518
96.9939
96.8336
99.8679
97.2264
99.8336
96.9074
96.8018
97.8281
96.6768
99.9137
96.7408
97.3052
99.8176
96.6381
97.1942
96.5993
96.9103
98.926
98.2676
99.4294
99.703
97.2042
96.6465
99.9016
98.3441
96.6806
99.8971
96.7492
99.8901
96.7717
98.6099
97.0385
99.7425
99.8036
99.881
96.7744
96.7127
99.8534
96.6838
96.7359
97.2155
96.6731
99.908
96.8026
96.6056
96.988
99.512
98.2803
97.149
97.0669
98.708
98.3258
99.906
96.6868
99.5551
96.6807
97.3264
98.1088
99.6386
98.4513
98.9087
96.8703
96.6418
96.5175
99.9266
96.5667
99.8513
96.5772
99.6007
97.2827
96.6762
96.6166
96.5908
99.8245
99.8484
96.7971
99.8171
96.611
99.9309
96.6749
96.6243
97.1303
96.7205
96.7202
97.2286
96.7976
97.3069
96.5417
96.7865
96.7373
96.5989
98.9748
96.598
99.014
96.7371
98.9466
99.8301
96.6599
97.0512
99.8156
96.6807
96.9478
98.413
98.3564
98.8169
96.7186
98.7303
99.8649
99.8256
99.8213
96.4872
96.4284
96.7587
96.7
99.013
97.1984
96.9545
99.5689
96.702
98.7416
99.8626
96.5752
99.9307
99.6781
98.4094
96.5264
98.7058
96.8082
96.7355
98.3534
99.8641
99.8295
96.7195
99.521
98.2525
96.7673
99.0458
97.0304
96.7037
99.5634
96.7283
98.3283
98.9302
96.5667
98.6098
99.9528
96.5312
97.1821
99.7907
99.8225
99.8629
99.8275
97.9436
96.9738
97.6296
97.1926
99.9049
96.4104
99.589
99.0383
96.6421
96.9418
99.7473
96.8125
99.8515
96.573
96.6893
96.9449
96.6058
97.3411
97.2348
97.3206
96.6954
96.6609
96.7711
96.675
96.6902
99.3856
99.7636
96.7088
99.0068
97.3164
99.7521
99.4732
96.9566
96.7191
96.7823
97.3481
98.2591
97.3344
96.8066
99.8922
99.5627
96.6629
98.1162
99.573
97.241
98.3068
96.7567
99.8042
97.4901
98.4108
96.7132
96.713
99.5073
96.7677
97.4378
98.3111
97.4175
96.6216
96.6144
96.6657
97.2857
96.8131
96.7073
99.8156
99.8994
97.3038
96.5872
96.8712
97.0813
99.1519
99.864
99.4851
96.5675
99.8083
96.8231
99.8521
96.8352
97.2709
99.7736
96.7605
96.8447
97.4221
98.4278
96.7494
96.8815
96.7705
97.2713
97.1112
99.8916
98.345
96.7398
97.259
96.7321
99.8803
98.8475
96.982
96.6196
98.2048
96.6179
96.7415
97.2525
96.7512
96.7914
98.2844
96.6175
99.8678
97.2643
98.1196
96.5894
98.8729
96.7366
99.1924
99.6816
98.9223
97.2703
98.2721
99.6105
99.996
96.6342
97.2838
97.336
96.7928
96.864
97.336
99.8426
97.1842
99.8921
97.4116
98.1969
97.1027
99.4532
99.8944
96.8111
97.2872
96.7563
96.8422
96.7374
99.8263
96.861
98.217
96.7284
99.8618
96.757
99.5971
97.2816
99.9212
99.5937
96.9936
99.4817
98.2614
99.8312
96.9437
97.0809
99.8398
99.8944
96.5191
98.1962
99.8403
98.2669
96.7599
99.8639
97.3496
97.0791
96.8193
99.9615
97.1346
97.3015
98.8776
97.3604
98.2834
97.133
96.9592
96.9704
97.2182
99.806
97.2861
98.3419
97.4029
96.7717
96.8374
98.3215
98.2956
99.6313
96.9342
99.8496
96.7441
97.1525
99.0083
99.9062
98.3824
99.9247
96.7362
99.9482
97.6949
97.142
99.8174
99.0477
99.6178
96.8789
97.1689
96.7822
96.7041
99.6036
99.8023
99.8491
96.6884
97.1707
97.2358
97.0307
99.6665
99.8479
97.2532
98.1952
99.9005
98.9879
98.899
97.3174
99.5964
96.7699
97.2805
96.5358
99.6017
96.8061
96.7413
99.5191
99.9128
99.4811
99.6082
97.1851
96.725
96.5589
98.2001
97.2703
99.8535
99.6729
99.5969
97.0477
97.0238
97.2166
96.5419
96.6121
97.335
97.0916
99.8609
96.7167
98.2559
96.6312
98.3345
97.3209
98.8868
96.6487
97.2595
99.7093
96.5305
96.5706
99.0161
99.9043
98.9106
96.6118
96.7624
97.256
99.9169
99.9101
99.9028
98.4234
99.8174
96.6894
96.8658
97.3879
96.6327
99.8728
99.8903
96.7481
99.5219
96.8922
99.8516
96.7725
97.3605
98.2371
96.7405
97.2997
96.6375
99.8046
99.6101
99.8698
96.5374
99.9602
99.7849
97.2076
99.5369
99.8488
99.5676
99.0249
97.1876
96.7284
96.6592
99.8908
99.599
96.7177
99.6015
96.6421
96.6702
96.758
99.549
97.5087
97.2838
98.8801
97.3438
98.3279
99.9096
97.2682
96.6282
99.9488
99.995
99.8447
97.1484
96.5599
97.0964
97.3365
96.84
99.824
96.7137
96.6854
96.7332
96.6559
97.3835
96.6998
97.3629
98.9251
97.3665
96.923
98.9645
99.8984
97.2363
98.9627
96.69
96.8092
99.4402
96.702
96.7964
96.5458
99.7313
99.8512
96.7438
96.7992
99.6975
99.8827
96.6725
98.2107
96.757
96.6915
99.0061
96.8155
99.777
96.493
99.6152
98.0258
97.1604
98.2474
96.6374
99.038
97.3297
99.6347
99.4377
96.7578
99.9377
99.8696
96.6636
97.2231
97.336
98.1984
96.7326
99.6259
99.4341
99.6593
98.2899
97.1817
96.7744
97.3207
98.3232
96.7336
98.3354
97.2585
98.1953
96.7049
96.874
99.8534
98.4193
99.9255
97.0489
97.2549
96.7077
96.6803
98.3948
99.9024
98.2585
98.2105
99.9177
97.2525
97.2496
96.6548
99.4788
97.2544
99.3894
96.7464
99.8566
99.9624
96.6676
98.0984
97.2218
97.0405
99.0568
96.8138
96.7029
97.3396
98.8128
97.4556
97.3091
98.0897
97.2191
97.2591
96.7184
97.3735
96.9268
99.8117
99.8763
96.6224
97.3983
99.9304
99.8129
96.6729
99.447
99.9121
99.1476
99.9369
96.8252
97.0883
97.1062
97.1929
99.9024
96.6039
96.6958
96.7238
96.6397
96.9496
99.8446
98.6094
99.9377
97.2514
96.6784
96.7
98.3376
97.082
99.5939
96.6451
99.6534
96.6283
97.3046
96.6275
96.7191
96.6327
97.3302
96.7659
99.8874
97.1467
99.7747
96.7012
99.902
97.1282
97.2754
98.1399
96.6543
99.8708
97.0829
99.6292
96.7577
96.688
97.317
97.3095
99.8791
99.872
99.9345
97.2882
97.2099
96.7891
97.2815
98.4103
98.8038
96.7178
96.695
98.1756
97.4621
96.5453
99.9073
96.7496
99.7677
99.713
99.8281
98.2217
99.9249
98.892
99.5006
96.7712
98.2412
99.5899
96.9302
96.7817
97.3198
96.5808
99.8366
99.9443
98.2247
96.7156
98.1407
99.8361
96.6938
98.8673
98.2769
98.2443
97.2953
99.6323
98.93
97.7575
97.4497
96.8252
99.6727
96.8619
96.9802
96.7589
98.2257
96.6968
96.6702
96.8029
98.2042
99.9116
97.1077
99.6235
98.4427
99.0703
97.7747
96.5773
96.6502
96.7041
96.4789
96.884
96.8369
96.842
97.231
99.5013
97.4654
99.4666
97.2927
96.7535
99.1446
97.1908
96.8282
99.7742
96.6693
99.6074
99.8439
96.7536
99.8514
97.2636
99.5387
99.9094
96.7093
99.8855
96.6709
99.949
97.1667
99.8785
99.7724
97.4295
96.7189
97.1436
99.7453
97.0912
96.6394
97.362
96.4396
96.9332
97.164
96.6158
96.7584
96.7959
99.5679
96.5254
96.6097
96.9616
99.8375
98.2668
98.305
99.7858
97.0152
98.366
98.98
96.715
99.8926
99.87
99.7874
98.3292
97.84
97.2599
97.1803
98.8334
98.8361
99.8793
99.0819
97.1631
99.6289
96.7753
96.7981
97.4511
99.4818
97.2374
96.6647
98.6343
99.8278
97.3058
96.6353
96.9566
97.4795
98.7614
97.1816
99.9096
99.8142
96.6736
99.8804
99.8428
99.8541
96.9016
99.6384
99.8242
99.507
96.3858
96.8932
96.5726
99.4711
96.7214
98.4912
96.5069
99.6303
97.2872
96.7754
96.7838
96.7098
99.8182
97.372
96.9841
97.3013
96.7952
99.0108
99.6183
99.768
96.6555
99.4931
97.2886
97.3691
96.5377
99.9045
99.9153
97.2326
97.2411
99.5819
99.8914
99.2412
99.1761
99.7107
99.5471
97.1233
96.7393
98.8916
99.4944
96.6666
98.1481
98.3978
96.551
97.2972
96.7901
99.6288
96.7721
99.6399
96.9613
99.8189
96.6674
96.7176
96.6918
99.856
98.1966
96.9065
97.2976
96.6068
96.6218
99.8502
96.5441
99.8643
96.6887
97.4937
99.6334
97.0382
96.6541
96.7091
99.4373
97.4465
98.7347
99.9082
96.7124
96.7413
96.7845
99.8682
96.8304
97.3235
99.9067
96.6159
96.5318
99.6193
96.7387
97.1162
99.8836
96.9067
97.0322
96.7152
99.8587
96.6337
99.8571
98.5532
99.9138
98.266
97.1419
96.7144
97.3098
96.7856
99.7826
99.9552
99.8859
96.891
99.836
97.2793
99.9024
98.3344
97.337
98.0346
99.9179
99.4982
97.1565
99.9244
96.8804
96.7936
96.8996
99.8143
96.8791
98.2745
99.8534
99.7888
96.7586
96.5325
99.9449
99.8797
97.247
97.2588
99.7369
96.7169
99.0117
99.9358
96.8368
99.4428
97.2524
97.1252
99.5745
98.7969
99.9292
96.7631
99.8895
96.6855
99.9291
96.6518
97.2202
96.7396
99.8588
96.8158
96.5961
98.1386
96.6546
98.3661
99.8817
99.8228
99.9886
96.7065
97.328
98.9744
97.2681
99.8876
99.6334
98.4079
99.9789
98.2097
99.7956
99.8916
99.435
98.3339
97.1461
96.5795
99.724
96.7294
97.2199
99.8206
97.302
96.6924
99.8566
97.4764
99.8839
97.1733
99.8056
96.8114
96.989
99.8929
99.5624
96.8236
97.0931
99.9246
96.6603
96.7874
96.8291
99.8379
96.9111
96.5712
96.6126
96.6986
96.9185
99.6146
98.2849
96.6825
97.2312
98.2676
96.7145
96.7665
96.6295
97.1986
96.6031
96.7444
96.5805
96.6587
96.8277
97.3242
97.2893
99.8987
98.4461
96.7073
97.0183
98.6689
99.5589
96.7039
98.8648
96.597
99.8663
96.7306
99.6592
96.9492
96.7828
99.8867
96.7341
99.2731
96.6766
96.9301
99.7853
96.8391
97.257
96.8439
98.2903
96.8297
98.11
96.8104
96.7683
96.6727
96.8423
96.6365
97.2385
97.5033
96.5723
98.1897
99.6675
96.6293
97.2324
96.5888
99.0205
99.9034
96.7814
96.9097
99.8722
99.8889
98.2554
99.6342
96.8341
96.6659
97.1177
96.6672
96.8975
98.2778
96.7029
97.1058
96.9468
98.7283
98.1664
97.2313
96.7662
96.5883
96.6633
98.8385
97.2743
99.9971
97.1868
99.9315
96.8606
98.8568
96.8724
97.1652
96.634
97.9998
99.8301
98.9437
99.7611
97.1931
99.7435
98.8228
98.2448
99.9096
98.3479
96.7032
97.3288
96.6667
99.9505
96.6633
99.8712
96.7682
99.9561
96.9147
96.8143
97.0353
96.6984
98.3138
96.5124
97.5426
98.5051
96.7228
99.8931
98.2198
99.8451
96.6952
96.8028
99.1535
98.9111
97.3475
96.7054
99.4905
99.8513
99.8124
96.7907
97.266
97.2724
98.7439
96.6267
99.8944
98.2812
99.8737
99.8169
96.7792
97.3324
99.6442
99.748
96.7456
99.8369
98.3998
97.3378
96.6127
96.6223
98.5012
99.822
99.8737
96.7745
96.619
99.7801
96.6737
98.9609
96.8198
98.1944
96.6906
96.7447
96.5336
97.375
99.8466
99.8564
96.699
98.1891
99.1848
97.2237
99.8556
98.3103
97.2144
98.2046
99.9453
99.833
96.664
97.2352
99.0199
96.8494
99.8523
99.9419
98.3913
96.6577
96.7474
96.8631
96.5632
97.0744
99.866
96.7287
97.3739
96.6781
96.6548
96.702
99.8423
96.7276
96.6019
98.6757
96.7524
98.024
96.8305
96.7543
96.6091
99.7903
99.4137
96.7819
96.6967
99.9009
99.9057
99.8504
96.7386
97.2334
99.8878
98.9815
99.8189
97.2257
99.8187
96.6048
99.9789
96.8195
98.3011
97.3579
96.7716
97.2845
97.1495
99.7846
96.9372
98.0085
97.2302
98.4379
96.8128
96.7508
98.2271
97.4393
97.2069
99.6003
97.0588
97.4293
99.7384
97.1999
99.6271
97.2008
99.9367
96.7358
96.7898
99.0019
96.6356
98.6428
96.7394
98.233
98.943
99.776
97.1729
96.6832
98.2561
96.6578
97.0557
99.9665
96.8385
97.1579
97.2817
97.3288
99.9038
98.1977
99.895
99.906
99.9227
97.1994
97.2072
96.6634
99.7321
97.3726
97.2107
96.669
96.7593
99.8479
96.5541
97.372
96.6536
96.5716
96.68
97.2172
98.962
99.3458
97.0755
96.7992
96.7298
96.6773
99.1924
99.5733
98.3687
97.2283
99.8467
97.3498
99.7202
98.9952
98.9496
96.8676
99.8959
99.8512
98.2367
97.001
96.7566
99.8182
96.6433
99.923
99.835
99.241
96.7589
97.2639
99.2696
99.4547
96.7735
96.7112
98.3592
99.8642
96.9774
98.3303
99.5403
97.1392
97.2685
96.6115
97.3159
99.2127
97.3608
99.8929
96.8558
97.3269
96.7383
99.8713
97.2409
96.6792
96.6054
99.7662
97.37
99.7844
99.8886
99.6533
96.7296
97.2917
99.6004
97.2887
96.6198
96.5798
96.7816
97.2511
96.6748
97.2651
99.8857
98.0313
97.2638
96.8496
99.9542
96.7389
98.9347
98.2738
96.9224
98.4411
96.6792
98.6477
96.8372
97.2683
96.7232
99.8688
98.1074
96.7859
99.7477
97.2301
96.7933
98.9384
98.1927
97.2978
99.6144
99.4776
96.5782
99.9139
99.6077
96.8057
98.3037
96.7463
98.5067
98.6811
96.5449
96.6909
96.5736
96.7777
96.9273
96.6817
96.556
96.6847
99.8294
96.7666
99.8679
99.8632
99.7206
99.6183
99.8358
97.1777
99.8117
96.7242
96.5577
97.1685
99.893
99.4685
99.5717
99.9143
99.8697
96.7527
99.8515
96.7397
99.7991
96.6453
99.8644
98.9827
99.9595
96.7833
97.1042
97.0939
99.513
96.5547
98.5204
98.1329
96.8228
99.7591
99.6121
99.6499
99.5333
99.8836
99.8516
97.1508
96.7807
96.6249
96.7236
99.8939
96.8041
99.9071
96.9833
96.7004
96.6501
96.8465
96.647
96.7775
98.1752
97.2444
96.8326
96.7216
97.283
99.8399
97.1031
97.2793
96.4912
96.6862
97.258
96.6291
98.6678
99.9079
97.3174
96.7578
97.2679
99.8513
99.8232
96.7653
96.627
99.6488
97.0631
98.9858
96.8017
97.2416
97.1397
99.8763
99.918
96.7173
99.8372
99.8664
97.1682
99.8233
99.7232
96.6667
99.8684
99.507
97.3575
96.6472
99.7063
98.3156
98.8422
96.5472
99.292
96.7604
99.8447
96.7628
96.8775
96.774
98.9601
97.3479
96.8707
96.3623
98.3108
96.6682
96.9525
96.6185
97.2825
98.3237
96.7822
97.3599
96.6978
99.8701
98.9635
99.8534
98.4004
97.2943
98.5745
96.7832
96.6573
96.915
99.8196
97.224
96.5424
96.7147
99.8564
99.9202
97.4622
99.918
96.7023
96.8183
96.8692
96.4753
97.2457
97.5344
96.6551
98.2351
99.9226
98.8903
98.8404
96.7461
96.77
96.5933
97.0771
96.6858
99.8981
97.065
96.6924
96.7345
96.5716
97.1407
97.2652
98.8139
96.9921
96.5935
99.8559
99.9227
97.1565
96.7273
96.5954
96.5316
98.9563
96.8491
98.3048
96.7853
96.7835
98.3172
97.1002
99.5829
98.6767
97.03
99.5792
97.2327
97.2395
98.1024
96.6831
97.2022
99.8726
99.9265
96.8505
98.3194
98.3292
97.1385
96.7789
96.7666
96.7009
96.7283
97.3477
97.3811
99.6025
97.2296
99.7409
99.4493
99.828
97.1612
98.1793
98.2763
96.5051
96.7483
98.9545
96.7957
96.6972
97.2247
99.9037
97.1999
99.5675
96.572
96.7214
96.8548
99.8811
99.5328
96.6367
96.5426
99.7726
96.5897
96.9015
96.8236
98.3062
96.7233
96.7015
96.7864
98.2285
96.6249
96.8905
96.7777
96.9927
97.3331
96.6876
96.7114
98.2133
97.3457
96.7294
96.8103
99.8585
99.9525
98.1505
96.5762
97.3356
96.9761
99.9661
96.8775
96.7222
96.5733
96.94
96.9232
99.8017
99.9346
96.7349
99.8039
98.3079
96.762
96.9602
96.6579
96.7371
96.6708
97.1703
99.7566
96.457
96.6834
96.6095
96.7706
96.5111
98.2054
96.5754
98.7883
96.7262
96.6162
96.3486
96.935
99.7037
96.6382
98.3506
98.4747
98.319
96.757
98.2971
96.7211
97.1974
98.1679
99.8937
96.7873
96.9969
99.7989
97.3059
99.8712
99.965
98.4956
99.0816
96.9009
99.853
97.2237
97.2247
99.8938
96.7016
96.5322
97.3265
98.3838
96.8291
99.5743
99.7728
96.7713
99.5373
96.7547
96.811
96.5524
99.6292
96.9026
96.6196
97.3224
99.2873
97.0658
96.6042
99.4897
99.9371
97.2454
97.297
99.7649
96.7052
96.7476
98.2356
96.6483
97.4357
99.8372
99.4301
96.73
99.4675
99.8893
96.7405
99.8145
98.3618
99.8559
98.7753
98.3653
96.6547
97.0905
99.8182
96.6907
99.8242
96.4895
97.2693
96.8217
99.653
97.4333
96.7981
97.2909
99.896
96.755
96.7134
96.7393
99.9654
99.7921
96.7023
99.5806
96.5401
96.9712
97.2051
96.5069
96.8315
99.735
99.8486
99.8588
96.6795
96.7995
96.7484
97.2397
99.8617
99.8151
96.9301
99.9153
99.9163
96.6605
99.8305
99.9975
98.9558
98.7214
99.0268
97.3545
99.8457
99.586
99.8429
98.9496
99.8325
96.6654
96.7176
99.1208
97.3597
97.1311
98.1076
96.6325
97.3902
97.2764
97.5022
98.9818
99.791
98.4399
97.3996
96.7462
96.8217
99.635
97.1369
96.954
96.7492
99.8419
96.6523
98.2596
99.9356
96.7699
98.5537
96.708
97.3334
96.8101
99.9174
99.8933
96.7422
96.6582
99.8652
98.3554
97.2648
96.8495
96.6417
97.105
99.9083
98.9396
99.1211
96.7288
96.737
98.3714
96.6062
99.4804
97.0936
99.0688
97.3337
96.8979
97.0736
99.7958
99.453
96.7585
96.9314
96.7265
96.6237
96.8635
99.8988
97.0939
96.6136
96.7966
96.629
98.8609
96.6488
99.6508
96.7561
98.9385
98.2836
96.65
97.5727
96.7059
96.61
97.4077
98.2823
98.26
97.3108
99.2277
96.7246
98.1888
96.909
96.7251
96.6631
97.0431
98.9596
98.7102
98.1965
97.3524
97.2539
98.2357
97.004
97.2734
96.9137
99.9455
99.9332
98.2512
98.1161
96.6092
96.6814
96.7983
97.2533
96.82
96.6979
97.3342
98.8574
98.3849
98.3519
99.733
96.6112
96.6179
96.7013
96.7169
97.0574
99.7769
99.7844
98.7198
97.2915
99.8088
96.6093
99.8539
99.9045
99.9087
96.6561
96.8424
99.0057
96.9477
96.9064
99.8965
97.2295
96.6766
99.8727
96.7128
97.2066
97.2559
99.8353
99.8704
96.7452
99.9063
96.5048
97.2392
96.543
99.9075
99.6542
98.1752
99.5071
99.5384
96.823
99.8732
98.3638
96.7303
98.0892
96.793
99.487
98.2721
96.9281
96.7673
96.5957
97.3122
96.7943
99.8176
98.3022
98.7396
96.5127
97.2642
97.3125
96.8228
98.9249
96.8466
97.316
97.2794
97.4328
98.911
98.6562
98.2606
98.2205
96.6163
99.6188
97.2597
96.5161
98.2468
99.7757
99.8858
96.6443
99.7236
96.6394
96.8541
99.5647
96.7488
96.7381
99.5048
96.6463
96.8513
96.6619
99.8742
99.1099
98.9482
96.6186
97.0704
99.8471
97.523
97.2866
96.6373
96.6441
99.6065
99.6474
99.8761
99.0219
99.549
99.9099
99.5557
97.4257
98.286
96.5148
96.5657
96.9711
99.8376
96.7474
96.9796
97.0115
96.761
96.7424
96.6988
96.6729
96.7901
96.7149
98.716
97.057
96.7446
96.7291
98.3364
98.9415
97.2487
99.8537
99.6614
99.8724
96.6012
98.3016
97.3523
99.5884
96.4368
98.5367
97.357
97.2481
99.5823
96.5121
99.9529
99.6302
97.2558
97.3417
96.6223
99.8059
96.67
96.6304
98.9692
96.7334
99.8256
99.8784
96.8094
97.3479
99.8563
99.8934
99.7764
96.4746
97.3096
96.6198
96.8293
96.8545
99.8874
98.6301
96.8384
96.7779
99.9797
99.7742
98.9828
96.7534
97.0738
99.7891
97.1761
99.9366
97.2163
96.7496
96.6606
98.2532
96.5238
96.8364
99.8806
98.3458
96.5768
98.9044
99.9543
98.3545
97.0448
98.2285
96.6263
99.9389
98.2031
98.4011
99.4328
97.213
97.353
97.1624
96.7755
99.9346
96.5268
99.8458
99.9417
99.2849
98.1528
97.3082
99.8354
99.9557
97.3364
96.8633
96.6337
99.6863
96.5272
96.6332
98.2206
97.1564
96.9498
97.2715
96.69
98.0484
96.7422
99.9396
99.6472
99.8422
99.6671
99.863
97.3299
96.7765
99.9004
98.7671
99.9073
96.9038
99.813
99.8772
96.7945
99.5424
96.737
97.5379
99.9301
99.8899
99.7365
98.9659
96.6615
97.2567
99.8147
98.9764
97.025
97.2135
96.7376
96.7076
96.7871
99.5158
96.4713
96.7125
97.2496
96.765
99.5752
96.703
98.3031
98.2286
99.5597
97.2577
99.0434
96.7115
99.8396
96.7311
99.8993
99.8444
97.2265
96.7706
97.0585
97.3469
98.2957
99.4791
99.8282
99.1484
99.9508
97.599
96.8457
96.693
96.6578
96.7105
98.3644
99.5307
96.4509
99.568
97.4124
96.7414
96.6764
96.8428
97.0379
96.7099
96.7409
98.192
96.6713
97.082
96.7296
99.8131
99.9492
97.2379
96.6851
97.288
97.0449
98.35
98.2671
99.7147
98.9897
99.8199
96.7446
99.0079
98.3235
96.5338
96.8501
99.8937
99.798
98.8843
96.6424
99.7166
99.8765
98.443
99.5735
99.08
96.8508
98.9467
96.767
96.9105
97.3457
97.0181
96.5767
99.4632
96.7393
98.2666
96.7915
99.8972
99.976
96.7179
99.9113
99.3897
96.7764
98.7992
96.7052
99.8384
97.2215
96.7318
99.8346
99.6518
98.0767
96.544
99.3585
96.727
97.2591
99.831
97.0201
96.7434
96.7404
96.6633
96.544
98.8623
97.2185
96.7401
98.2846
96.6587
97.3451
96.722
96.8355
97.3245
98.2554
99.822
98.2911
99.8355
99.8077
96.6489
96.84
96.7156
96.6701
99.803
97.26
97.1637
96.6935
97.2675
96.7973
96.6108
98.8907
99.4383
99.7567
97.3764
98.4409
99.5617
96.7725
98.2018
96.7397
99.8775
98.3197
99.7798
96.568
99.7934
99.9779
96.7712
97.2254
99.8912
99.5272
99.8416
99.8422
97.32
97.0586
97.1796
96.4698
98.7042
96.6984
99.5848
98.9389
99.9447
99.7174
96.5994
99.8372
97.2292
97.0033
96.5031
99.8342
97.2864
96.6246
97.3209
96.9229
96.8104
97.1209
99.8899
99.9003
98.337
98.3487
98.2215
98.5312
99.9247
98.6256
99.8486
96.7164
98.8811
96.7258
97.0869
98.2204
98.4249
99.8404
99.83
97.229
98.3621
98.8983
96.675
97.1519
96.8189
96.666
97.2499
96.7361
97.1604
97.1329
96.7315
96.6985
96.8022
98.3968
98.3285
99.9459
99.9101
96.6209
96.7175
97.5039
98.2109
99.9268
96.6544
99.903
99.8774
99.7136
97.2427
96.8997
97.2792
96.6841
99.8424
99.8317
99.4809
96.7918
96.8216
99.7325
97.5014
97.2411
96.5183
99.5671
99.9408
99.8701
99.9222
96.7466
99.8686
99.6255
96.6736
96.8957
96.598
96.883
97.2605
97.243
97.1767
97.0407
98.3364
97.1681
98.2729
99.5579
99.4565
97.2741
97.2124
97.0196
96.7572
99.8772
97.2936
98.8316
99.9631
99.8223
99.855
98.9431
99.9424
99.9503
99.0385
96.7166
99.8858
99.866
96.581
99.8862
99.6854
96.7947
98.3278
96.6073
96.5694
98.313
97.2345
98.4399
98.9008
98.2544
97.219
97.1948
96.6561
99.8845
97.0015
96.8836
98.1245
97.2143
99.6741
96.6798
97.2989
97.2806
97.2283
97.2836
98.1119
99.6204
97.2495
96.5364
96.8239
96.7388
96.7609
98.2458
98.1069
99.9007
99.6301
98.7127
99.9324
99.5215
97.152
98.9789
98.994
99.5935
97.0231
96.9335
97.2328
98.4115
97.3553
99.8948
97.1065
99.9451
99.102
99.8145
96.7109
98.8917
96.6529
99.8794
97.0095
96.6919
98.3011
97.2114
96.6958
99.9595
99.8671
99.8188
96.7355
97.1511
99.8537
99.7831
98.6987
97.2024
99.0757
98.8267
98.704
96.7196
99.6619
97.1953
96.7034
96.6932
99.5483
97.2549
97.4901
99.856
96.7343
97.0964
97.3398
99.8685
99.8812
96.7648
99.1528
99.8445
98.3889
98.3387
96.6796
98.3511
96.7733
96.6463
96.7864
96.7882
96.7217
97.2682
97.4042
96.5954
98.8928
98.8164
97.2749
99.554
96.6274
99.8616
97.2939
96.848
96.772
98.2791
96.5332
96.6269
97.3475
98.3616
96.7992
99.8588
99.8346
97.3032
99.7013
96.5665
99.926
97.1125
97.495
96.7239
98.1088
99.8785
97.1241
97.1356
96.7273
99.8872
99.0245
96.6364
97.453
97.3568
96.7282
99.9391
97.2797
96.7202
97.1464
96.6651
99.909
96.841
98.535
99.8796
99.6644
99.9004
99.9868
98.9014
98.1985
96.8203
96.7206
98.4685
97.1597
98.9798
99.9343
99.9701
96.843
96.7192
99.6521
97.2358
99.5764
99.9015
99.1053
99.6276
96.817
96.8155
99.8683
97.2473
98.4366
96.8388
97.291
99.9444
98.2035
96.9731
97.0796
98.9803
96.4182
98.3012
96.7468
96.5641
98.4165
98.9462
96.6736
97.206
99.3866
99.882
99.9307
99.5199
96.8223
96.548
98.2089
99.5594
96.7065
99.9546
99.524
96.4959
97.2684
99.8854
99.9066
96.4973
96.8056
99.2546
99.8833
98.1559
97.2033
97.1448
96.823
96.5953
97.1457
99.925
99.5376
96.6275
99.7097
97.3502
97.0932
99.7789
96.8527
96.5997
99.8934
98.5251
96.7124
96.5453
96.8133
96.7746
96.5857
96.6704
96.7599
98.8915
99.3732
98.2773
97.0844
96.5828
97.2586
99.5859
96.7887
97.2219
99.8498
96.6835
99.0149
96.7291
99.8568
96.6581
98.9236
96.6661
97.1518
99.5892
97.2929
97.1906
96.8428
99.1476
98.2954
96.4888
98.1643
97.2077
99.7874
96.7383
96.8225
96.782
96.7343
99.7263
96.9443
99.047
96.6498
96.7228
96.8374
96.7727
98.1884
99.8397
98.559
99.8677
98.2045
96.7214
97.2397
97.1398
98.7751
97.0729
97.1994
96.5798
98.8075
99.7907
98.2699
99.0973
98.203
99.6457
96.7392
97.2648
96.5783
96.8838
96.6479
96.8923
96.6902
97.3885
98.1927
97.3238
99.8813
99.9329
99.92
97.1944
98.9535
99.7592
99.8852
99.6724
96.7855
99.0612
98.3309
99.9599
97.2006
96.6225
96.8339
99.8981
96.7245
99.8389
96.8089
96.9764
96.5318
99.5421
98.9145
97.2717
96.7703
97.1662
97.0202
99.8286
98.4055
97.3166
96.6758
97.1699
96.794
97.2262
97.2915
98.8603
96.6845
97.0257
96.8
99.7976
99.8485
97.1008
99.0371
96.6912
97.3168
97.0613
98.8413
96.6973
98.2947
98.2495
96.827
96.6165
99.8857
97.0203
97.1458
96.6345
99.9591
99.7906
97.0773
98.1476
99.5028
96.7547
99.8807
99.8422
97.2974
98.831
99.8878
97.2767
97.1852
99.5944
99.6049
98.9682
99.9254
99.5815
99.5443
96.7644
98.1042
96.7207
96.6351
99.8919
98.9286
98.8777
99.8815
96.6941
97.0762
96.7494
99.9423
99.0296
96.9394
97.297
97.222
99.5295
99.8829
96.7219
99.9147
99.4789
96.7118
98.7997
97.2066
99.6562
96.5252
96.9974
99.4321
98.9848
96.6758
97.2166
96.5804
96.7591
96.791
97.3246
96.4717
98.2954
99.4443
99.8967
96.7001
98.2407
97.2782
99.8485
99.857
97.3096
96.6076
96.735
96.674
99.7026
97.1547
97.2598
99.8634
98.33
97.3608
96.8518
96.5269
96.9153
98.4716
96.8135
97.0847
97.0998
96.7239
96.5575
98.2826
97.2179
96.6719
97.3943
96.7192
96.711
96.708
97.2761
99.776
96.6475
98.9941
98.3531
97.1534
97.2764
96.9274
96.7746
99.771
99.939
98.2383
99.9
96.7225
97.2251
96.6331
98.1794
97.1879
99.4166
98.9011
97.3004
99.851
99.4776
97.2684
96.7199
96.766
97.2924
96.6425
97.3272
96.5424
98.4169
99.8404
96.789
97.3233
99.8819
98.2869
99.2211
99.4818
99.9214
96.932
96.8992
98.9922
98.2141
99.9086
99.754
96.6142
98.2221
99.894
96.633
96.7692
97.2461
96.812
97.2023
97.201
97.3847
96.6905
99.7277
99.9839
96.7033
96.6285
97.1863
99.5594
97.3321
96.5754
99.6362
96.7136
96.6321
99.9043
96.6209
98.4878
97.3043
96.6677
99.9333
97.2795
97.322
97.4641
97.3384
96.6618
96.7778
99.9584
97.0632
99.9018
96.5689
97.194
99.637
98.077
96.6517
96.8625
96.6935
97.3678
98.8898
96.8679
97.2483
97.0665
98.269
96.8601
99.7791
96.5601
97.1697
96.8966
96.7643
96.7215
96.9228
96.6604
96.8139
97.3035
97.2495
96.9223
97.2093
97.3202
97.0769
98.684
96.846
97.3434
96.8134
99.6222
96.7653
97.2589
96.6393
99.8451
96.6179
98.9495
99.8718
96.7681
97.1442
99.8101
96.6473
99.8615
99.5323
99.7665
99.5186
97.2364
96.4975
96.7738
97.205
96.7083
96.493
99.9444
96.7445
97.3388
96.8738
98.2036
98.6104
99.4564
99.669
99.8767
99.5939
96.9674
97.4065
97.1155
97.2884
96.7305
98.9121
97.3202
96.8533
98.4541
99.457
96.6542
97.374
98.8933
96.8913
96.9747
96.8403
96.5633
96.5661
99.8223
96.6732
97.2585
97.1462
99.91
96.7583
96.6011
96.7141
99.8706
97.2311
97.2605
98.3346
99.6078
97.2888
99.7182
96.7014
98.2771
99.5883
99.922
99.7681
97.0768
98.9623
97.1871
96.5832
97.3335
96.7481
97.3804
96.9401
96.7361
98.7541
99.7849
99.7657
97.1658
96.5505
96.7475
99.8775
96.8898
99.8521
99.7817
99.662
96.7807
97.0395
99.9493
99.8964
99.6094
96.7335
97.2438
96.7899
99.5997
99.5408
99.9664
97.4374
97.1226
97.23
96.7815
96.5434
96.5569
99.8563
97.2049
96.9078
99.8894
98.1224
97.1571
99.6878
96.6181
97.0499
96.9853
97.4011
96.7304
99.8708
96.6253
97.1451
96.7121
96.6564
98.0047
99.763
96.6254
97.2636
96.6729
99.8979
96.8476
96.7597
96.6142
97.3033
97.2102
96.5514
99.7215
97.0723
99.8476
96.6236
96.8222
96.7323
96.6687
97.258
96.7267
98.9555
96.8448
97.1739
96.7328
97.7928
96.5883
99.8126
96.7111
97.1967
96.5562
96.565
96.7451
98.2405
97.4208
96.5799
96.7332
97.2435
98.7661
99.8002
96.8207
96.9366
96.7822
96.7929
99.8255
97.1414
97.069
97.2249
99.7929
96.9785
97.1251
99.8199
96.8844
97.1884
97.2485
96.5935
99.9473
96.5683
98.1363
99.9504
96.9331
96.8
97.0908
96.7713
96.6277
96.7204
97.0213
99.6397
99.8526
99.8996
97.2728
96.7168
99.9292
96.6191
99.4808
98.9576
96.8663
96.5387
99.8189
96.9645
99.521
97.2941
97.3261
98.2089
96.7409
97.2855
99.8428
99.6523
99.8947
96.8689
96.8433
97.3821
99.954
98.2722
99.8565
96.6638
97.19
98.834
99.8881
99.5129
96.5099
99.5651
96.755
96.9677
96.6929
96.8214
99.5961
96.6908
96.8022
96.6044
96.7566
96.7587
97.1544
97.2863
96.8296
99.6471
96.7593
96.702
96.8024
99.0889
96.7485
98.2588
96.8993
96.7544
97.2588
98.6101
97.4199
97.3251
96.8173
99.8115
97.172
97.3053
97.2909
99.8496
96.9465
96.9528
96.753
96.8314
97.5133
99.9126
96.6682
97.2362
96.7229
98.8328
99.8315
97.0732
99.7037
96.6329
99.8124
96.6913
97.2434
96.7025
96.671
96.6992
96.8516
96.857
97.1591
99.6002
97.2122
99.1774
98.2822
98.2943
96.7532
96.8751
99.9211
96.6743
97.3236
96.7467
96.5241
96.7134
97.1656
96.8727
98.5583
97.3395
99.4561
96.7204
98.911
97.2469
96.7169
99.6042
96.6054
96.7728
96.5875
97.2593
97.0137
98.3333
96.9664
97.1171
98.4015
99.9137
96.6555
97.1693
99.6175
96.7846
97.3557
97.2247
96.9456
98.4277
97.1069
98.2543
99.6564
97.1773
99.6346
97.2629
99.8497
99.852
96.9105
98.2671
99.728
97.1902
99.6453
99.8765
99.8661
99.9442
97.2447
97.4619
96.6517
96.7371
99.8227
96.6646
96.8884
97.1319
99.9064
99.841
96.6277
99.7531
96.8454
96.659
96.7123
96.6654
97.1794
97.038
99.5805
96.6186
99.8501
99.0072
99.8531
96.9456
97.2353
99.5546
96.7745
96.7429
97.2385
98.229
96.8382
98.1885
98.3232
96.7727
96.777
98.9525
99.4591
96.6973
96.6945
97.0033
96.8286
97.1759
98.4081
99.406
96.5998
96.6893
98.2963
96.7367
96.6673
98.2332
98.9826
99.8214
97.2921
97.3613
96.6914
97.2142
99.782
98.088
96.5297
99.4674
97.87
97.3522
96.7277
96.7205
99.9751
98.2513
96.7441
96.7762
96.6776
99.812
99.8717
98.3281
96.6595
96.7211
97.2213
96.8238
96.8136
99.525
96.6438
98.3386
97.0048
96.894
99.8879
96.6066
96.6331
97.2678
96.6924
98.2306
96.7821
99.9544
99.7461
99.0785
97.2327
96.9016
99.5604
99.7528
96.7608
99.0023
99.8661
96.7838
96.6083
99.6894
97.2527
99.934
97.09
96.6382
96.6928
99.62
96.7037
99.8447
96.9612
98.8687
96.8569
98.8769
96.5359
96.7531
97.0004
96.5536
96.7264
97.2281
97.2633
96.7689
97.1312
97.21
99.8288
99.0319
99.8452
99.8787
97.0242
96.6515
98.2726
97.3363
99.9095
99.3723
99.6157
96.5963
99.5536
97.5141
96.701
97.3289
96.7297
97.1671
99.4779
96.7161
99.8965
97.3564
97.4673
99.8459
99.8369
99.453
97.2892
96.9106
96.6316
99.7091
96.8891
99.3886
97.3439
97.271
99.7813
99.8349
99.4833
96.6858
99.5125
97.1617
98.2317
99.8719
99.8706
96.5693
96.8849
96.8377
96.7931
98.9695
99.701
97.6167
98.3104
99.0242
99.7238
99.8856
96.7105
98.4114
99.851
99.7427
98.8181
99.027
98.8852
96.6934
96.8374
96.7425
98.2312
97.3584
98.7048
99.8678
97.2909
99.9029
96.7752
98.9237
96.5867
99.5151
99.9466
97.283
97.2331
97.2193
97.2284
96.9601
99.0244
96.4474
99.9006
97.3206
97.1803
96.5429
96.7958
97.0478
96.6536
99.2925
98.9659
98.6454
97.52
97.2028
98.3101
98.3298
96.7718
96.6969
97.2724
96.8786
99.5032
96.8517
96.9066
98.9467
98.4221
96.6744
98.2773
96.6804
98.8859
96.8153
97.283
96.9828
99.8008
97.0299
98.4157
99.0006
99.848
96.5984
96.5989
99.8367
96.8476
96.6013
98.2813
97.3525
99.5522
96.5697
96.8128
99.7708
96.7094
97.5767
99.9384
99.8613
96.7235
96.6857
98.5556
98.9815
96.6359
96.7612
98.9193
98.1878
96.7841
96.6003
96.8153
96.6351
96.5966
99.8196
96.7803
99.61
98.9423
96.7102
96.9168
96.8753
99.824
97.2511
96.7009
98.4865
98.2459
96.7954
96.6581
97.5126
96.5502
98.3542
99.8889
96.6771
99.9368
96.6494
98.2191
96.5927
96.7952
97.348
96.7582
97.4201
96.6661
96.8287
96.7933
99.6677
97.2474
98.7213
99.9022
96.7033
96.6614
97.2591
96.6363
97.2257
97.0544
98.8994
96.6818
96.6099
98.3401
96.5337
97.2435
96.8115
96.6519
96.8495
96.6942
96.7183
99.9004
96.6317
97.313
99.9097
96.6781
96.7321
98.2901
96.6817
96.6234
99.8438
98.1887
96.7962
97.4093
96.7187
97.3765
99.8497
96.6635
96.7579
96.5989
96.5881
96.589
99.8401
96.7551
98.0974
99.7734
99.9152
97.191
98.6431
99.9546
97.3532
96.8504
99.862
97.8634
98.1311
96.9576
98.2199
97.2418
98.9613
98.8955
99.8718
97.1853
96.6883
99.9238
96.8169
98.8832
99.7347
99.7855
96.6317
97.7013
96.7332
99.5877
96.7107
99.6183
99.847
98.4458
97.1558
99.7422
96.5997
96.8515
99.4767
99.811
99.0482
99.8185
98.8212
96.8745
98.9296
99.0255
97.2319
99.5156
96.5056
96.6933
99.8289
97.1021
99.4737
99.9462
96.7728
96.8384
99.6234
97.6231
96.7051
99.8836
97.4922
99.8832
96.8125
98.7691
99.928
98.2268
97.2358
97.9201
96.7266
96.4666
99.9414
97.2563
99.7384
96.5095
98.8977
98.6609
97.4663
98.2366
96.9769
99.9445
96.6159
96.683
99.9266
96.5029
98.1577
98.1474
97.0563
99.8906
98.9568
99.3839
96.8041
99.9395
97.388
96.8405
99.9769
98.3734
96.6232
98.1839
96.6888
98.9236
99.4961
98.2887
99.8915
96.6057
99.7095
99.8905
97.2422
96.6589
96.5957
98.8588
99.0508
96.5067
99.8629
99.4611
96.885
99.781
96.7157
97.2046
98.9147
96.5851
96.9275
99.9261
96.5342
99.7523
96.5996
96.6008
98.3479
98.6832
98.7549
97.1848
97.2752
96.6317
99.8788
97.3635
99.8019
98.4968
99.9521
97.285
99.8203
99.7841
99.868
98.6991
96.6572
99.9465
98.9866
96.5359
96.549
99.8511
99.8727
96.7688
96.7219
99.8145
97.2319
96.68
98.974
96.9659
98.9602
99.8684
96.61
98.8444
97.3941
99.9089
96.676
98.6758
96.3858
99.796
96.8025
96.6493
99.824
98.5293
99.5352
96.7094
97.2278
98.3204
96.9907
96.5172
96.8962
96.9184
96.6795
96.8234
97.0026
97.2069
98.9293
98.2274
96.8326
98.8586
96.4947
96.6536
96.914
96.5629
96.5664
96.7354
99.7352
96.7239
97.2761
99.83
99.1204
97.2466
96.5255
97.0751
99.598
96.7094
99.8604
99.7413
96.8022
96.7889
97.1403
97.3157
99.8566
99.8952
98.8493
99.9445
96.6705
98.8875
98.9198
96.6385
96.6835
96.7105
96.7853
96.6766
98.2629
96.7195
99.9031
99.8551
96.6094
99.3096
98.2205
97.0145
96.6325
99.86
99.8705
99.7756
99.8516
99.4767
99.851
96.7247
99.9664
96.7547
96.5657
97.1728
99.9224
96.957
96.9386
96.8599
96.7277
98.1817
96.6598
98.9395
97.3351
96.5212
99.8844
98.2348
96.7073
96.664
97.2525
96.8014
99.8414
98.2656
97.1482
96.5831
99.8936
97.2599
96.7667
98.2542
97.2854
98.1167
97.1047
96.7508
99.9243
99.9476
97.3731
97.3223
99.8514
99.8419
96.7129
96.6706
96.7288
96.8112
97.0788
99.3317
96.8064
97.2724
97.3308
97.1139
96.6636
98.326
96.7624
99.8309
99.8278
97.4841
97.2434
97.0325
96.7628
99.9026
97.2948
99.7933
96.7384
97.4333
98.9167
99.8871
98.9763
97.0507
99.8894
98.351
99.3103
97.1161
99.7824
97.2965
98.1164
99.8429
96.7279
99.0065
96.7007
96.7662
97.3649
99.8572
96.6898
97.2657
97.2901
97.2417
96.5506
98.1682
97.3307
98.9036
97.372
96.7336
96.7901
96.6825
96.879
99.5181
99.9066
96.494
96.5301
99.9124
96.7729
96.752
97.3138
96.6848
99.4517
98.8179
99.8467
96.7347
99.5691
96.652
99.8019
96.5502
96.6929
98.5075
96.5481
96.6573
98.7784
99.8512
97.2678
96.5645
98.7821
99.9181
96.6501
97.3801
99.4038
97.1968
97.2674
97.2886
99.8273
99.8907
97.2548
98.295
96.637
99.8317
97.2148
97.3175
96.5805
99.9627
96.7482
99.8663
98.1962
99.8916
96.806
96.6458
96.5242
99.6736
98.2572
96.4915
96.9719
99.8422
98.8874
99.6344
96.7795
99.0218
99.7824
97.2594
99.8085
99.7709
99.4862
96.8359
99.595
97.1424
97.9764
97.252
99.8333
99.8452
98.3881
96.7263
99.8365
99.8314
96.5927
99.8557
96.8242
96.8268
99.1048
96.6255
96.4138
99.8635
99.8111
99.9289
96.9957
99.8579
98.8865
97.081
97.3887
96.9475
97.2283
98.2569
98.9843
96.5777
96.6992
96.6988
96.7182
96.733
96.8646
98.3009
99.9029
99.8487
96.6735
96.5789
96.8018
99.8575
96.9092
99.5495
99.8174
99.4859
97.2449
97.2939
97.1888
96.6694
97.0975
97.2265
96.6829
97.3374
99.3766
99.4687
99.0218
99.4949
99.8888
98.8304
96.7227
99.4999
97.2422
96.7895
96.9598
97.2268
96.5825
96.5791
96.5329
99.0769
99.612
99.4492
97.2928
99.626
97.5156
96.7892
96.7991
96.8138
99.5609
96.7199
96.6316
96.4765
99.0086
98.4611
99.6646
99.8717
97.2299
99.5136
96.5407
99.8369
96.4496
96.7527
98.2868
97.2637
99.9221
98.2812
99.7854
97.1872
97.3371
97.3117
96.7776
96.9586
96.8061
98.9121
96.8179
98.7521
97.2931
98.2264
99.564
96.7287
97.2736
96.9666
98.899
97.3338
99.8285
97.3494
96.7489
96.7364
96.7335
96.6473
96.6519
98.3208
96.6876
96.4855
99.9336
96.6908
97.2699
98.3631
99.6003
99.8884
96.7327
97.062
96.5681
99.8238
96.788
96.706
97.3262
97.3186
98.3108
98.999
97.062
97.1587
96.9308
99.2314
96.7963
96.7148
96.7101
99.494
99.8621
98.5008
96.9044
99.8956
99.5231
99.5468
98.9943
96.6368
97.1966
97.1964
98.3557
96.8731
97.0785
98.2947
99.834
99.4454
96.9144
97.0878
97.095
99.573
96.6742
96.7953
97.2687
97.2764
98.4779
98.2966
96.8667
99.8847
99.0106
99.6818
99.4251
96.7335
97.1578
96.7672
99.8285
97.2825
99.8251
96.7628
99.6111
96.6546
98.4189
99.8353
99.5734
98.2721
96.6843
96.5551
99.9206
96.7878
98.53
98.2709
99.8891
96.7488
99.7729
96.7554
97.4798
99.0576
97.1333
97.1263
99.875
96.7209
98.1741
97.2647
99.9195
96.7969
97.2665
99.8407
96.653
97.317
98.326
98.0393
99.8706
99.7026
99.9082
99.899
98.1317
96.6753
99.9513
98.9921
99.8033
96.6708
98.7197
99.5194
99.9119
99.6111
96.7331
96.6976
99.8016
99.8513
97.289
99.5501
99.9275
98.2244
98.9211
98.2921
96.6497
97.2714
97.2735
99.7927
96.5664
97.2428
99.7136
97.2297
99.9169
97.2832
99.0788
97.0246
96.836
96.8216
96.5074
96.6977
98.6845
99.543
96.9906
97.2839
98.1547
96.5988
99.8563
96.5448
97.3534
96.9379
97.2721
96.6296
96.5071
96.7742
97.185
96.6499
97.2619
97.4687
96.7522
96.7591
99.9482
96.6923
97.1274
99.526
96.6674
97.0689
98.7736
99.5567
96.7535
98.3552
99.0175
99.857
97.3857
96.602
98.3568
97.4158
96.7257
96.6983
97.0095
97.0162
98.2079
99.8945
96.65
99.8092
97.2352
96.7654
99.8625
97.3175
98.8105
97.2566
99.8545
99.7965
99.5055
99.628
99.8287
98.6504
99.8272
96.9866
96.8351
97.2656
97.2807
96.6586
98.1625
97.2447
96.3974
99.5109
99.6083
99.6625
96.7012
99.964
96.6146
97.5147
97.5942
96.6767
96.5821
99.8977
99.9484
96.9501
99.4624
97.2251
96.9462
99.434
96.5826
99.879
97.108
98.3388
96.5603
99.8347
96.8078
96.5821
97.4993
96.7077
99.6365
96.7047
96.4757
97.0338
99.7315
97.349
96.6707
96.9734
99.8792
98.0194
98.3044
99.669
97.2833
98.8984
98.3097
97.2789
99.6971
98.3032
99.8458
96.624
97.0808
96.6977
97.4723
96.6399
99.4859
99.5519
96.5566
96.5423
99.9309
99.0645
99.9276
99.833
96.7012
98.1807
96.6056
97.1744
97.2772
96.6313
99.9242
97.1055
96.6489
99.9051
99.7335
99.9118
96.6621
98.9142
99.9036
96.9097
97.1057
99.792
98.1929
99.5643
98.9115
96.8748
96.6946
96.7466
99.9384
97.377
98.0238
97.1878
96.7399
96.8026
97.1116
99.7344
98.8689
98.9428
98.3548
99.5443
97.168
99.7974
99.9326
97.2907
96.8873
98.3185
99.6109
96.6151
99.8168
97.2987
96.7033
96.6806
99.6563
98.9254
96.9956
96.5911
96.8606
96.7211
98.9435
97.1779
96.6648
96.8805
99.7284
96.6091
96.5785
97.213
96.6038
98.2257
97.3549
99.8445
96.6647
98.3367
97.3348
96.4751
99.2399
96.6376
98.1059
99.8815
99.8301
99.8144
99.8811
96.606
99.9388
96.68
99.6504
97.1157
97.2677
98.7034
96.8308
99.8335
97.27
98.3223
99.7307
96.6798
97.3324
96.5365
96.5484
98.2518
99.6241
96.7681
99.9409
99.9211
99.8432
98.7099
99.8745
99.9604
96.7486
96.7367
97.0653
96.6377
96.5394
96.8583
97.243
98.6069
96.5176
96.7331
98.9723
97.2197
99.813
97.3102
98.2161
99.7437
99.9015
97.1465
98.4507
96.6257
97.072
99.8272
97.2569
96.8005
97.3007
96.6963
96.5728
98.9814
98.2832
97.0373
99.8622
96.8215
98.7811
96.8113
96.9306
98.2897
99.9059
96.5139
97.178
96.6287
98.5955
98.6426
99.9227
99.8655
96.7806
96.7299
97.0653
96.7401
99.484
97.23
96.7322
99.5721
96.9105
98.2743
96.717
98.3442
96.6061
96.6334
99.8636
99.9537
96.5637
96.7241
97.1789
99.6573
99.6635
97.0273
96.6443
96.8009
97.2819
96.5822
96.5607
97.3092
96.9608
96.6875
96.7234
99.8472
96.7411
96.7829
96.7538
96.7981
98.3994
96.7217
99.8736
96.7861
96.5341
96.74
97.128
97.2282
99.917
98.2896
96.6679
96.9348
99.4565
96.5969
99.5779
96.5943
97.4064
97.2352
99.7267
96.5023
96.7221
99.4875
96.9972
96.576
96.7193
98.065
97.1805
96.8692
96.7453
97.4217
99.6871
98.7241
98.1325
96.6037
97.3761
96.7414
99.8707
99.5652
99.5311
96.6891
97.2621
99.832
99.509
99.5939
96.9091
99.8007
96.694
96.7478
99.5928
96.7326
99.0222
99.6155
96.7023
96.6904
96.6908
96.7777
97.307
96.6321
96.5945
99.9325
96.5944
98.3879
98.2789
96.7075
96.7615
96.8801
96.7671
96.7186
97.2943
97.2154
99.8648
99.8573
98.8704
97.0152
96.6864
97.0995
99.7541
97.1669
97.4125
97.2467
96.9819
99.8062
97.25
99.8002
96.5885
97.1692
96.7816
96.9082
98.3183
96.7829
99.8606
96.6405
99.582
96.8696
98.3221
99.0061
96.8109
99.9249
96.7734
98.1943
99.7976
99.9289
96.5553
97.2154
99.8281
96.6703
99.0192
96.7505
97.4129
96.7311
96.6637
99.7774
99.5905
99.4606
96.6226
96.8263
99.8167
96.7794
97.0582
97.2197
96.7983
97.0241
96.6661
96.7255
99.8396
96.8331
99.8289
99.7399
99.8849
96.7152
97.3028
98.3919
99.8734
97.0189
96.7224
98.2489
96.6969
96.6784
96.8471
96.659
96.7751
99.8393
97.4954
99.8266
96.5691
96.5952
96.5504
96.7062
97.1275
96.8624
98.1862
96.5391
97.2327
99.7253
96.5678
96.7277
98.0692
99.8389
98.928
99.0442
99.8101
97.4889
97.247
96.8445
99.7819
98.8364
96.6562
99.8396
96.7237
96.6198
99.619
97.3983
97.2089
96.5772
97.2326
97.5
99.86
97.2808
96.979
96.7298
97.4599
96.7161
99.555
96.6491
99.1416
99.8787
99.9037
99.9189
99.8635
99.1559
99.9205
99.9563
96.5218
96.7456
96.6042
98.243
96.7258
99.6881
96.8168
98.9878
96.9271
97.2698
97.6245
99.9481
96.702
96.7304
96.8703
96.8541
97.1939
98.9687
96.6533
98.0689
96.7636
96.6842
98.4602
98.2215
96.7289
99.5639
96.7612
96.5216
97.2373
97.1427
98.1867
97.3543
96.6209
96.7215
96.7193
96.7035
98.8914
99.0114
97.3028
96.7498
96.5944
97.2716
98.9081
96.6558
96.5135
99.4547
96.6517
97.2704
96.7571
96.6848
96.5838
98.298
99.893
97.5482
99.7924
96.6237
96.6798
99.8449
98.9528
97.2438
98.431
97.1615
99.89
96.8733
99.8194
98.3971
97.2275
98.2397
97.2883
99.66
96.5257
96.6891
98.3686
98.1467
96.9865
96.7997
97.2118
98.5023
99.8389
99.7398
98.2709
97.33
96.7096
99.1257
98.1182
97.3013
96.7498
96.6797
97.3604
96.8511
99.8875
96.7141
99.8689
99.1957
96.7708
96.6354
99.9428
99.8351
99.8666
99.6773
97.368
98.2657
96.6621
96.7914
97.2534
97.2932
97.5898
97.1007
99.9257
96.9726
96.7338
99.5014
96.6128
98.2351
96.6152
97.3573
96.6433
99.9172
96.6943
97.275
99.8916
96.8855
98.2469
97.4165
98.0641
97.1969
97.2147
96.77
96.8365
96.7922
99.945
98.3997
97.063
96.8445
96.5135
96.7781
97.4794
96.7791
97.2218
98.3323
97.2493
97.1916
97.0905
96.8224
97.2361
96.6115
97.465
97.3308
96.7879
99.859
99.6424
98.6423
97.3469
99.6267
99.3956
96.6803
98.9661
99.9682
97.0961
96.6972
96.8569
99.847
97.0656
98.341
99.6557
97.5232
99.4123
96.7051
98.8349
97.3423
96.915
96.7068
99.5543
99.9277
99.862
97.3336
98.8764
96.7898
99.5064
97.324
97.3087
97.1676
97.5264
96.6071
98.1137
96.9645
99.8048
96.9516
98.2677
99.8718
99.437
97.2242
96.6132
96.7549
98.3097
97.2609
96.6745
97.187
98.9303
99.0095
96.6741
98.8616
96.8053
99.7782
98.3969
97.0197
99.0219
99.4117
99.8487
96.7631
96.6201
97.2298
99.8843
96.8071
99.8597
97.1282
96.6511
96.587
96.4221
97.1758
99.936
99.3958
96.75
97.2252
96.9953
96.7171
96.8849
96.7934
96.7609
96.4859
96.6572
99.6147
99.5603
99.8559
99.8909
99.9064
96.741
99.5756
97.2783
96.8456
96.6721
99.6496
99.8135
96.6807
97.2791
96.6363
99.8701
96.5348
98.1816
99.443
99.9449
97.1807
99.8261
97.2489
96.9375
99.0689
97.4399
96.5496
96.6447
97.2966
99.4299
96.6766
99.8851
99.9159
96.8325
96.4497
98.0215
98.8875
99.4409
97.062
98.9659
96.6703
96.8575
97.3154
99.8281
96.6919
98.8826
99.8504
96.7284
97.0736
96.6951
98.3036
96.6715
96.7426
96.6997
98.8371
99.7872
99.587
98.7891
99.8111
99.6299
97.3012
99.9334
99.6301
97.0407
97.233
96.9747
99.0808
99.6079
96.6523
97.2617
99.8554
99.8974
97.137
99.8704
98.6378
99.8199
97.1177
99.8505
98.8363
96.9006
96.7589
97.2287
97.3773
99.8125
99.8138
96.8601
98.3302
96.6408
96.7306
97.188
97.1718
99.8847
96.8439
99.7791
97.153
96.7304
98.279
98.1469
99.5514
99.5761
98.2577
99.9146
97.1756
97.2462
96.7173
97.4258
99.9539
96.7091
97.3964
98.4217
97.1459
99.0728
96.9844
96.7375
96.6646
98.843
99.7137
97.0735
99.782
96.6594
99.7608
97.0365
96.7287
97.2804
99.7706
97.2611
96.7721
99.8893
96.6376
97.324
98.559
97.1429
98.2924
99.504
99.8672
99.8955
99.9277
98.2002
97.1223
99.9552
99.8507
99.8163
99.452
98.1955
98.3388
99.8083
98.1889
96.6331
96.6066
96.7143
96.5726
98.2795
97.2658
97.2996
99.6162
98.9068
98.1466
97.2057
97.2902
97.218
99.8781
96.8589
99.5334
99.7852
97.1809
99.8576
96.7159
97.2485
99.9645
97.891
99.61
98.3713
96.6773
99.8888
99.5821
98.2724
96.6983
97.8686
96.7165
97.2034
99.8426
99.8442
99.9119
99.8912
96.6559
96.9884
97.4405
97.1989
98.3391
99.4619
99.4688
99.8571
96.7236
96.6735
99.8455
99.8259
99.8986
97.3035
96.6561
96.7851
96.6395
96.9016
97.0233
96.7314
98.9235
96.7654
97.2502
97.1056
96.6174
99.3602
99.8274
98.355
99.8561
99.6059
99.5358
99.8284
97.1975
96.9604
97.2742
97.0765
97.3441
99.9273
96.6949
99.8798
96.7607
96.8119
99.8735
96.8673
96.6497
99.81
96.5797
97.0851
97.0434
98.945
98.9109
98.4043
99.9087
97.0945
98.3809
98.2808
96.7468
96.8123
96.7407
96.7683
97.3967
98.8942
99.8816
99.1464
96.7136
96.764
97.2774
96.7128
98.2168
96.7046
96.7168
99.4496
96.8016
99.9376
96.6432
98.6519
99.5656
99.8227
96.6308
98.3946
97.3879
99.8986
97.2645
97.0901
99.8723
97.307
97.2338
99.54
98.1696
96.8422
98.9541
99.0155
96.8159
99.8417
97.6972
99.8196
99.7638
97.1596
97.1448
97.1267
96.688
98.9915
96.8382
96.6766
97.118
98.7495
96.6126
99.061
97.1452
97.5246
97.1807
96.7948
97.2366
97.3321
96.7269
97.3319
98.0564
99.9449
98.9927
99.6846
99.812
98.2708
99.4646
99.0072
98.283
96.6394
99.9311
99.4561
98.2232
98.3803
99.3595
98.4085
99.8454
96.5908
99.3234
96.4819
99.7589
96.5827
96.7524
97.0042
96.6894
96.7144
96.7733
99.7768
98.3902
99.4844
96.5631
96.7196
99.7084
97.133
98.9891
97.0785
96.641
96.61
98.2528
96.6668
98.254
99.8627
99.6057
98.6506
98.6874
99.8035
97.3286
96.6424
99.8997
96.9328
98.1968
96.6572
96.7714
96.7156
99.5535
96.6285
99.1973
99.9319
99.8351
99.6311
99.9304
99.8363
96.9758
97.3613
96.8533
97.1541
96.7654
96.6074
99.9855
99.035
99.5091
98.844
98.6206
99.9242
96.76
96.737
97.2434
97.2275
99.7076
96.6022
97.1734
99.6452
97.1752
97.0171
97.0883
96.8965
98.0942
96.6264
98.4194
96.8628
96.6994
96.7106
98.1407
99.5434
96.7275
98.3013
96.7238
96.623
96.6059
97.0191
96.7623
97.2744
99.8186
97.2179
96.7057
96.6487
99.7716
96.6708
99.7231
99.8818
96.6027
96.5976
98.2692
99.8428
98.1839
96.7513
96.7098
98.3811
96.7361
96.8389
98.1454
98.2931
97.0722
96.7446
99.9757
99.4657
99.8345
96.8419
99.5869
99.5722
98.6913
96.5338
96.7137
97.268
96.6706
99.6863
98.1878
99.6154
99.8368
96.7938
96.9152
96.7314
96.5072
98.8567
96.7214
96.6938
96.4566
96.9264
99.8159
98.85
98.1657
97.2816
99.0069
96.4884
98.1344
99.6461
96.6139
99.5203
96.7697
96.5769
97.3094
96.8175
96.7735
97.3677
99.8252
97.573
96.8212
99.8048
96.4543
99.856
97.2617
99.8461
99.8904
97.2255
99.9077
96.8416
96.9601
96.8664
97.5084
97.0141
97.244
97.3288
99.922
96.6632
99.0201
98.2239
98.5277
99.9147
96.6841
99.9063
98.0692
96.7217
96.931
99.4854
99.5453
97.2921
99.8615
96.5706
96.7267
96.6557
97.2368
98.2772
99.655
99.8011
97.3873
99.0648
96.7956
98.3084
99.9508
96.6545
98.8427
96.7952
97.0886
98.899
96.8228
96.5664
97.2951
99.8337
99.5108
99.748
99.721
96.6304
98.268
97.2279
99.8907
96.7442
97.2407
99.845
96.6064
96.6339
99.8098
99.8603
96.7826
99.7669
99.842
98.2832
99.6572
96.7878
98.277
97.0661
96.5346
97.3366
96.6784
97.0801
98.8647
97.4848
99.5662
99.6364
98.3633
98.8752
99.5644
98.4605
99.9134
96.7192
98.3503
97.3583
99.4564
99.1478
96.7965
99.4695
99.8667
96.7198
97.177
96.7274
96.95
97.2068
97.2613
96.6037
99.8911
98.929
96.6611
98.9433
96.6823
98.8992
96.7792
96.6453
99.1394
97.1447
98.3538
96.6943
97.2902
99.8576
96.7125
97.4627
96.6053
99.9285
99.4684
96.5617
99.8771
96.6238
99.9321
96.7468
96.4692
99.9058
97.272
97.2516
96.7402
98.2411
96.7192
99.782
96.707
99.6826
99.935
96.5412
99.8325
99.8746
96.7145
96.75
96.6297
96.7428
98.2601
96.9479
96.7052
96.673
97.0609
97.3735
97.0986
96.7151
97.3225
96.6165
97.1182
96.7034
97.3689
99.6683
96.5625
96.7977
99.5261
96.7498
98.2748
99.8356
96.9554
96.7711
99.7963
96.6502
98.3872
96.6719
97.2616
96.7214
99.0229
99.8642
96.7067
97.2891
96.7316
99.725
96.7791
97.2273
99.6138
99.779
96.5947
99.6262
97.307
99.4213
97.1357
99.5139
96.7314
96.7147
99.857
97.1452
96.7823
98.3425
97.1261
97.3619
99.8345
99.011
97.1059
99.9396
96.7213
99.0502
99.0294
96.9171
98.9868
96.7873
97.3788
96.9037
96.6312
99.0919
97.0822
97.0069
98.3337
96.8219
96.7539
96.5325
99.8099
96.5547
99.8874
99.7808
96.7705
96.7807
96.3739
96.7246
96.7584
96.6279
96.7603
98.2778
99.8905
99.594
96.6561
96.6053
96.6634
99.5978
97.1546
96.6844
99.9314
99.6662
98.9363
99.8559
97.2246
96.5272
97.1576
96.7566
96.7292
99.9222
96.8935
99.4754
96.7341
97.1745
98.3738
97.2774
96.7309
97.2257
99.4878
99.613
98.2828
98.132
99.936
96.8047
96.5733
99.6464
99.9169
98.2533
96.6641
96.9293
97.2908
99.9262
97.1544
98.9502
99.8163
99.7657
96.7156
97.3099
99.5411
98.2946
97.1979
99.2055
99.3958
96.4612
96.7831
96.7436
99.9372
98.3255
99.8691
96.8355
97.2262
99.9014
98.25
97.2843
96.5548
97.2135
96.6486
96.7566
96.6257
98.0925
98.9677
96.6108
98.9788
97.1892
98.5016
96.747
96.806
97.3142
97.0852
99.1848
96.5237
97.0987
99.9332
99.9025
96.7631
99.8654
96.7064
97.2623
96.6771
96.6052
98.6828
96.667
98.9215
96.7385
99.8746
96.6521
97.3082
96.9599
99.8157
97.0931
97.3876
99.9134
96.7406
96.73
96.868
97.3642
96.7456
96.6445
98.8496
98.8656
96.5687
97.1185
99.8842
97.1753
99.8898
96.6781
96.7855
98.197
98.2994
96.6666
98.4153
97.029
96.6773
97.4061
98.1868
99.8778
96.6344
96.6283
99.7739
99.9596
98.7988
98.2759
96.7445
97.2611
97.2358
98.3048
99.8245
98.2285
96.5855
96.9493
96.8122
99.4989
99.8639
96.5859
98.2605
99.4646
99.7358
98.2274
96.6097
98.1115
98.3651
96.5714
97.269
99.5999
99.5162
96.6337
96.7635
96.5204
97.2389
97.1983
96.6669
97.2481
99.7863
96.7191
96.8514
96.6917
96.6772
96.7495
99.3513
97.2422
96.7897
96.5978
96.7232
97.2337
96.5501
97.3758
98.3482
99.6022
98.2461
96.8616
96.6234
97.1636
96.9806
96.7293
99.8677
99.5355
98.1647
99.9435
98.6495
98.218
99.0233
99.8875
99.9442
96.8961
96.722
96.5776
96.5919
98.8234
96.624
98.3256
97.1568
97.3253
96.6804
97.2507
99.8111
99.8675
98.9654
98.0888
99.2966
99.9342
99.8676
97.2759
96.7271
99.6213
96.6836
96.7081
99.8306
96.765
99.5887
98.8615
99.8172
99.5077
97.1957
96.7633
99.9342
96.6447
96.7916
99.8968
99.8937
97.2603
97.0983
99.6013
97.3204
99.8882
99.9512
96.7595
96.6011
98.8035
98.2868
97.2609
97.1738
97.4282
97.0829
99.8111
99.5182
96.4764
97.2836
96.742
98.3149
99.9268
96.8356
98.2344
96.8119
98.34
96.6402
98.059
99.6739
96.7345
96.6276
97.3666
99.9606
97.4974
98.8609
99.2791
99.8947
99.9104
96.7235
99.8379
97.1594
99.9121
98.9416
99.8993
96.6702
98.9077
99.8327
96.6928
96.5984
96.574
97.2786
98.8473
96.3648
99.5314
97.3548
99.922
98.2625
99.0799
99.8847
96.6134
96.6383
99.8017
99.958
99.8477
97.0273
98.8915
99.8482
97.247
99.7643
97.1771
96.7051
96.6784
96.6672
99.7128
96.8167
96.7685
97.0855
99.5546
96.802
99.6558
97.1596
97.2306
96.6234
97.2982
97.2927
96.7631
96.6456
99.7608
97.1391
98.9291
99.8591
97.2805
99.7797
99.816
99.8603
99.876
98.9885
97.2226
99.769
97.059
96.6287
96.6322
96.801
98.3629
99.9087
97.3377
98.9961
96.7341
99.8106
99.871
97.307
97.2241
96.7491
99.8427
97.2601
98.1892
96.6297
96.6691
99.7683
96.7028
96.6098
97.1607
96.8122
99.9161
96.6639
99.8916
99.7587
96.95
96.8387
96.8134
96.832
98.9155
96.7523
97.2762
99.8947
99.5593
99.7908
99.8296
99.4578
96.6612
98.2114
96.702
96.6922
96.7415
98.7784
96.6221
98.1155
96.8216
97.1562
99.9106
99.8514
99.4185
96.6687
97.3359
99.4959
96.728
99.0093
96.7092
96.7708
96.6733
96.6132
97.247
96.5318
99.8839
99.9102
98.4661
99.8689
96.7254
99.5217
96.5555
97.2278
98.2106
99.1025
99.8834
99.7979
96.949
99.7995
97.2879
96.5484
97.1987
96.7564
99.7529
98.3811
99.8334
96.8644
98.2486
96.8121
96.6984
97.3042
99.3169
96.8045
96.9025
99.5429
98.9088
98.8733
99.5527
99.9186
99.8774
96.5491
97.1419
98.3326
98.2478
97.3321
99.9149
97.1634
99.7863
98.7983
96.7098
99.7783
96.5775
96.8698
96.7858
98.1816
97.2216
96.661
96.5775
98.2226
99.8678
99.076
99.7173
96.6761
99.8138
99.8867
98.9548
98.8769
96.9161
97.5265
96.6715
97.177
99.8357
96.7288
96.6571
96.6616
98.2057
98.8451
96.7074
97.2008
96.6003
96.6078
99.9404
99.9055
98.9164
99.8263
99.6496
97.1932
96.8347
99.9446
97.2101
99.796
97.3371
96.7168
99.8949
98.2733
97.0811
96.6274
96.7212
96.6529
99.0137
98.3405
99.8543
98.858
99.8974
96.8065
99.5372
97.3506
96.6104
98.6502
96.6078
98.3468
99.6112
97.4887
99.3857
96.5783
99.9046
99.7344
96.6845
98.3839
99.8614
99.8497
96.8294
96.8119
97.2485
99.865
97.4217
99.8012
97.3387
96.5749
99.8818
96.6995
97.1841
96.8511
98.4123
96.9168
97.141
96.7664
99.8647
96.4682
96.3419
96.7171
96.7809
96.8276
96.6579
99.9138
96.8228
99.8223
99.8642
96.602
97.3343
98.2727
99.7953
98.2215
97.3631
98.3527
98.2523
98.774
99.668
97.27
97.2353
99.8896
96.614
98.2692
99.8072
99.9002
96.9857
97.1126
97.3024
96.8122
96.697
97.2267
99.602
96.7244
96.8144
96.6311
98.6485
99.575
96.72
96.7624
96.4694
97.2766
99.8572
97.2363
98.7301
96.677
98.9457
98.0954
99.8607
96.6691
96.7637
96.7738
96.986
99.0383
99.8951
97.0033
98.9201
97.257
96.6939
99.0324
98.2388
99.8127
99.4712
96.8698
96.8817
99.8209
98.8407
99.9016
99.6393
96.6724
98.4991
99.7841
96.9973
99.9295
96.9231
96.9266
96.845
99.7368
99.7354
99.8724
99.8614
97.2746
99.5491
96.6697
96.9065
99.6529
96.5403
96.9134
96.769
99.6432
99.9065
98.3802
96.9111
99.7584
96.7895
99.897
96.7628
96.8735
98.4008
96.8525
99.6762
96.7921
98.3967
98.8763
96.6765
99.8359
99.9016
98.8378
96.6427
98.2931
99.829
96.63
97.428
97.3622
98.1182
98.2103
97.1592
99.243
97.2298
97.3251
96.563
99.8706
98.3252
99.9409
98.2627
96.737
96.7194
98.2559
99.9083
98.8965
96.648
96.8374
99.9087
97.3787
96.6532
98.6687
96.6022
97.0702
97.3422
96.7724
99.5603
99.9081
99.7597
96.6409
96.7365
98.9793
98.7903
98.2599
97.3529
99.7809
99.5268
96.815
99.8857
96.6672
98.9587
98.9045
97.4654
99.5148
96.9068
96.6422
98.3077
98.2679
96.9493
97.2289
97.0878
99.8741
98.3158
96.8484
96.7751
99.8793
99.9023
97.3756
96.6573
96.6624
96.7246
96.7449
99.9557
97.2471
97.2803
97.3032
97.0365
99.8717
96.6949
99.8588
99.6354
99.6235
97.3188
97.1171
96.8049
96.5574
96.6554
96.7281
99.6062
99.4994
99.5759
99.8132
96.6518
96.7275
96.677
96.5096
99.7881
96.7249
97.2651
99.8126
96.73
96.6405
96.6366
98.4787
96.7871
96.9716
96.7811
96.6821
97.4169
96.8201
96.5846
96.6269
99.8693
96.8088
96.7156
97.1748
99.0175
96.6678
97.2004
96.6184
96.8341
99.9434
96.8802
96.5931
97.4585
99.8266
97.054
99.869
98.1873
98.3007
99.5209
97.3713
97.2267
96.7097
96.7938
99.793
