99.8836
96.3479
96.7412
96.5579
96.5246
99.1196
99.86
97.7338
96.4419
99.8691
99.8511
99.9567
99.8764
99.8973
97.6749
96.4514
99.8717
99.8531
96.4367
96.49
97.5086
96.5158
99.9699
99.854
96.6165
99.8579
99.5158
99.8336
99.9068
99.8516
99.9214
99.8358
97.6681
99.8152
96.5383
97.6473
99.8709
96.491
96.4978
99.8108
97.6985
99.9419
99.9633
96.6215
96.4828
99.8604
99.952
96.3856
96.4471
97.6882
99.8474
99.8889
96.455
99.9247
97.5714
96.5221
99.4701
99.9759
99.6581
96.4873
96.6956
96.7158
96.5281
97.6381
99.785
96.5421
96.4352
99.8728
96.3793
99.8793
99.9158
99.8861
99.6861
99.8565
99.9215
96.4728
96.536
96.5462
96.5579
99.4733
96.5147
99.8222
96.6411
96.6444
99.8659
99.8804
99.5777
99.865
99.9016
96.7225
99.8686
96.3517
97.756
97.0871
96.5556
99.8181
96.5779
99.9166
99.8741
96.4054
99.6996
99.7781
96.5617
99.7777
99.8891
99.8391
99.6782
96.5007
97.6323
96.407
99.848
99.7896
97.7764
99.8525
96.3744
99.8259
96.4499
99.8886
96.5134
96.4293
96.5064
97.59
96.5059
96.3198
97.6221
99.8194
99.8388
99.8585
99.839
97.5609
99.8514
99.3899
99.62
96.9511
99.8737
96.5851
96.7174
96.5434
99.8609
99.8295
96.5192
99.8288
97.3892
96.8377
99.4396
96.5455
99.8592
96.5985
97.6516
99.8212
99.7486
98.544
96.5714
97.5759
96.5083
99.8902
96.5637
99.9287
98.8047
96.4219
96.5506
96.8173
96.6066
98.702
96.3548
96.5862
99.9691
97.2725
99.923
97.4889
99.6109
99.8156
96.7124
99.8483
96.4686
99.8524
99.9309
97.6566
99.9164
99.74
99.8519
97.8325
98.6441
99.9764
99.8234
97.7016
96.3896
97.5926
96.3353
99.4275
96.7441
99.8322
96.3947
97.7814
96.5623
96.4793
99.8651
99.4708
97.7439
99.8279
99.8347
97.4048
99.8641
96.4278
99.8009
99.8749
97.3982
96.4734
96.3852
96.4146
99.9115
96.6839
99.8699
98.8268
96.3635
96.5302
99.7275
98.4425
97.6837
99.8794
97.6973
99.7212
96.3446
99.8537
96.7343
97.6675
99.8828
97.5924
96.4441
96.4305
96.6998
99.8806
99.8354
97.4668
98.6289
96.5949
97.6353
99.8131
97.7433
97.1662
99.0107
96.4505
96.7261
96.4602
99.8529
96.4609
96.4033
96.853
97.7187
96.4782
99.883
96.524
96.7443
99.871
97.5568
97.6211
99.8841
96.4365
99.8836
96.735
96.6267
97.3576
96.8058
99.8857
96.4689
99.923
97.6692
99.8979
97.6225
99.8775
96.4093
96.5354
99.5453
99.9036
99.9003
99.8736
99.8701
96.5874
98.6502
97.7107
96.5128
96.5094
97.4775
96.4143
97.6651
99.8867
99.8107
96.6438
96.4148
99.706
99.8829
98.09
99.4212
97.6732
97.7676
99.8912
99.9073
99.7918
99.8255
96.2698
99.8473
99.8998
96.4742
96.362
97.5709
98.8707
97.5605
96.3621
99.8379
96.5156
96.5348
99.8566
96.5097
99.9014
96.5636
99.8361
97.1885
96.4522
99.9018
99.8988
96.4571
99.6801
96.384
99.8281
97.5312
99.5712
99.7594
96.4091
96.3933
97.7253
96.4983
99.855
96.781
99.7974
96.5754
96.5179
97.7577
99.8452
99.5901
96.4623
99.8655
99.5526
99.8318
99.8715
99.884
99.7922
96.486
99.8432
96.4531
99.8714
99.8571
97.5402
99.8626
96.5215
99.8542
99.8174
96.5312
97.1839
97.6691
98.8546
96.5833
96.5088
96.5427
99.9055
97.6025
96.4319
96.6114
96.4752
97.6998
96.5343
96.4291
99.0311
96.3894
98.5966
99.8712
99.8802
97.5782
99.4616
99.9115
96.4416
98.8709
96.6562
99.6412
99.8724
99.7828
96.4625
99.8375
99.8815
96.4461
99.8645
97.4536
96.2713
96.6538
99.953
96.6448
99.8996
96.7198
99.8192
98.6496
96.4806
97.8004
99.8839
99.6928
97.7031
99.8562
96.5514
99.911
99.9613
99.8671
96.7512
99.8335
99.8854
99.8472
96.4668
96.4424
97.7075
99.825
97.7759
99.8261
99.8022
97.7538
97.4099
99.9038
96.4492
96.5776
99.8177
99.6243
96.8638
99.8381
99.7499
99.8481
96.5293
99.8228
96.5511
96.5509
96.7775
97.6131
99.6915
99.8994
97.4378
97.6299
99.8657
96.409
97.6895
99.8847
96.464
99.8542
99.7607
96.4778
97.7227
99.8155
97.6025
99.8797
96.425
99.8444
99.775
96.668
97.6113
99.4867
96.6364
96.5593
99.8539
96.5366
99.8708
99.8556
96.3807
96.3676
97.5354
99.8862
96.6225
99.8355
96.6848
96.3798
96.4722
96.4326
96.5508
96.4265
99.9658
96.3307
96.5317
96.5416
96.531
96.4166
99.7902
97.5279
99.7913
96.5807
99.9114
99.878
99.8226
96.3588
96.5316
99.8814
99.7732
96.6214
96.6213
97.5904
99.8634
96.5395
96.4998
99.8702
96.4644
96.5549
97.6017
99.7952
96.5439
97.5696
99.9384
96.9689
97.5528
96.38
96.5594
98.7204
97.6093
99.7962
99.8524
97.7521
99.8499
97.7076
98.9409
99.8658
96.5185
99.8455
99.9579
96.4323
99.787
99.8712
99.8186
96.5331
96.5601
96.4663
99.6659
96.6337
96.5188
96.4968
99.8996
99.9194
99.9037
99.7698
98.6673
97.2785
99.8329
99.7688
96.4767
96.7853
96.4823
97.6765
96.6022
97.6431
99.6168
99.8089
96.3943
99.806
99.8814
99.8491
97.7608
96.7443
96.5952
99.6777
99.8391
96.4831
96.5576
99.8982
99.8466
99.8101
99.8724
96.6811
96.4832
96.4674
97.733
97.1313
99.8307
99.8138
97.5749
96.3348
96.6072
97.6266
99.8894
97.6612
99.8531
99.8812
97.6382
96.4933
99.8714
99.9131
99.9053
96.5661
99.5741
99.9107
96.5235
96.7912
99.806
99.8985
97.5604
97.6682
99.792
99.8858
99.8635
96.4075
96.4998
96.4114
96.7028
97.7822
96.3084
96.6863
96.5275
96.6074
99.7881
96.5829
99.8551
99.8934
96.4187
99.7814
97.5885
96.5636
97.6783
99.8124
99.5233
96.4049
96.3652
97.6807
97.6235
96.4919
96.4715
96.375
99.1768
99.5817
97.6645
97.7295
97.839
96.4346
99.8923
96.6917
97.6119
99.8574
97.0852
99.8254
99.0854
96.4647
99.4837
97.7006
96.4902
96.4453
99.8412
99.7948
96.339
99.5332
98.524
96.4781
96.6331
99.6419
99.837
99.8667
99.5042
96.5039
99.9823
96.4343
96.497
96.5608
97.5465
99.2337
98.8454
99.7633
99.6679
97.179
99.1508
99.7681
99.8746
99.9658
96.7818
96.6654
99.637
96.3539
99.8586
99.9094
97.8498
96.6371
99.5967
99.8734
96.4945
99.7976
99.594
96.4356
96.531
97.5912
99.9274
97.6232
99.8671
96.5785
99.6602
96.4153
96.3407
96.5772
99.9144
99.9424
96.365
96.7905
97.775
99.8619
99.9407
99.8941
96.4309
97.0949
99.8403
96.6593
99.9001
99.8935
99.8385
99.5373
96.5314
98.7341
99.909
96.5268
99.86
96.7383
96.4419
99.9371
97.7113
99.7948
96.3854
99.8877
99.8492
96.4253
96.5504
96.4627
99.878
97.5434
99.7757
96.5489
99.8377
99.8548
99.4461
96.4089
96.5295
99.9132
99.7536
98.9255
96.4204
99.801
97.6344
96.7168
99.8267
99.8547
98.7725
96.5646
99.8641
99.8265
99.9269
99.5589
96.5875
98.6953
99.8885
99.8583
99.7947
96.6736
97.4012
99.8608
99.9704
99.8936
99.8255
99.6471
97.6358
97.5539
97.5908
99.8878
96.5801
99.9735
96.4312
96.5781
99.8272
99.9425
96.6923
96.5814
99.796
99.8984
99.6003
96.5249
99.872
99.893
99.8209
96.5252
99.486
99.9575
99.9406
99.8354
99.8538
99.9442
97.6435
99.8305
96.4101
99.8318
96.5254
96.47
96.6452
99.8768
99.8697
97.6454
99.8698
96.5784
96.506
97.6457
96.5625
99.6864
96.5332
96.4637
96.4624
99.8773
99.8732
99.8643
97.516
99.8493
96.4666
96.5348
96.548
99.8867
96.7274
96.5757
96.7398
97.7033
97.6901
96.5197
97.8035
99.86
96.6542
97.6251
96.3829
96.5892
97.6608
96.4194
99.8225
96.8025
99.0256
99.8967
96.5396
96.4518
99.8743
96.6898
97.7632
97.6355
99.822
99.9645
96.449
99.8364
96.4635
96.5294
97.6741
99.9483
97.5248
96.5603
96.4923
96.1078
97.7484
99.0595
99.9039
97.5669
96.6083
99.8661
96.8407
99.5063
96.2592
99.8649
99.8569
96.3214
99.8554
99.897
96.6705
96.5118
99.8685
99.892
96.7199
99.8948
96.7844
96.3858
96.4881
99.8501
99.8828
99.9881
99.8015
99.8325
96.5415
97.6746
96.8149
97.689
97.7099
99.8283
96.4548
98.7286
99.5107
96.4777
99.8612
97.2782
99.7859
99.5113
99.8957
97.6557
99.8788
96.4669
96.4084
96.615
97.6184
96.4334
99.9069
96.5857
96.3948
99.9432
97.5912
99.8752
96.4849
99.9113
96.6802
97.728
96.4157
97.8115
99.8742
97.6232
97.5761
97.5686
96.5401
99.8393
99.6315
99.8605
97.7253
98.8952
99.5137
96.5466
96.4973
98.0474
97.6119
99.8405
99.8019
99.495
96.6149
98.4798
99.7996
98.642
96.5515
96.5757
99.8193
99.9221
97.6954
96.4523
99.7905
96.4975
96.5449
99.7131
99.9451
99.821
99.8684
99.9127
99.8422
96.6073
99.8487
99.9056
96.5057
99.9639
96.5258
96.5708
99.9168
96.4299
96.4158
96.7394
99.8798
99.9047
96.3717
99.8102
96.4593
97.6969
97.5567
96.5456
96.7223
96.6105
99.8628
99.6983
96.4784
96.4365
96.6872
96.5651
99.9407
96.6328
96.5465
99.8974
99.6926
96.4802
96.5173
99.135
96.4013
99.8709
96.5838
97.6256
97.7005
99.868
96.6399
99.4545
99.8732
96.437
97.8295
97.6947
98.7485
99.8844
99.8567
99.8636
99.8896
99.9624
97.7909
96.519
99.8541
99.7962
99.8414
99.8653
99.8245
99.8509
99.8224
99.6911
96.4698
96.5215
97.4058
96.7594
96.5466
96.4105
99.545
97.796
99.8936
99.8448
96.3503
99.9529
96.5106
97.6029
96.5197
99.8917
99.8803
99.6983
99.9044
97.571
99.4955
99.8562
98.3217
99.8164
96.5836
99.4873
99.8939
97.7627
99.8416
96.3688
97.7148
96.6302
99.848
99.8521
96.5868
99.9154
99.7766
96.4908
96.3494
99.8264
96.6771
99.0559
99.857
96.3679
99.8661
99.8204
99.6143
96.4084
96.704
96.4605
96.4568
99.8395
96.4029
97.7016
96.4899
99.8242
97.4346
97.4673
96.4079
96.5232
96.4855
96.3998
96.4454
96.5799
96.4075
96.5784
96.4532
97.6313
99.8961
99.9263
97.528
97.5838
97.5689
99.9562
96.4961
96.5233
97.6564
99.927
96.4944
96.566
96.5115
96.6211
99.8211
99.8021
96.426
99.8774
96.4506
96.4976
99.9311
99.5074
99.8834
99.4773
96.6975
97.5228
99.8465
96.3893
99.8101
97.6147
99.9446
97.6816
96.5699
99.8256
99.8912
99.8776
96.3789
97.4354
99.8172
99.866
96.3448
96.4277
97.6505
99.8333
99.8435
97.356
97.6086
99.8729
97.6866
96.4796
99.8657
99.8307
96.4565
99.4255
99.9207
99.8497
97.6183
96.5379
99.9586
97.322
99.953
96.4742
96.5716
99.9009
97.7773
96.4971
96.7723
99.8588
99.8948
99.8888
96.8642
99.7829
99.737
99.9642
99.835
99.548
99.8129
99.9269
96.6854
99.8728
97.5974
99.8513
97.725
97.6655
99.896
96.6118
97.3171
97.622
97.7619
96.5546
99.732
96.4256
99.8823
99.6892
99.8186
97.5734
99.9118
99.8911
96.6945
99.8486
99.9982
98.6539
99.8019
96.5213
97.6541
99.8321
99.4826
99.7852
99.8959
96.3404
97.7541
99.7833
96.5148
96.5805
97.6787
97.6558
96.5485
97.5252
97.691
99.8234
96.8408
97.7677
97.6613
99.7121
97.7568
99.6635
99.9219
99.8231
97.6003
96.2288
99.8637
96.5593
99.8686
99.8716
96.5004
98.8299
98.5505
99.8451
99.5844
99.4905
96.6441
99.8725
99.7622
96.5502
96.47
96.4747
99.5541
99.9137
99.8191
96.4753
97.5541
99.8609
96.4055
99.5074
99.8581
96.6588
97.5962
99.8169
99.8147
97.6545
96.5601
96.4645
96.6582
96.4814
96.5398
96.4759
96.4407
96.8033
96.5542
99.8335
99.9541
99.7894
99.8982
99.9314
99.8042
99.8405
99.5398
96.7352
98.1531
96.3831
97.745
96.4922
99.8477
99.9286
99.8163
99.8502
97.5051
99.8032
96.3457
99.8888
99.8339
96.3943
99.8254
97.6354
99.9113
96.5468
96.5428
99.8358
99.5698
99.5218
97.7961
97.4691
96.3417
99.8834
99.5893
99.5876
99.4429
96.7166
99.9114
97.6703
97.7333
97.7206
99.8808
97.7868
96.5061
96.5784
96.4781
98.5215
96.5007
98.5707
96.5159
99.8238
96.4322
96.4855
97.6662
96.4622
99.884
96.5668
98.7655
96.4487
96.6016
96.4239
96.3887
96.4778
96.4558
99.7639
99.5367
99.5525
96.5331
97.4867
96.62
96.5721
98.8631
99.026
96.6453
99.8286
96.6669
99.5781
99.9297
96.3198
99.8302
99.8617
99.9143
96.5115
99.6561
96.5603
96.5935
99.8026
99.8545
96.381
98.9574
96.5291
99.5289
99.9075
96.3579
99.9419
97.5967
96.5505
99.7663
96.5792
96.4367
96.4294
96.4536
99.8538
99.8334
99.8757
97.509
99.8155
99.9172
99.8165
99.8768
97.7234
99.542
99.8778
96.5282
97.5666
96.4819
99.4151
96.3876
97.6949
96.259
99.7932
98.6923
96.6262
96.4235
99.9246
97.4584
96.6393
99.8846
97.6411
97.6503
99.9453
99.6796
99.8573
96.434
96.4959
99.8121
96.5653
97.8019
99.9622
96.5921
96.5896
96.387
97.1645
99.5015
96.768
96.557
98.9305
97.6542
99.7853
97.6701
97.039
99.8787
99.8453
96.4807
96.5102
99.6227
96.801
99.6435
99.744
96.5056
97.5737
97.6017
97.6351
99.7651
97.4057
96.5019
99.6127
96.3884
97.5849
99.8252
99.6445
96.5429
96.5498
97.6759
97.6086
96.4029
99.8167
96.5658
99.7334
96.5466
99.8177
96.5223
98.5529
99.8509
99.9342
97.6422
96.71
96.5846
96.4621
99.7136
99.8777
99.8023
97.7422
99.5911
96.3965
99.8378
97.6036
97.5759
99.8283
96.3951
99.8172
96.5589
99.8857
99.8609
96.5656
97.6557
96.4853
99.8509
96.5914
97.6803
97.6021
99.9509
96.5457
99.934
96.3746
99.8124
96.3779
96.4474
97.734
96.9149
96.5552
96.5449
97.6914
99.7528
99.8307
96.8767
97.1384
96.5138
96.6333
96.4625
99.5803
96.4825
99.8701
96.6462
99.8634
96.4887
99.7599
97.8167
99.9649
99.787
99.8542
99.84
96.4397
99.8207
96.47
96.4543
99.8034
99.6022
99.852
99.8619
99.8059
99.8365
99.9518
99.8352
96.5431
96.4255
96.5356
99.458
99.7922
99.7807
99.0447
99.8517
96.8457
99.9499
99.8779
96.5351
97.6618
96.4327
99.814
96.7598
99.7935
99.7274
96.5105
97.7661
99.7517
97.5577
98.5509
96.8595
96.3507
96.7509
99.8427
96.9242
96.5151
96.4511
99.9048
99.8766
96.5821
96.3838
99.8337
99.368
96.8921
99.8737
99.8087
96.3407
97.6772
99.7229
96.5229
99.8251
97.1459
99.8621
96.5173
97.2875
99.5749
99.8313
96.5216
96.4829
96.4775
99.7505
99.9392
97.6212
96.4058
96.5456
96.4372
99.8359
99.8564
96.6915
97.5891
96.5457
96.3701
96.5236
96.5427
96.3041
97.3441
96.507
97.6693
96.5114
99.5977
99.8961
99.5804
99.8742
96.4955
99.6057
96.6007
98.2356
96.3705
96.5849
99.9544
99.8468
99.7461
96.4529
99.8251
99.8189
99.8499
98.6138
96.4639
96.4682
96.4168
96.174
96.5028
97.6903
96.4402
99.8368
99.443
96.6147
97.544
96.5341
99.8316
96.5407
96.4364
99.8484
96.5671
96.711
96.5175
96.4151
99.8126
96.4641
99.8232
99.7495
99.8513
96.3972
96.3931
97.7235
99.8225
99.924
99.9076
96.5174
96.4264
99.879
96.4203
99.8559
97.6567
97.7896
96.7711
97.7324
99.8332
99.8534
96.544
97.7223
96.5609
97.587
99.8819
96.8779
99.8915
99.8591
98.2171
97.7072
99.8091
99.8393
99.8551
97.6646
96.4534
99.9104
99.869
96.4293
96.4612
99.9944
99.8809
99.86
99.7949
96.7655
96.7843
97.1178
96.7352
99.8917
96.6264
97.4856
97.5498
99.8476
99.9475
99.6241
99.8737
99.8664
96.4837
96.56
96.3751
99.8256
99.8863
99.8256
99.8694
96.4845
96.8243
96.5018
99.6539
96.5157
96.4352
99.8486
99.0969
96.526
99.8512
96.5346
99.9606
96.5485
96.1989
99.9693
97.5235
96.5368
99.8042
97.483
98.6513
97.6473
96.4268
96.5653
97.5812
99.8593
99.8232
99.9178
96.6009
97.6479
99.8992
99.5997
96.5965
99.0188
99.6216
99.8276
97.694
99.4549
96.397
96.6863
96.7827
99.912
99.865
96.6688
97.5183
96.3393
96.5109
97.4718
96.5216
96.6379
99.8781
99.8161
97.7123
99.8677
99.8708
97.5971
96.6188
96.5673
96.5034
99.5159
99.9467
99.8495
96.5434
99.7453
99.9229
96.5565
96.6489
96.5877
99.0209
97.5858
99.8303
96.6223
96.434
96.4707
99.7324
97.4916
96.3338
96.4519
96.5674
97.5766
96.4978
96.5753
99.4265
96.636
99.8318
96.5106
96.5654
99.8666
99.894
99.6422
96.5826
96.4829
96.5122
96.5326
96.5547
96.3429
97.6866
96.3765
97.6753
96.3923
99.9559
99.9126
96.5739
99.4099
96.5744
99.8429
97.5651
96.7748
96.364
99.7759
96.5168
99.8796
96.5625
97.6651
96.3909
96.5093
99.7735
99.8852
99.8537
96.3715
96.4191
97.6431
97.663
96.6149
99.4449
99.8471
96.5964
99.899
99.7181
99.8397
96.5027
99.8377
99.8941
96.4212
99.8692
96.4484
99.8337
99.7657
99.0058
99.9459
99.8316
99.8661
96.703
99.9024
96.6553
99.8231
96.9628
96.4896
96.5627
96.5685
99.8049
99.7743
99.835
99.8552
99.95
96.5398
96.5802
97.6858
99.8512
99.9086
96.4974
99.8223
96.6162
99.8542
99.9045
97.7556
96.6344
99.4529
99.8885
99.7725
99.4682
97.0896
97.6798
97.7291
99.9615
99.8099
97.5771
96.4516
99.6263
99.5276
99.8541
97.5332
99.945
96.672
99.8859
99.7989
99.9897
99.9346
96.4029
99.8932
98.8208
97.4791
99.8177
96.457
96.5039
99.7478
99.8704
96.5214
96.5381
99.8402
99.8506
99.8708
96.5609
97.5506
96.9043
99.7479
98.662
96.544
96.3623
99.8916
97.6309
96.4374
99.8185
96.4406
99.9536
99.8499
99.4421
96.5246
99.9447
97.5688
99.9279
99.8994
96.4954
96.5547
96.5037
97.3884
99.5153
96.3908
99.8598
99.8423
96.4783
99.8545
99.8526
96.5928
96.68
99.9008
99.8914
99.8714
96.4929
96.3888
96.571
96.5082
96.4095
99.7303
99.794
99.9408
99.9435
96.5154
96.5316
97.7681
97.6599
99.8252
99.9056
96.3756
96.4825
99.8052
99.7426
99.9323
98.5493
99.8635
96.7907
99.7868
96.8035
99.8834
99.9642
99.9094
96.744
99.3965
99.8139
96.6753
99.7391
96.4437
96.5544
96.6897
99.8014
96.6148
97.5261
99.8268
99.9239
99.8713
97.6039
99.7744
99.8849
99.9164
99.8502
96.4836
96.6228
96.5066
96.3432
96.4821
97.7883
96.4305
99.7526
99.514
96.465
99.8096
96.5267
96.5274
96.6055
96.7368
99.8965
97.6516
99.8039
99.5858
99.7567
97.6212
99.8256
97.5639
96.6505
99.8794
96.4249
97.65
97.6814
99.9278
99.8396
99.7408
96.5594
99.8558
99.8028
97.4577
96.4893
99.4189
99.9317
97.5477
99.9197
96.6142
96.4321
97.485
99.8983
97.5848
98.9635
99.838
99.8898
96.3112
99.7653
99.9127
99.8727
96.4918
96.5449
99.7096
99.7949
96.3765
96.7399
99.839
97.0666
97.7663
96.6709
96.4789
99.7462
98.631
97.7627
98.9046
96.4127
96.4539
96.5521
99.8631
99.8225
99.6654
97.5617
96.4558
96.7417
96.3891
97.6337
99.8687
96.6561
99.8698
96.3672
97.5264
99.8667
97.5892
99.7567
97.4884
96.3371
99.9032
97.6038
99.6316
96.4243
96.5375
96.4758
96.4944
96.4597
99.8647
96.4231
96.8232
97.6586
96.6208
99.7965
99.8566
96.1185
99.8489
99.4468
99.953
97.2933
99.8196
96.6642
99.8694
99.6931
96.5359
99.8049
96.6209
98.5832
96.483
96.4779
99.8853
99.9738
96.7024
99.8782
98.6017
99.8739
97.5818
99.8879
99.8304
96.4875
99.6981
99.8636
96.5043
99.7559
96.3317
96.7936
96.6259
98.6115
99.8765
98.6795
99.8342
99.1859
96.3452
97.6363
96.4841
99.8464
99.8302
99.8155
99.79
96.481
96.4299
96.4525
96.7216
99.9425
99.8467
99.9105
99.1171
99.8619
99.9161
96.6391
96.3734
97.7318
99.9088
97.5744
99.8916
97.6193
99.406
96.7428
99.8231
96.4846
97.6798
96.6543
99.507
97.6131
96.4588
99.8983
99.8521
96.3906
99.8416
99.9087
96.4157
96.3561
96.5033
99.953
99.9485
98.6234
96.6008
97.7018
96.4308
99.8385
99.8075
96.5534
96.5685
96.4145
97.6346
98.5456
99.9681
99.8574
98.6917
96.5316
99.9197
99.8197
99.9306
98.564
96.4529
99.682
96.5071
97.4465
97.6435
99.8437
99.9614
96.4804
99.8099
96.4318
98.69
99.8646
96.593
96.3918
96.4443
99.7859
97.4608
96.4784
98.1452
99.8343
96.4702
99.7605
96.6702
96.558
96.447
99.513
96.3557
99.8621
99.8663
96.4777
99.8937
96.4873
99.9578
99.651
99.8601
97.5273
97.4911
96.4058
99.8392
98.6161
96.5788
96.462
96.5101
97.7339
97.7187
99.7918
96.4796
98.1822
99.8983
97.5907
97.6567
97.5924
99.8434
97.5226
96.5434
99.8831
99.8612
97.6408
99.8484
99.8565
99.8597
96.4342
96.6621
99.9881
96.6412
96.4433
97.6264
97.8013
96.5498
96.5404
96.6274
99.1315
97.685
98.8292
99.8899
99.9002
96.5551
96.4645
96.4632
96.5798
96.4287
99.7355
99.8843
96.5984
99.9974
99.7917
99.5862
99.8792
99.8289
99.5517
96.6496
96.4087
96.4808
96.5306
97.6459
99.8138
96.4186
96.4031
97.5002
99.9797
99.8877
99.8623
99.8763
96.5537
99.8184
96.528
96.8985
99.6202
96.5351
96.5039
96.7064
99.8463
99.8134
97.6416
99.9048
97.3437
96.49
96.4772
97.5984
99.94
99.8398
96.3797
96.424
99.8145
96.4426
96.486
99.8293
99.9
96.7065
96.4618
97.6345
99.8898
96.5993
96.4648
96.5377
99.9301
96.6987
96.9708
97.6691
96.4979
96.4704
96.503
99.8192
99.9024
96.6114
99.8955
96.6873
96.4066
99.9157
96.4168
96.4673
99.8428
97.7889
97.7716
99.5466
97.7467
96.6098
99.5472
96.4868
96.3712
96.5565
96.4228
96.309
97.7075
96.686
99.8266
97.6084
99.8842
99.1159
99.4504
99.9429
96.5877
99.777
99.8482
96.2121
99.8103
96.7567
96.4445
99.7887
99.8432
96.5103
96.6235
99.7052
99.5813
99.8944
97.6532
99.3991
96.6182
96.7218
99.9069
99.7796
99.8302
99.794
96.5323
99.8193
98.6206
97.6749
97.5744
96.7754
99.9595
97.6016
96.5163
99.9098
96.532
98.7878
97.5042
96.5743
96.4812
96.4498
97.0543
97.4668
99.897
96.4697
99.8989
99.8386
98.9995
97.6587
99.7269
99.9067
96.4793
99.8156
99.8124
99.7089
96.4779
99.9743
97.1718
96.5407
97.7544
96.4134
96.9702
99.8518
96.5826
99.8109
99.8139
96.5674
96.5701
96.6857
99.9875
99.8794
96.8693
96.5449
99.6076
96.476
99.8476
96.5357
99.8597
96.5896
96.3521
99.6248
96.5235
99.6929
99.8739
96.4273
96.4854
99.8274
96.4316
99.8846
99.9712
96.4737
99.6319
99.8508
99.7715
97.6622
96.4886
96.5472
99.8896
99.4549
99.6389
99.8163
99.7412
99.8351
98.7162
96.4027
96.5116
96.6497
99.7847
96.4434
99.8435
99.8374
97.6906
99.8462
96.7203
96.4782
97.6125
99.8717
99.8049
99.8604
99.7718
96.5241
96.7466
99.8791
99.8456
99.8795
96.4161
96.5227
96.3631
96.4026
99.9138
99.6961
99.8578
96.5043
99.8841
96.3777
96.4882
96.9935
96.4473
99.946
96.5071
99.828
96.6057
96.479
99.8385
97.497
96.5421
96.5163
96.4115
96.5638
99.5949
99.8529
97.704
96.4256
99.9521
96.4866
96.5409
98.6075
99.9257
99.8997
96.4758
96.3807
96.4894
97.6233
99.6257
96.3674
96.448
99.9214
96.5266
99.6993
99.5008
99.8696
99.7749
99.8223
96.4349
99.9417
99.8766
99.9614
99.8152
99.5249
96.3272
96.476
99.9385
99.832
99.9385
99.9313
99.4872
99.5109
96.4593
96.5734
99.9207
96.3787
99.9328
99.8156
96.7553
99.9729
98.5174
96.6358
97.6558
99.8674
96.5266
96.5473
96.2804
96.608
99.9066
96.4738
96.454
99.9395
96.5735
96.5576
96.5311
99.9081
99.8038
96.6926
99.8713
96.693
96.401
99.8704
99.0294
96.5214
96.887
99.9616
97.7178
99.8358
97.6569
96.8478
96.4301
96.3868
99.787
97.7208
96.5409
99.8497
96.4967
96.5217
99.8024
99.2092
99.9428
96.5645
97.6962
99.88
99.715
99.8527
96.4153
97.7674
96.4827
99.9519
96.5055
96.711
97.5779
96.4586
96.4197
99.8548
99.8553
99.7861
96.4817
99.4443
99.9404
96.6776
99.5493
96.7271
97.5751
97.6277
99.8475
97.5568
99.8482
99.4426
96.5791
96.4345
96.5393
97.7508
97.3296
96.481
96.5745
99.8837
96.6473
99.8164
96.3836
96.46
99.869
99.7065
96.6146
99.9823
96.4308
96.422
96.9661
99.908
99.7904
99.7071
99.862
96.4317
99.8912
99.8642
99.8913
97.6796
96.4806
99.983
96.6088
96.9325
97.4174
99.5633
96.8581
96.5063
96.5306
96.8597
99.823
96.5004
97.5072
99.9126
96.6359
98.7708
99.8725
97.7217
96.4912
99.8464
96.4716
96.5273
99.5712
99.692
96.5193
96.4885
97.6079
99.0874
98.5986
99.8792
96.5922
96.5087
96.4941
96.4727
97.6621
99.805
97.5566
96.5595
96.6742
99.7624
97.7136
96.5798
99.8498
99.8202
97.6249
96.4158
96.3875
96.5335
99.4787
99.8691
96.6075
99.8637
98.7835
99.8935
99.9505
97.7247
97.747
99.5446
96.7265
99.8962
99.8405
96.6852
99.8682
99.8629
96.4453
97.5905
97.6058
99.8614
99.6348
97.6234
98.5582
97.0446
96.4826
99.8993
96.3834
99.7516
97.5903
96.4933
99.8863
96.4868
97.5175
99.7986
99.8776
96.4582
96.4341
97.7135
99.9669
96.4372
96.5107
96.374
96.5734
99.7952
97.6282
96.3881
99.893
96.3717
99.8474
96.5211
99.8711
96.4285
96.4674
97.6297
99.9477
97.6159
96.5892
96.454
96.8475
99.8677
99.7564
96.419
97.7947
97.6612
99.8615
96.5743
97.6674
99.8827
96.4739
96.4455
96.566
99.7813
99.5406
99.8349
96.5196
97.4455
96.3579
99.496
97.7889
99.8448
96.652
96.3949
97.6811
99.9024
99.8732
99.8915
99.7445
99.7549
99.6317
96.4453
96.4063
97.5887
97.6132
96.6795
99.8338
99.7707
99.8663
96.5318
99.8472
96.5099
97.5846
96.6547
99.9657
96.7132
97.677
99.9289
99.7708
97.6283
96.547
99.4256
96.4573
97.5123
96.6203
99.8626
99.8561
99.8727
99.9619
96.5518
99.7813
99.8378
99.9003
99.5958
97.5532
99.942
96.6169
99.8551
98.9721
96.5021
96.4108
99.8601
96.5348
97.6796
97.6542
97.5519
96.5379
99.7858
97.6386
96.4673
99.8062
96.4406
99.6791
99.8625
96.3939
99.8761
99.7977
96.4721
99.8626
99.8076
97.7526
99.8403
99.8286
97.6501
99.8771
99.0552
99.8231
99.8696
96.4228
96.6787
96.7465
99.7922
99.8518
99.5052
99.9168
96.4683
99.863
97.7875
96.5975
96.5463
96.4594
96.3477
96.4849
99.8497
99.3989
96.4829
96.5733
96.2828
99.8135
96.6578
99.7817
96.5236
99.8181
99.8395
99.961
99.7901
96.5835
97.5312
96.5723
99.8947
99.8506
97.6199
99.9079
96.4638
96.5115
96.2897
97.7951
96.5489
96.6135
99.8614
96.511
99.7323
97.7405
96.5798
96.542
99.9026
96.3854
96.4639
99.963
99.8113
99.8388
96.6929
99.7207
99.8609
99.8672
96.6896
99.8736
99.6432
99.9183
96.6419
99.9077
99.8947
96.586
99.7823
99.8852
99.8661
98.7838
99.8867
96.4222
96.6736
99.8504
96.5195
99.4944
96.6417
97.5688
99.8929
96.618
99.8269
99.9544
99.9458
99.9667
99.8375
96.5107
96.4955
96.6585
97.6538
97.7445
97.5655
96.4441
99.664
96.4318
97.6721
99.9008
96.3309
99.873
99.9001
97.2304
99.9331
99.9521
99.8665
96.4258
99.4088
99.84
99.8658
99.8879
97.6415
96.8414
99.8589
99.8892
99.7865
99.4588
96.5993
99.8652
96.3028
97.6595
99.8309
99.8456
96.5679
99.7865
99.5654
99.5415
96.5593
96.4832
98.8459
99.8591
99.6064
99.9317
96.4592
97.6962
99.8973
99.9803
99.8463
97.4853
96.3087
96.704
97.7649
96.5119
99.9078
97.7345
97.6166
99.4623
99.819
96.3683
99.8401
96.8094
96.4348
99.7846
99.9502
96.6688
99.9266
99.8596
99.8802
99.9156
97.7225
99.8821
96.5914
99.8496
99.887
99.7758
96.5941
96.8191
97.7412
97.5178
99.0609
97.511
96.2937
99.6196
99.7678
99.8901
97.7403
99.8375
99.105
96.4708
96.5221
96.5832
99.8806
98.4732
96.4482
96.5109
99.4358
99.8585
96.537
96.5661
96.5328
96.4698
96.4304
96.5526
97.7323
99.8979
96.5767
96.5008
99.9812
97.6439
97.5823
99.4437
96.6114
99.5996
97.7108
97.5844
99.9166
96.6889
96.4501
99.8107
99.8483
97.6731
99.7774
97.5234
99.8805
98.5402
96.5314
97.7956
96.5276
99.8009
99.9097
99.8737
96.5697
99.811
96.4126
96.4242
99.6574
99.8527
99.8637
99.8529
98.8652
98.2031
97.586
96.4759
96.4487
99.7387
96.5104
96.5916
96.4888
99.4936
96.6137
97.6176
96.6127
99.5567
97.6305
99.8175
96.4677
96.4503
99.8555
97.8074
99.9091
99.4618
99.8318
97.5987
96.4235
99.9834
96.4497
99.8078
97.6573
99.9144
99.8598
96.5569
96.5472
99.8489
96.6764
97.7836
96.4673
96.614
96.6693
96.3838
99.8646
96.5528
96.4625
99.8871
96.3002
96.4993
96.4208
97.4496
99.899
96.5127
99.847
99.8209
99.9002
96.4766
99.8358
99.9307
97.558
96.4065
97.492
99.968
96.4338
97.2476
96.7684
97.7297
99.8059
99.8985
97.6084
96.4232
96.4511
96.3563
96.672
97.4956
96.5958
97.6207
96.4078
96.4051
99.875
99.1494
96.4878
99.8486
96.4936
97.6557
96.4466
96.4582
96.4621
96.618
99.5314
99.8618
99.8996
96.8015
96.6235
99.8891
99.8824
98.1357
96.5968
99.8451
97.726
96.4706
99.8837
99.8515
96.523
99.8442
96.8746
97.2248
99.4794
99.8886
96.4548
96.6714
96.6176
99.4241
99.9472
96.4923
96.6166
99.9114
99.9441
98.8013
99.852
97.565
96.5588
99.9439
99.8427
99.7498
97.6022
99.9806
99.6619
99.9411
96.3993
96.5992
99.4205
97.6795
96.3885
99.5137
99.9116
96.4471
99.8583
96.6112
99.923
99.8656
99.0107
97.787
99.9536
96.7377
97.5296
99.6327
96.6104
97.8186
96.3532
97.7798
99.819
99.9067
96.4477
99.8726
99.9292
96.6777
99.8766
97.5701
99.3462
99.9586
99.8429
99.7954
99.8935
97.6563
96.3346
96.475
96.6356
99.832
96.5795
96.7316
97.5941
97.5882
99.9117
96.5142
96.5147
96.4707
99.9137
98.787
99.8623
99.6762
99.8544
99.9406
96.5399
96.4733
99.9628
97.7026
99.8619
99.9489
96.4937
99.634
96.5589
98.9971
97.663
99.8454
96.5466
99.8692
99.8479
96.4814
99.957
98.7478
96.3983
96.67
96.5614
96.5109
97.5121
99.1976
96.5598
96.5407
99.8272
97.6009
99.9174
96.7778
99.7889
99.8056
96.5253
99.7978
96.3813
99.8703
96.568
99.5106
99.8343
99.8968
96.3181
96.5197
99.738
96.5894
99.897
99.8097
99.8828
96.5017
96.5016
99.7999
99.8184
96.4772
96.4933
96.5375
99.874
96.5254
96.3045
99.9053
99.811
99.9353
99.8468
96.4354
99.8627
97.5768
99.8762
96.8148
96.4312
99.8266
99.8866
96.546
96.5938
99.8791
99.9195
96.4722
99.8372
96.5337
96.4312
97.4774
99.8275
96.418
96.5313
96.5274
96.6161
97.7732
99.8494
96.5314
97.5807
99.9598
99.8567
96.6704
96.5372
99.9066
97.7189
96.6113
99.8687
99.9677
99.8559
96.3682
96.7173
99.9362
97.671
99.6236
99.8781
97.6936
99.7618
96.5482
99.625
96.29
96.5032
99.8261
96.5212
99.9422
97.6958
97.6342
99.8129
96.5222
99.789
97.7185
96.5033
99.8992
97.6819
97.5411
99.827
99.7198
99.071
99.8445
96.5167
96.5105
96.5739
97.7829
96.5658
96.699
96.5478
96.4766
99.8638
97.5341
99.8968
97.5266
98.5864
96.5021
96.4899
96.5353
98.6895
96.3761
97.4238
99.7717
97.7298
97.7791
96.6753
96.5494
96.4944
96.5435
98.6551
99.792
99.8503
97.1783
98.8305
99.8046
99.9081
97.631
96.5497
97.5278
99.5244
96.6696
96.8402
99.908
96.3949
97.5994
99.8502
99.8177
96.3444
96.4388
97.5122
96.5264
96.4833
99.8713
99.9555
99.8457
99.8564
99.5717
99.1361
97.493
96.4949
99.9648
99.8674
99.8172
99.876
99.9592
99.8962
96.6759
96.4181
97.7547
96.8201
96.5578
96.555
97.5175
99.95
99.8721
97.1618
98.2816
96.5774
98.7756
96.4633
96.6603
96.4443
96.6133
99.5732
99.7751
99.8622
96.5773
99.8383
99.7795
97.7751
96.6162
97.6467
96.3356
96.5069
97.6513
99.8193
99.4285
99.9496
99.8738
97.4153
96.4231
96.4892
99.7873
96.4412
98.7317
99.8965
99.9149
99.7741
99.8898
99.8464
98.5147
96.2766
96.5315
96.837
97.609
97.6168
97.6591
97.825
97.6184
96.3057
96.5615
99.9042
96.5186
97.6283
96.4481
99.5491
96.4786
96.3515
97.4312
99.8304
99.9269
99.8525
99.8505
96.4254
99.796
96.583
96.807
96.5533
99.8635
96.4709
97.5645
99.799
96.394
96.5945
96.7868
99.8102
99.8174
96.5357
96.6614
99.8944
97.6546
98.6046
99.8945
99.5747
99.8961
96.5791
96.6453
96.6099
99.7817
96.5299
97.7134
99.1293
97.5726
99.8107
96.5328
99.9624
98.9178
96.6516
99.9185
96.7008
99.7988
96.3594
99.8774
96.4164
99.8878
98.6053
96.5741
96.6508
99.8999
99.8156
97.5155
99.8458
99.8321
99.1327
99.8284
99.8802
99.9114
97.6252
96.3837
96.396
96.5414
96.4719
96.5977
97.556
99.7849
97.7102
99.8671
99.5731
96.4486
99.839
99.8815
96.4548
97.475
99.862
99.8962
96.4211
99.8852
97.8479
97.4945
96.4514
99.932
96.5772
99.8633
99.9456
96.5447
99.8955
99.847
96.4032
96.4219
99.7248
99.852
99.8745
97.676
98.6109
96.498
99.7906
96.4428
96.4699
99.897
99.5324
99.5838
96.4706
97.6601
99.9522
96.4164
96.5809
98.9282
99.0855
99.9688
96.7679
98.9689
96.9359
99.5307
97.5286
98.97
99.9358
97.6473
99.5588
96.3706
97.745
97.7175
99.823
99.1053
99.8383
96.6009
96.4305
97.526
96.7225
99.9279
99.7914
99.6526
99.9223
99.8278
99.8742
99.9302
99.7626
99.9111
99.9422
96.4305
99.8305
96.5256
96.52
99.8864
96.4237
99.8392
99.8687
97.7273
99.9173
97.5172
96.6906
99.7651
99.931
97.1459
97.8415
99.9906
99.9687
99.8472
96.8302
96.5325
99.7759
99.9883
96.4087
96.5183
99.8789
96.5021
99.8123
97.7071
96.5119
99.8897
97.5935
96.4436
99.7999
98.9398
97.6194
99.8731
99.823
96.5095
96.391
97.7607
96.3894
99.5898
99.9806
96.427
99.7147
99.8665
99.8741
97.6806
99.8817
99.8257
99.8473
96.5433
97.5368
96.4079
99.877
97.3948
99.8893
99.8479
99.8846
99.8911
99.8098
99.8331
96.6878
97.5916
98.5175
97.6365
99.7615
99.8593
96.4212
96.4487
99.4594
99.885
97.7748
97.5087
97.6144
96.536
96.517
96.5786
96.5755
97.6345
96.4245
99.8614
96.4756
96.6595
97.6284
96.5253
96.4055
96.6557
96.5342
96.5752
99.8922
96.5886
96.543
99.8977
97.6908
96.5196
96.4407
96.516
96.5027
97.7523
99.9063
99.8279
96.799
96.4434
96.4873
96.3709
99.5903
99.9744
99.9036
99.8673
99.7917
99.8155
96.3932
97.5627
99.8811
99.8001
99.9552
97.8263
96.6427
99.9053
97.1294
97.4762
99.7486
99.8821
99.9193
99.7921
96.3859
99.861
99.5778
96.5533
97.5469
98.9714
99.7995
99.5894
99.8325
99.8582
96.2493
97.5963
96.4535
96.3622
96.4454
96.3464
99.5234
97.7846
99.7074
97.7206
99.9669
97.6249
96.4097
99.8282
98.6809
99.4855
96.453
96.562
96.4017
99.8764
99.8662
96.4559
99.8512
97.7605
96.3387
99.7199
96.7339
99.9139
96.6095
96.5664
99.8321
99.7517
96.4182
99.8837
96.5152
96.5746
99.8293
96.4979
99.5432
99.3345
96.3902
99.8454
96.5787
96.541
99.4346
99.693
99.4109
96.3358
97.6599
96.4549
97.7537
96.4008
99.948
96.3845
99.7648
99.0718
97.5966
99.899
96.4059
96.5223
96.532
96.4441
97.544
99.8301
99.8216
96.4225
99.8218
99.8711
96.6835
96.5385
96.5491
96.5314
96.5091
99.843
96.4373
96.5753
97.7404
99.8432
99.841
96.3852
96.5836
96.4565
98.7656
99.9032
98.6401
99.4611
96.3735
96.5058
99.9263
96.5218
96.4079
99.8675
97.5676
97.7381
96.8951
99.8813
96.5427
99.8493
99.8068
97.7157
98.6516
96.5779
99.9807
96.4128
96.5068
99.7891
99.7789
99.816
99.8091
96.5185
99.2546
99.8883
99.8879
99.5151
96.4851
96.7279
99.7962
99.827
97.6842
99.8761
96.3747
96.5122
96.633
99.8517
99.9511
99.6941
99.9944
97.6306
96.4293
99.8073
99.821
99.7016
99.7523
99.852
99.8865
99.9582
96.7839
99.8561
96.423
99.9025
96.5725
96.4569
96.5362
99.9701
96.6493
96.7176
99.884
96.5126
99.8998
97.6134
99.9317
99.8179
96.5005
96.4912
96.4637
97.6672
98.2686
96.5248
97.7
97.57
96.3415
99.844
98.8579
98.9554
99.8339
97.7169
96.6126
96.7021
99.8775
96.4642
99.8258
99.9622
99.9645
97.599
99.9674
99.8616
97.6752
99.9014
96.4581
99.851
99.7694
99.804
99.8422
99.7324
96.6738
97.5589
96.639
99.8435
99.947
96.3979
98.5648
96.4448
99.8615
96.4007
96.5156
99.8652
96.4104
99.9143
96.7647
99.8459
96.7412
99.8182
96.7764
97.604
96.5711
99.84
99.7977
97.7524
99.8176
99.9011
99.8604
97.7002
99.8553
96.4314
96.7968
99.8275
97.5787
99.7399
99.8394
99.8472
99.78
99.9519
99.3457
99.8312
97.5045
97.5629
99.86
96.3755
99.8145
97.6617
98.7965
97.7073
97.2099
96.5028
96.5163
99.8863
99.8495
96.4363
96.4758
96.6452
96.4394
97.5552
96.3828
99.869
97.5282
96.7325
96.5388
96.4811
99.9093
99.8023
99.9391
96.4979
99.847
97.8015
96.4924
99.881
96.6085
96.5162
96.4045
99.4897
96.6011
99.8322
96.5421
99.8
96.5093
99.8981
99.6689
99.8501
96.7704
99.1075
99.8464
99.1023
96.3261
96.7664
99.9145
99.9387
99.6283
99.9534
96.6615
96.4317
99.8406
99.7955
96.4307
97.6367
96.4876
99.86
96.8533
97.609
96.3654
97.388
96.7218
96.5297
99.8972
96.4625
99.7798
97.807
97.6659
97.6037
97.7766
96.5072
96.5474
98.8898
99.837
96.5567
96.4939
96.5666
96.4566
96.4649
98.8645
98.5635
96.4602
99.8106
99.6967
96.5332
96.5667
96.6126
96.6038
97.6686
96.5173
99.9716
99.8101
96.3783
97.6037
99.8549
99.9123
99.4319
99.8871
99.8777
99.8436
99.8265
97.6827
96.4477
98.1045
99.8252
99.7909
96.5459
97.6389
99.8536
99.4992
99.495
99.8472
96.446
99.6167
96.6059
96.6042
99.8664
97.5413
99.9833
96.5612
96.4008
96.5116
99.8638
99.4364
99.9004
96.5271
99.8508
97.565
99.7714
99.6315
96.5929
97.535
96.4458
99.9443
96.5169
99.8496
99.9982
96.5242
96.3933
96.6081
99.8675
97.8125
96.4738
96.4953
96.9013
99.6126
99.5301
97.6665
96.8298
97.2509
99.874
99.833
96.5356
99.8519
99.8627
96.5082
96.3849
96.4343
99.8214
96.3958
97.7038
99.78
99.7267
96.5367
96.4789
99.92
99.8513
96.5344
96.6775
96.578
99.8753
96.5485
96.4217
96.1667
96.4426
99.8804
99.8505
99.4333
99.8901
99.8306
96.5241
99.9358
96.6487
99.854
96.4767
99.8319
99.851
97.5876
96.5248
96.4842
99.839
99.4967
96.5055
96.586
96.3845
96.6264
98.5601
96.5674
99.9525
96.6293
96.5515
99.872
96.6117
97.6096
99.9135
99.8136
99.9315
99.9023
99.8367
97.781
97.7038
99.6435
96.4325
97.6251
99.8534
97.7038
97.5871
97.7087
99.8471
96.6242
97.6526
99.079
99.9189
99.8807
98.7071
99.805
97.4615
96.4604
99.9087
99.9169
97.4485
96.7081
99.7508
99.5198
96.4918
97.5637
99.8705
97.7468
96.497
99.173
96.4585
96.4677
97.7117
98.5191
99.8901
99.9513
99.8721
97.5514
99.4492
99.8749
96.5883
97.6819
98.6597
99.9164
96.6904
99.7781
99.7339
99.9558
99.9118
97.7025
99.9937
99.8718
99.8543
96.6526
96.5935
96.5043
98.9426
97.6376
96.5256
99.6139
99.9231
96.6778
99.8353
97.6067
97.1752
97.7096
97.5883
99.8918
99.8688
96.5705
96.3997
96.5434
99.8704
96.5422
99.9465
96.3913
96.4865
99.9598
96.2893
96.4394
96.5399
96.5797
96.4427
96.3915
97.5153
96.7206
99.8274
97.6116
96.4283
99.8109
99.8745
96.5435
99.9523
99.8841
99.5909
96.5141
99.8005
96.4299
99.7005
96.455
96.5141
96.4096
96.4623
99.8178
96.4525
99.9226
99.8305
96.5076
99.7606
96.5605
99.8857
99.8093
99.5012
99.8444
96.5167
99.8109
96.6148
97.7102
96.5269
97.267
99.667
96.5185
96.5107
96.7882
99.5589
96.5289
99.9609
97.672
96.4599
99.6198
96.4505
99.841
99.9364
99.733
96.5315
96.4564
99.0884
96.2223
99.8772
97.7072
96.3594
96.4977
99.8771
98.2428
99.9746
96.5106
99.9216
96.4691
96.4063
96.7469
97.515
96.5403
96.5715
96.4519
99.7096
99.8706
96.5359
97.6963
99.8871
96.7187
99.869
99.8821
99.8731
99.7474
99.7929
96.6482
99.8075
98.3183
99.8402
96.4361
96.4676
99.7743
97.4934
99.7816
99.8986
96.6657
96.5847
99.8264
99.9354
96.4392
96.3332
96.46
99.7873
96.4501
96.3943
97.6358
99.8662
99.9389
98.7642
96.5284
99.8219
96.7357
99.9363
96.6032
99.9579
96.7365
97.6054
96.5635
96.6847
99.8893
96.437
99.8657
99.8409
96.4531
97.6684
99.5344
99.8624
99.8908
96.4839
97.7116
96.3607
97.5045
99.8741
99.8177
96.1449
97.6556
96.5644
99.9333
99.9002
97.5565
99.8751
99.8638
99.5735
99.9447
96.4976
99.8814
97.5306
96.5182
97.1428
96.3749
99.8292
97.4225
99.8441
99.8508
97.709
96.629
96.533
96.606
99.8965
96.3724
99.95
99.8608
99.8814
97.2274
96.6009
99.9586
96.4504
96.9309
97.5931
97.1092
99.9013
99.9108
96.5522
96.5733
96.4486
99.747
97.6
97.4377
97.6341
99.8731
99.8411
99.7589
96.3462
97.7005
96.495
99.8562
97.5189
97.6607
96.4758
96.7019
99.6689
96.4294
99.7736
99.8575
99.8584
97.6501
96.4501
99.8726
97.6776
96.8142
96.6549
99.8478
99.7905
96.5488
99.817
96.5867
99.0217
99.9365
97.7298
98.5052
96.6249
96.4742
96.5752
96.5039
99.8051
96.5907
97.6982
99.8422
96.5642
97.667
99.7794
96.5766
99.8707
96.6725
96.5337
97.5491
99.9408
96.7614
96.5043
97.5119
96.5219
98.7575
99.6312
99.8286
96.377
96.5403
96.4867
96.2301
96.4588
97.6912
99.8064
96.5979
96.4478
99.8847
99.8024
96.5483
97.7536
96.7819
99.7441
96.4856
96.4864
96.5423
99.7823
97.5888
99.7234
99.8886
97.5626
96.5109
99.9271
99.9178
96.5412
99.7594
99.9909
99.714
99.8813
96.593
99.8882
96.9256
98.7739
96.494
99.8572
99.9173
99.856
99.8604
96.4417
99.7514
99.7379
99.8274
99.7994
97.6249
96.3719
99.9693
99.8959
99.7444
96.5583
97.4205
99.8742
99.4729
96.4831
99.941
96.4782
96.4658
96.3835
99.8956
97.7555
99.8773
96.4342
97.6424
99.891
99.8516
96.5765
96.5772
96.5683
99.8969
97.6133
99.95
96.4632
97.739
96.4952
97.7043
96.4167
97.6545
96.3586
99.8165
98.8991
96.3941
96.6234
99.7791
96.4815
97.5011
99.9113
97.5448
96.5968
99.802
97.6717
99.8288
99.4859
97.1203
96.4813
99.8657
96.6861
96.5923
96.6365
96.4725
99.8567
96.58
99.7165
99.8263
97.5328
96.5219
97.6661
96.4166
99.8979
99.7816
99.8627
96.5361
96.5856
97.5231
97.2182
97.0373
99.751
96.5053
96.465
99.8086
96.543
96.4874
99.7782
96.4412
97.9132
99.9478
96.5718
99.8664
96.717
96.6636
96.4896
99.8656
99.9746
96.5795
99.8077
99.8582
96.6978
99.8036
96.5519
96.5071
99.4288
99.8639
97.7318
96.3997
99.8817
96.5638
97.6504
96.5268
98.629
96.6204
99.855
99.837
96.3058
96.4694
99.8617
97.7147
99.525
96.4325
97.0905
96.6722
99.821
96.4791
97.6125
96.5854
99.8692
97.7915
97.6461
96.2505
99.9228
99.7041
99.8668
97.5225
99.8018
96.7774
98.7124
99.1464
99.8627
99.8833
99.8513
96.316
96.5051
96.4426
99.943
99.9652
99.902
99.6075
99.8437
99.8219
97.6314
96.5977
96.7845
99.9031
99.8114
96.5162
96.6145
97.8251
99.8446
96.5617
97.5696
96.4645
96.5267
96.6555
99.7181
96.7117
96.5006
99.8669
97.7141
96.4504
99.9619
99.8865
99.8559
96.4566
96.5452
99.8549
99.8592
97.4478
96.4452
99.8643
96.3617
99.8498
99.8738
99.6148
96.4714
96.65
96.6045
98.6779
96.6096
97.7453
96.5275
99.7485
99.9004
99.9624
96.8075
96.1408
99.6053
99.7659
99.8603
97.5823
99.5126
99.8547
96.5288
97.4435
99.9331
96.3879
97.7957
96.3875
99.8088
99.8516
97.5707
99.852
99.9573
97.6516
99.8453
97.6858
96.5271
96.5472
98.1594
99.8534
99.8784
96.4445
98.6779
97.6662
99.9872
97.6805
97.6545
96.3402
96.4388
99.8776
99.8437
98.9907
96.5953
99.8798
99.7669
96.4205
97.2091
96.534
99.8397
98.6598
99.7756
96.4302
99.8591
96.4238
99.831
97.5523
96.4483
99.7748
99.9016
99.8126
96.4847
97.5758
99.8633
96.4794
97.6043
99.8957
99.5177
99.7762
99.8273
96.4723
96.4199
99.8947
96.7106
99.5295
97.596
96.9129
96.4367
99.9413
96.4372
99.8567
99.7308
96.5071
99.8485
96.5338
96.6127
97.6458
99.8998
99.7167
99.8371
96.5661
99.9098
96.5006
96.4572
97.5719
97.5859
99.9148
99.8625
98.8982
99.788
97.6975
97.3949
99.88
96.4706
96.7823
97.5326
99.7966
99.8617
99.8128
96.4577
97.7389
97.7407
96.5357
99.8565
96.8407
99.8789
99.8042
99.9108
99.8658
96.7985
96.437
97.6571
96.4006
99.8284
96.4106
96.5435
96.4948
99.9095
96.4597
99.8049
96.3927
96.618
96.3742
99.7412
99.7825
97.4615
96.6475
96.2775
97.7167
99.8618
99.8621
99.9499
97.4553
99.8897
97.5762
99.8761
99.4515
99.4586
99.9512
96.5253
99.8052
96.5148
96.3537
97.6777
96.5394
99.7525
96.4292
97.6889
97.6384
96.5984
96.5054
99.8529
99.8303
96.3938
96.7829
99.9109
96.4654
99.6789
96.5422
96.6651
96.5664
99.7604
99.8524
96.635
96.4126
96.4998
99.8956
99.8788
96.393
99.9473
97.6887
96.482
99.7511
99.9252
96.5525
97.6459
99.8587
97.7104
99.8132
96.5887
99.8308
96.5566
99.9329
99.8643
99.1767
99.8589
97.2902
99.8534
99.8744
96.4556
99.8994
96.462
97.5072
99.8868
99.8356
97.6611
97.5373
99.8573
99.8318
96.5492
96.588
97.7348
97.7391
99.0796
96.4848
99.9248
96.523
96.4213
96.443
99.8511
96.4803
99.3439
99.9746
99.9243
97.6562
97.7862
99.8974
97.6691
96.4576
96.4546
99.7871
97.7518
99.8783
99.4405
96.6168
99.8343
96.7714
99.8614
99.8604
99.8634
99.9655
99.9112
99.7661
97.7008
99.502
97.3935
99.9109
99.9443
98.6398
99.6138
99.8401
96.3738
96.4811
96.4182
96.2028
96.6691
99.8196
98.7397
99.9094
97.7237
99.8366
98.7855
98.7252
96.5215
99.8416
97.6748
96.5559
96.7028
99.5868
97.7295
96.5001
96.5129
99.8526
99.7539
96.771
97.5791
96.8447
97.6633
96.3835
99.8065
96.8394
99.5399
99.651
98.7041
97.5598
96.553
96.5844
99.81
96.7356
96.4755
98.9913
99.8843
99.7354
96.4718
96.4336
97.7433
98.9926
98.6524
99.7762
99.9791
96.5419
96.5347
97.5955
96.6735
96.4879
99.8713
99.7688
99.8043
97.5493
97.7638
96.5321
96.4766
96.9196
99.8892
99.8651
96.9401
99.3668
99.9
96.5552
96.5189
97.5336
97.6038
96.5931
96.438
99.5355
99.9841
99.8257
99.8688
99.8775
99.6861
96.5366
99.8861
96.8619
96.4764
97.3854
99.1201
99.825
96.6212
96.661
99.8776
96.5883
97.3662
99.8684
99.8261
96.485
99.8344
97.4625
99.887
99.6149
99.9016
96.5086
99.9785
96.2908
97.6345
99.8803
96.4575
99.7974
96.6038
99.9002
97.7251
98.6895
97.489
99.977
99.7653
99.8052
96.3122
96.4283
99.8478
97.7966
96.5383
99.8457
96.3841
99.7945
99.7994
97.7865
97.5804
96.5013
99.8684
96.5734
96.4766
96.5165
96.5841
99.8451
99.9513
99.8771
99.4648
96.4958
96.4915
99.8289
96.5161
99.9037
96.4084
99.9242
99.6336
96.4825
99.8945
97.5612
97.6035
99.8254
99.5635
99.9335
96.645
96.5729
96.447
96.502
99.8129
96.5275
99.7941
99.8325
99.7844
99.8583
96.5093
97.6118
97.6078
99.8233
99.8898
96.4756
99.816
96.5844
99.808
97.014
99.9353
99.2268
99.8441
99.8768
99.8117
96.8627
99.8604
99.8765
99.8496
99.5678
97.7657
99.8546
99.6321
99.8895
96.477
96.5329
96.6058
96.511
96.4806
96.7168
99.7917
96.7397
96.6558
99.8786
97.6233
96.6026
97.6958
99.9532
99.9312
96.6122
96.3799
96.4464
97.3875
99.9114
99.4874
96.4887
96.4359
99.9481
99.7973
96.401
96.5791
97.4426
99.8476
97.7419
99.838
96.5601
99.8209
96.449
99.9708
99.9378
96.6011
97.4529
96.4644
96.7173
96.8005
97.5812
99.9134
99.835
99.9194
96.5206
99.8583
96.7279
97.6787
96.6002
97.63
99.9359
97.6101
97.6651
99.8889
99.9708
96.4148
97.7724
97.5158
96.5808
96.6567
96.5463
99.8856
96.6451
97.5598
97.4967
99.1664
96.4077
99.8312
96.5917
97.4522
99.8215
96.6317
96.5041
99.5159
99.8521
99.7178
96.3674
99.845
96.4722
99.8776
99.8844
96.5191
96.4739
99.8169
96.4331
96.5589
96.3408
99.841
97.6603
99.877
97.3148
96.4454
99.9579
99.8929
97.5949
96.5667
99.865
99.8294
99.7238
96.5397
99.9279
97.6904
96.4094
98.7919
98.8181
96.4822
96.3937
96.5046
96.5937
99.8779
99.9538
99.7999
96.5324
97.686
99.8803
99.8499
99.8372
96.6523
97.5809
99.8781
96.6724
96.4843
96.5244
96.7284
99.8465
99.6229
97.6625
97.4493
99.8192
96.675
99.8321
97.5778
99.8729
99.874
96.5022
97.428
99.8845
99.8246
97.6111
99.9658
96.4614
99.9299
96.5741
96.4913
96.3853
97.5786
99.8795
97.5426
97.7046
99.43
97.5851
96.4719
99.8426
96.5796
97.6815
99.8353
99.8554
96.4758
98.6519
96.4547
96.5914
96.6531
96.4938
96.6255
97.7165
99.8139
96.4188
99.6814
97.6709
97.7577
96.5788
99.8467
96.5151
99.878
99.8223
99.8455
99.8978
96.4155
99.9044
99.8893
99.918
96.92
99.8692
97.5944
99.696
96.489
97.4282
96.4744
99.8152
99.8345
96.383
99.9526
96.4865
96.4547
99.951
99.8989
97.7037
99.8778
96.515
97.8088
99.8689
99.8326
96.6218
96.4831
99.5299
99.7497
96.5528
99.887
96.0761
96.4304
99.8775
96.538
96.7125
98.7591
99.9305
96.6662
99.8825
99.7271
96.4228
98.6408
99.8534
97.4796
96.4085
98.3222
99.8904
96.4602
97.6527
99.8431
99.8344
97.5936
99.9187
96.8318
97.7695
99.7697
96.5374
99.6224
99.8676
96.5402
99.8286
99.8593
99.7593
99.8724
99.8109
96.4791
98.2179
96.5145
99.9685
99.8569
96.4496
99.7963
96.6495
97.58
99.8663
96.7638
99.9274
99.8747
99.8759
97.6416
99.8509
97.578
97.3608
97.6324
96.5836
99.7855
97.5835
99.8754
99.7247
99.9338
99.7441
99.677
97.7676
99.92
99.8861
96.5798
99.8077
96.5378
99.8067
99.8731
96.6242
96.4473
97.5185
99.9719
97.6793
96.3919
96.7101
96.4426
96.4855
97.7558
99.9851
97.414
96.5385
96.487
96.524
96.5672
99.8237
99.9159
96.4422
99.9198
96.4846
99.7643
97.6295
98.6665
96.3968
96.6615
99.8825
96.6772
98.9383
96.5137
99.8211
99.9575
96.6038
99.8895
96.6538
98.7664
97.8071
96.5275
96.5829
97.4664
99.9254
99.6583
99.9715
99.9118
99.7179
99.8405
99.8768
96.6668
99.7283
99.8565
97.5912
96.4539
96.8103
96.4546
99.779
99.8728
96.3478
98.8444
99.8034
96.5062
99.3971
97.7103
99.8592
96.4471
96.624
99.8453
99.8551
97.5187
99.4151
98.5975
96.5453
96.6865
99.9009
99.8925
98.7303
99.7682
97.6631
96.4554
99.9524
99.8459
97.5401
97.6465
96.6105
96.3636
99.8768
96.4907
99.9639
96.4889
96.4805
96.3808
96.4799
96.9134
99.8205
97.6449
97.6354
96.5537
97.7562
99.8625
99.81
99.9167
96.5193
96.4186
99.82
97.5479
96.3602
96.5215
96.5433
97.6477
99.9511
96.5068
99.8776
96.4439
96.8146
96.4789
99.8424
99.8422
98.5657
97.6156
97.4903
99.967
97.8266
96.5906
97.4596
97.202
96.2895
99.8424
99.8429
99.7978
96.4573
96.4022
96.4081
99.8184
99.8039
99.8813
96.434
99.7406
99.787
96.4812
99.4516
99.9396
96.4639
96.4785
97.697
99.8102
99.9503
96.4907
99.8556
99.88
99.6374
99.8356
96.4875
96.3516
96.4549
97.6323
96.5877
96.5488
96.5496
96.5456
97.6512
99.9192
99.9302
99.8177
99.8689
99.7649
99.8374
99.9505
99.7272
96.632
99.8699
99.9075
99.9725
96.3893
97.7151
96.5394
99.854
99.4542
99.9608
99.0483
99.8429
96.7473
99.9102
96.7923
96.5122
96.5027
99.9045
99.8036
96.484
96.512
96.4252
98.8698
99.8731
96.6399
96.5695
98.9847
99.8531
99.0118
99.956
99.8518
96.3527
96.4719
99.8848
99.8438
99.8475
99.8406
99.6398
96.5102
99.5056
99.9614
99.8306
97.4882
99.7785
99.004
96.4141
97.2938
97.4717
96.5702
99.987
96.4802
97.3772
96.5043
99.9895
97.6548
96.4213
96.6845
99.9828
99.8427
96.5129
97.2654
99.9069
97.6382
99.8668
99.8941
96.4898
96.3783
96.4957
99.8883
99.9714
97.709
99.894
96.4807
97.0047
99.7567
99.8351
99.8727
99.7796
96.5581
99.8272
99.9066
96.2932
99.8483
96.434
99.8574
96.5237
99.9438
99.7824
99.7937
99.836
96.6823
99.8183
99.9436
96.5413
96.5511
99.829
96.5482
96.6576
96.4877
96.5129
96.8496
98.8739
99.8872
97.6334
99.839
97.6169
97.4628
99.8294
99.7935
97.4979
97.2846
96.4204
96.5622
99.5821
96.5745
96.5069
96.5065
97.5961
97.3987
97.7005
99.9154
98.646
96.5578
96.8804
99.868
99.9115
96.8672
99.8568
96.4925
96.6396
98.9176
96.5269
99.7881
99.8588
99.8748
97.3032
99.8854
96.7265
98.743
96.7544
99.8421
99.7788
99.8462
96.5112
99.8823
99.7324
99.788
99.8762
97.5217
97.4659
96.4596
99.8328
96.4349
96.445
99.7668
96.4594
99.7478
99.8994
96.5933
96.4922
96.4818
96.6835
96.4539
99.9729
99.9563
99.8448
99.8053
96.4385
99.8798
96.5403
96.7912
97.5605
99.8204
99.9139
99.9608
96.6647
99.7962
99.9946
99.1097
99.8468
96.4512
99.8548
99.8804
96.4995
98.5345
98.6864
99.0401
96.5794
99.9419
99.6262
96.4384
96.5038
97.9265
99.963
96.8765
99.8505
97.5407
96.4135
99.8296
99.8097
98.7549
96.6427
99.9935
96.6805
96.4592
96.5454
96.5292
96.6323
99.8119
99.9064
96.5663
97.7268
99.8868
96.425
99.8097
99.6457
96.5299
99.7924
96.6717
96.5037
99.9203
98.5535
99.9293
99.8785
98.8095
96.7691
96.3667
96.5402
98.4197
99.874
97.8047
99.5764
99.9098
96.6682
99.8465
96.4223
99.8956
99.939
99.5092
99.8742
99.8228
96.3243
97.6357
99.8885
96.4844
96.376
96.3811
96.6251
96.5567
97.6409
96.7667
96.544
97.7387
99.7107
99.8404
99.7939
99.592
99.8852
99.4255
96.6762
96.514
96.4027
97.7217
99.8745
96.5297
99.8736
97.7276
96.4524
97.7889
99.9578
96.5309
96.4346
99.7833
97.7102
99.8725
99.9491
99.8914
99.8003
99.844
96.395
96.4331
96.5413
99.6153
99.8786
99.8173
98.2482
99.8823
97.5833
99.7637
99.4047
99.6771
98.7303
99.586
99.8885
99.9529
99.8918
99.6845
99.8608
99.9162
99.9154
97.7656
97.5814
99.7428
96.5705
99.8088
96.6301
99.8916
98.9132
97.5826
96.508
99.7969
97.4881
99.8776
99.8394
99.8492
99.8455
96.4116
99.847
99.9561
99.8837
96.4311
97.5824
97.667
96.3272
98.5639
99.8814
99.8708
97.6821
96.6419
96.4262
99.6315
96.5071
99.4991
99.9138
96.4073
99.9094
96.4637
99.8325
97.7184
96.4921
97.7829
99.8684
96.4283
96.5976
96.827
99.8153
99.8113
96.5139
96.4742
99.4772
96.7497
98.979
96.514
96.5514
96.6556
97.2078
99.7631
99.7717
96.7444
99.8535
97.6487
99.7288
99.8807
99.8581
97.5272
99.8676
99.9009
96.4339
99.9666
96.5983
96.5028
96.4093
99.958
99.3711
96.6308
99.8204
99.8605
96.4782
96.4649
96.9154
96.4316
97.5227
99.9076
99.877
96.4082
98.9071
96.4103
97.5706
96.6414
96.4613
96.4911
96.4611
99.8517
97.7793
96.4513
96.5195
98.7131
96.5486
99.9472
97.6253
99.8037
96.5989
97.4822
96.377
99.961
99.8302
98.7006
97.7964
96.5069
96.6738
99.9446
96.5785
96.4186
99.598
97.5276
96.6153
99.5156
96.4558
99.8621
97.6455
99.9666
99.9174
96.4314
97.815
98.5904
99.0115
96.6739
99.7876
99.8719
96.6825
96.4541
96.4951
99.8828
99.8726
99.9007
96.4509
99.9242
99.8705
96.407
99.8655
99.8635
96.5568
96.5344
96.5205
99.8625
96.6679
99.8644
99.8879
99.0438
99.8
97.7054
99.9341
97.5941
99.8675
97.6853
99.8374
99.7944
98.5687
99.8927
99.4434
96.5677
96.6459
99.8465
99.6782
99.6285
96.5212
97.7129
97.655
99.9237
99.8338
98.6212
97.5231
97.8011
96.96
96.565
96.518
99.8707
99.7853
96.4444
97.557
99.8809
96.496
99.9304
96.4186
99.8505
99.9155
97.4609
99.8752
99.9143
96.466
98.0455
99.6387
99.8631
96.4611
96.3845
99.8328
99.9471
99.84
96.5302
96.5319
98.3298
96.477
99.4177
96.4938
96.6799
99.8699
97.7135
99.957
99.9638
97.7042
99.8653
99.7579
96.544
97.6561
96.9063
99.836
97.7688
96.4354
97.7515
99.8794
97.6388
96.5871
96.2983
96.6069
98.5929
96.5682
97.5842
99.892
99.9157
96.5868
99.8928
97.0511
96.4457
97.7735
96.505
99.8281
97.6143
96.4793
96.5189
96.5187
98.8021
96.4305
99.8369
99.4821
99.8922
99.9235
96.5341
99.8875
96.4731
99.898
99.8348
96.5643
96.3789
97.349
99.9143
99.8718
96.5561
99.6939
96.6915
99.8573
99.8786
99.9109
97.6191
99.8457
96.7011
96.5872
99.9221
99.7991
99.8388
96.7336
96.7457
99.7838
96.4886
96.6311
99.4748
99.7787
96.4693
99.9169
96.4356
99.8467
99.8779
98.7377
96.5489
99.8581
96.2327
97.6075
96.413
99.8487
96.3203
96.7991
99.8146
97.6263
97.6609
98.6529
99.8747
99.8189
99.7252
99.9398
97.143
96.6038
96.7367
99.8746
96.5412
97.5978
97.6031
96.5692
96.6325
99.9157
96.5222
99.8115
99.8101
96.4328
99.6914
99.9717
97.4741
97.7184
96.3533
99.8475
99.8545
99.8675
99.7116
97.6311
97.7283
96.4835
97.716
99.8881
97.2445
96.5785
99.9332
99.8663
96.6815
99.7943
99.8302
99.9406
99.7905
98.944
96.5811
99.9505
99.7079
96.3945
96.4931
96.4675
96.5063
99.805
99.8462
96.5628
97.8019
99.8519
97.5798
99.8816
98.9104
96.4568
96.5312
99.8129
96.5929
97.6151
96.4122
99.8369
99.8855
96.6884
96.4588
96.6701
96.4348
96.4263
99.8513
98.8662
96.8038
97.5192
96.5823
97.5999
99.857
96.4408
97.7131
96.5243
99.8606
97.5667
99.0011
96.7783
99.8296
97.5041
99.7474
99.8668
97.5702
97.4761
96.5505
96.608
96.4381
96.8572
98.9435
99.8413
97.4819
99.8398
98.668
96.5032
96.4913
97.46
96.8277
96.6637
97.5857
99.7805
96.5212
96.5078
96.5517
97.5441
99.8618
99.9369
98.6102
96.3772
98.5775
99.9083
96.6321
99.6208
99.4902
97.6194
96.5849
96.5177
97.2898
97.369
96.3809
96.5225
99.8091
96.5832
99.8956
99.7899
99.846
99.8643
97.5393
99.7589
99.9017
99.5693
97.6802
96.4873
97.7614
96.5652
97.6385
97.4449
99.8546
96.4835
99.6399
98.8498
99.4619
96.5851
98.6633
98.7198
97.5999
96.6324
99.8571
99.8626
99.8307
96.5021
99.8711
96.4566
99.8604
99.1222
97.5062
99.8696
99.8464
96.5059
99.759
96.7515
99.8457
96.5892
96.9414
99.8732
96.5359
97.5703
96.5181
99.8941
96.6679
96.7247
97.623
99.8951
99.9604
96.6334
96.4397
99.8954
99.9
99.7543
99.8432
97.7001
96.5627
99.436
99.904
99.8192
99.8168
99.8415
99.8556
99.5613
99.8073
97.5547
96.3722
98.6737
99.6406
96.5416
97.6706
96.5448
96.7961
96.5527
99.885
96.4304
96.6582
97.6474
96.5298
99.907
97.8225
96.8578
99.9956
99.9639
96.5751
99.832
99.9359
99.8871
99.89
99.8505
97.6132
99.8491
99.8133
99.814
97.6453
96.5428
96.6938
96.4265
97.6934
99.6233
96.7694
96.4251
99.9223
99.7439
96.5975
99.8471
99.8256
99.88
99.9225
96.5316
99.7832
99.9134
99.8771
99.8907
99.0146
96.5246
99.847
99.9775
99.5398
97.7718
99.5544
97.6431
96.4305
99.773
99.6561
99.8827
99.8598
96.4444
99.8258
99.9382
99.8373
99.8424
98.7344
99.6024
97.0211
96.7652
96.784
99.8274
99.9126
97.3792
96.5348
96.5466
99.9226
99.8293
97.7841
96.5001
97.4956
99.1553
96.8941
96.5633
96.4175
99.864
99.9041
96.458
97.3815
96.4174
99.8911
96.3869
96.3384
99.8353
99.956
99.9876
96.528
99.8867
99.8933
99.8508
99.9513
96.6666
99.8419
97.6511
96.6525
97.6321
99.5245
99.9347
97.7326
96.4865
99.9346
97.5908
99.8779
96.4772
96.548
99.8968
98.6947
96.4228
97.5106
99.9334
98.6616
96.4518
96.4642
99.8783
99.8466
99.7304
96.5038
99.8973
96.4918
99.7968
96.5162
99.8695
96.5107
97.6055
96.6392
99.5825
96.5028
96.4834
96.6091
97.4608
96.432
96.5107
99.8461
96.3041
99.6454
97.639
99.7489
97.6333
96.4636
99.916
96.4597
99.8994
96.3809
99.0077
99.5367
96.5202
96.5585
99.87
96.4898
99.8864
99.9065
99.8489
99.9081
96.5525
99.6446
96.4581
96.5855
99.5994
99.9373
96.3551
96.4891
96.316
96.6995
96.6402
99.8443
97.8002
97.5218
97.7479
99.8502
96.602
96.5158
97.6352
96.4046
96.5726
97.4814
99.865
97.651
96.5487
98.6572
99.8313
97.622
96.3647
96.5362
97.5443
99.7416
97.6112
99.888
99.8168
99.8505
97.4409
99.4941
96.7393
97.7786
96.6721
99.8268
96.4758
96.5063
96.3994
97.6608
99.8806
96.5102
97.7367
96.5717
99.8157
99.8155
96.5899
99.8661
99.2656
96.4553
99.8502
99.8558
97.6806
96.4913
97.6094
97.7001
99.8876
99.8773
97.612
96.4579
96.6106
99.988
96.8009
99.7783
99.8454
99.9081
97.5157
96.5149
96.5534
99.8264
97.6941
97.4844
97.6402
99.7366
96.4296
96.5735
96.5667
96.5873
96.514
96.4228
96.4384
96.463
99.8457
96.491
99.9369
99.8331
98.2331
98.563
99.8648
99.834
99.695
97.7297
99.8836
96.492
96.7724
96.4845
99.962
99.7302
96.5434
96.4763
96.5619
99.8228
96.4703
99.8485
99.7148
99.7634
99.9258
97.7163
96.3157
96.4552
96.4845
96.6779
97.5558
97.5444
96.6121
97.7157
96.4362
96.5776
96.4276
99.8008
97.51
99.5296
99.4484
96.5127
99.8774
99.9208
96.6195
96.5219
99.9449
99.8022
96.7127
99.8391
99.6243
96.5023
99.9482
96.6168
97.6144
99.6947
97.5382
99.5665
99.6942
96.482
96.8141
97.4624
99.5269
96.5355
99.8123
97.745
99.7938
96.4986
96.5054
96.4735
99.4758
96.525
97.6135
99.9406
96.9236
97.5131
96.3375
96.5206
99.9777
96.5778
99.8568
99.8025
99.8997
96.6025
97.5126
99.9232
99.8965
96.4634
99.661
97.7154
96.9897
99.8874
99.8935
99.8518
96.4331
97.5805
96.6137
96.5306
99.9831
97.6117
96.6038
99.6769
97.5722
99.8628
97.6797
99.7929
99.8978
96.5715
99.9153
96.4315
97.646
99.8428
99.8472
96.5268
96.4212
99.7464
99.8918
99.8865
96.5275
99.8988
96.5185
96.3519
96.4428
96.3881
99.423
96.3834
99.061
99.9055
96.4496
96.6991
96.4552
96.4933
96.4191
96.4846
97.6415
99.7151
97.5478
96.4668
96.4959
99.5571
97.6172
96.3346
99.7903
99.503
96.5131
99.8401
99.8436
96.5348
99.8951
99.8065
97.5929
99.818
96.4787
99.9185
99.5068
97.6212
99.868
96.3997
96.5231
99.8917
96.7694
96.7699
99.5576
96.6555
96.3676
96.5489
99.8359
97.607
99.8826
97.5067
99.9031
96.5089
99.6285
99.641
96.5591
99.9441
99.9054
96.4672
99.912
99.604
99.815
97.5364
96.7649
99.6712
96.4623
96.7911
97.7283
96.5087
99.9053
97.6041
99.8323
96.4062
99.8387
99.8925
96.5868
99.8097
97.6572
97.5277
96.6428
99.7526
97.6345
96.6473
99.8889
96.485
97.2429
99.1401
96.7232
96.9203
99.7154
99.902
99.8426
98.524
96.3683
96.494
96.4605
96.6212
96.4968
99.904
96.3598
96.5066
99.9121
99.9459
99.6622
99.8817
96.4568
99.7968
96.3903
96.4658
97.8079
96.5478
96.5262
99.8354
97.5805
96.3546
97.4911
99.8563
99.7781
99.9183
96.6157
99.8866
96.477
96.5982
99.8466
99.6974
96.4552
99.8027
99.6882
96.628
99.8412
99.5581
99.8509
99.5335
96.6496
96.4695
96.5208
99.8867
99.785
99.8961
99.7537
99.8861
97.6853
99.87
99.8501
99.8513
99.8815
99.3593
97.4948
99.8651
99.8578
99.8414
99.8314
97.7875
99.8247
96.4662
96.5534
96.4297
96.6868
99.827
96.4507
96.5187
99.8476
96.5298
99.9104
96.4024
99.8746
99.8216
98.5779
99.8702
99.861
97.4124
99.8622
96.538
99.7221
99.9323
96.3852
96.5636
99.5023
97.5793
96.8169
99.9314
96.5797
96.4623
96.4611
99.8834
96.4586
99.8533
99.51
97.6446
96.6052
96.8537
99.5863
97.6161
99.9016
99.9449
99.8218
96.5395
96.4469
96.3828
97.6859
99.9345
99.8022
99.8442
96.494
96.5425
97.5806
96.5496
99.7558
98.6854
99.9024
96.51
99.584
99.824
97.413
96.5728
99.9058
99.5014
96.5273
99.8624
99.8415
96.3939
96.4807
98.9105
99.8811
99.7515
96.5036
96.498
96.6625
96.6294
97.7851
97.85
96.5312
99.8924
97.5121
96.5417
99.7937
96.2747
96.5518
99.7578
96.398
96.4593
97.69
99.8693
99.4825
96.6039
96.3604
96.634
99.8588
99.5783
98.9847
99.9164
96.5342
99.9258
96.6086
99.9528
96.6072
96.4977
96.4046
97.363
96.4651
97.5465
99.8636
99.8149
96.8459
96.6261
99.5231
99.8223
99.8575
99.8268
96.6075
96.593
99.8692
99.897
99.868
96.4141
99.8642
97.5484
96.5787
99.9048
99.871
96.6777
99.4707
97.5398
97.7636
96.5681
99.9649
97.2433
96.2681
99.8774
96.5774
96.6038
96.399
96.7653
99.8973
99.8624
99.3335
99.8468
99.7768
99.8235
97.5711
99.8052
97.6951
99.8581
99.8402
96.4693
99.8737
96.5572
99.7293
97.6134
97.5857
96.5602
99.9581
99.8887
96.4595
96.733
99.8345
96.8691
99.5028
96.6352
99.9163
99.8663
99.8407
98.4529
97.571
97.5574
99.9012
96.4023
99.5633
96.5095
99.8384
96.4129
97.7361
99.8664
99.8054
96.705
99.8978
99.9085
98.8531
99.8186
96.5281
97.6227
96.5167
97.4288
96.7468
99.7963
96.3976
99.8637
96.4967
97.6933
96.5127
99.8697
99.4958
96.6525
97.5313
96.7348
96.6544
99.8215
99.9447
99.962
96.47
96.6299
99.8432
96.4756
97.6015
99.824
96.4992
99.7206
99.8863
99.942
96.4472
99.001
97.6208
96.5907
97.583
99.8683
99.9041
99.8855
96.6688
96.4442
99.9314
99.9354
99.8936
99.8556
97.3348
99.8026
97.8195
96.4884
96.6488
99.6215
97.5941
96.7757
99.7329
99.9102
99.9429
97.4852
96.4974
99.7986
99.8867
96.3897
96.4001
97.6964
99.4196
97.6458
99.7927
99.9066
99.7779
96.8526
99.839
99.804
99.9441
96.8702
96.2749
99.7928
99.4759
99.8462
99.8484
96.5341
96.6978
99.8058
97.5484
99.8622
99.8134
96.3903
99.8953
96.5363
99.6481
99.8097
97.7405
97.6336
99.8154
97.5045
96.5283
99.9882
97.5492
99.8545
96.5012
99.7857
99.8879
99.8657
96.6499
98.7621
96.385
96.6989
96.7035
96.4523
99.86
96.4726
96.5665
99.8522
99.8236
99.8773
96.3612
99.858
96.5216
99.9306
99.9281
99.8693
96.4634
96.4363
99.629
99.8925
99.8385
99.8707
96.6665
96.5497
99.8428
99.5583
97.5877
99.9049
96.5098
97.6522
99.9622
96.473
99.4013
99.8054
99.4236
99.8731
99.5684
97.3815
99.5828
99.8318
99.8261
99.8321
99.9496
99.837
99.851
97.7463
99.8377
99.8867
99.8897
96.4742
96.6909
98.6353
99.9654
99.8797
96.4946
99.8491
99.8616
96.5083
97.6959
96.5465
99.8407
99.8694
97.5779
96.6062
96.5181
99.8253
99.9651
97.6396
96.491
99.6137
96.3996
97.6959
97.555
99.8812
99.8477
96.624
99.8229
99.9465
96.5091
97.2095
99.8905
99.8771
97.4178
99.7827
97.758
97.6632
99.7305
99.8521
96.5063
96.5537
99.8517
96.4471
97.6485
96.6641
96.4424
96.6614
97.7092
96.4532
98.4186
96.5388
96.3771
99.944
99.5238
99.8504
99.8243
98.6461
96.4578
99.8798
99.8642
99.8411
97.5981
97.5975
96.9286
96.4266
96.4837
96.5789
97.6092
96.5392
97.6315
96.5399
96.9845
97.779
99.8637
99.879
96.4857
99.7227
99.9216
99.909
97.5236
97.6045
96.3585
96.4254
99.897
97.5976
96.5177
96.4231
96.3831
99.8656
96.3968
96.4487
97.193
99.7737
96.5692
98.698
99.7685
99.796
96.4154
96.5413
99.8719
99.0864
97.589
99.8665
99.9817
99.8743
99.7757
97.6624
99.7763
97.4616
96.4315
96.6313
97.7659
99.851
96.5785
99.8856
96.3625
99.8395
99.8337
99.5374
99.8452
96.5559
96.3759
99.8818
99.8536
99.8642
99.8732
96.5459
96.453
97.6168
97.6867
97.5261
96.5354
96.7277
99.8092
99.8668
96.4384
99.9422
99.4732
97.542
99.9171
96.4247
99.6717
97.6577
97.6284
96.7492
96.3789
96.4784
96.9957
99.4397
96.6193
96.4279
99.8808
97.6765
96.8433
99.8808
96.4449
99.8184
96.7927
96.3643
96.7899
99.8
97.5045
99.9314
96.5011
97.5586
99.8643
96.5315
96.7428
96.5768
99.9094
99.9088
99.8522
96.5682
96.6123
96.6104
96.981
99.8602
96.5451
96.4434
99.0658
96.554
98.4855
96.445
99.6044
99.8843
96.6533
99.6431
96.6024
96.8888
96.4397
99.8057
96.5258
99.7812
99.8886
96.5907
99.7885
97.6806
97.148
96.5395
97.6417
99.7823
99.8565
99.9454
96.4955
96.5981
99.9464
96.4305
97.7694
99.812
96.372
99.9097
99.8094
96.524
99.845
96.4508
98.4094
99.8912
97.7116
97.5428
99.3324
99.9003
99.5665
98.9507
96.8753
96.4693
99.8716
97.7345
96.5875
99.8754
97.4954
96.4691
96.4951
99.2891
96.4873
99.9306
99.9198
99.918
98.7167
99.1659
99.5969
99.7155
96.6988
99.8681
96.5873
99.6558
96.3888
99.7859
99.9495
99.9286
96.4546
99.8067
97.706
99.8695
99.889
99.8397
96.5123
99.8948
97.7055
99.8112
96.5041
96.5776
99.759
96.616
97.7245
99.8319
96.5227
96.4294
99.5873
97.5692
99.8283
96.7149
96.6569
99.7966
99.8832
99.8461
99.9032
96.5415
96.4221
99.408
99.8282
99.8571
96.5684
99.9537
99.7881
96.4489
96.5889
97.6162
96.5212
97.5626
96.2041
99.762
97.6532
97.5795
96.4676
99.848
99.4781
97.5825
97.6736
96.5083
99.5997
99.8897
96.4858
99.7708
96.3602
97.6352
96.5511
96.8313
97.7202
99.4922
99.8191
99.8856
99.8124
96.8499
99.4786
97.6274
98.7708
99.7246
96.5372
96.3699
96.6035
99.8471
99.8286
99.8557
99.6784
99.6223
99.8867
99.8496
99.8744
99.9869
96.4
99.7965
99.9514
99.483
99.8937
96.4672
96.6436
98.5447
98.9612
96.3638
99.8728
97.4896
96.5667
96.4108
97.6723
96.9653
96.5905
99.5824
96.4464
99.8609
97.7213
97.448
96.3996
96.5192
97.6723
99.8872
99.7799
96.6975
96.4975
96.4381
99.9063
99.5819
97.6132
97.5976
99.0926
96.5675
97.7263
99.5827
96.519
96.6733
96.4844
99.8519
99.83
96.6264
96.5138
96.4136
96.7683
97.2206
96.4302
96.6395
98.6182
97.6969
99.8607
96.5405
97.7963
96.3918
96.5718
99.8218
98.6835
99.0392
98.6674
96.6422
96.6664
97.5971
99.8544
99.9435
97.7374
96.7473
96.457
96.463
96.6864
97.6746
99.8736
99.872
96.5994
99.4921
99.7819
97.6085
96.3912
96.7944
96.5992
96.4107
99.9139
96.5712
96.8097
97.5888
99.7409
96.5104
96.332
98.8924
99.8022
99.8587
97.7161
96.4954
99.9251
96.5253
99.9454
96.3643
97.768
96.5387
97.6598
96.4321
99.8672
96.5324
99.8529
99.7912
96.417
99.8817
97.2803
96.371
99.8476
96.5222
96.5532
99.8119
96.3363
99.8839
97.6224
96.4998
99.9193
99.8047
96.5127
96.4451
97.7057
96.535
96.4747
97.7678
96.4469
99.8902
99.8286
99.474
99.888
96.5161
99.9303
97.3003
99.9108
96.5363
99.4957
96.6513
97.4494
99.8795
96.4356
99.6232
97.5984
99.7504
99.8352
97.6005
96.699
99.5713
97.6025
99.9072
99.7579
96.4079
96.4612
96.5024
97.5623
96.4157
99.8322
99.8191
99.9849
96.5294
99.8888
96.4708
99.858
96.6552
97.5655
99.7918
97.7141
99.5426
99.9456
99.792
96.9917
96.4225
99.926
98.6805
99.5672
97.6311
99.898
99.8207
97.5979
98.6498
96.5614
96.19
97.5836
99.8625
96.7646
99.8757
99.8437
97.4842
99.8424
97.3778
99.9368
99.6899
96.5425
99.8415
99.8827
99.878
99.2018
98.6433
99.8732
99.8693
97.7809
96.7524
99.8353
96.4177
98.6548
96.4359
96.3809
99.8798
99.8864
99.5752
96.5319
99.8136
97.7297
96.5194
99.1252
97.6095
99.8103
96.5177
96.7203
99.8667
99.9519
99.4333
99.829
96.5148
97.6617
97.5135
99.8934
97.5043
99.7927
99.89
99.8037
97.7512
96.8541
96.3543
96.5849
96.384
99.9361
96.843
99.773
99.8462
97.5733
97.5787
96.4588
99.8268
97.6799
96.4781
96.4258
98.9887
97.5371
99.7214
99.8283
96.6167
96.3861
99.4373
99.7699
96.45
96.537
97.738
96.4504
96.8479
99.9024
96.4246
99.8011
96.3844
97.5818
99.7106
97.047
99.8202
97.5579
96.4612
99.8358
96.4806
96.6361
99.8739
96.4871
99.9445
97.6159
96.6147
96.8786
99.87
99.8458
96.4243
96.4422
99.9
99.7291
99.8351
99.8598
99.7953
99.9442
97.6662
99.7981
99.6315
96.4526
96.6714
99.8769
96.5774
99.6471
96.4398
99.8134
96.5595
99.8524
96.3719
99.9454
97.6907
99.8577
99.062
99.8263
96.5053
97.644
99.7786
96.7232
96.5692
96.4315
97.6698
99.8932
99.845
99.6619
99.8385
99.8875
96.7028
97.7171
96.5761
96.4651
96.6554
96.4719
99.8175
97.8109
96.5723
96.5414
96.6601
96.3721
99.786
99.9298
97.7116
96.4687
96.3815
96.4011
99.6342
96.6951
99.8392
97.6807
99.9155
96.5525
96.4594
99.9103
99.8063
96.4471
96.3728
99.7967
96.4649
99.8427
97.6537
96.5396
96.6326
99.8939
96.5321
96.491
99.8096
99.8783
96.4556
96.6003
96.3954
96.5505
99.8417
99.8756
99.8601
96.579
96.6661
97.6537
96.5072
99.9164
96.5303
99.5031
96.3855
97.8545
99.8341
96.5183
96.7374
96.5043
96.5101
96.5539
96.5761
99.7619
96.3929
99.656
99.8402
99.6713
96.74
99.8925
99.8649
99.6526
96.4896
99.5825
96.3545
96.5242
97.4107
96.3959
96.5762
99.8422
99.9398
99.9126
99.8707
99.8759
97.4325
96.4865
99.9698
99.9567
96.5582
99.8802
97.676
96.4896
97.5681
96.5349
96.5564
99.5708
99.7771
99.9656
99.8558
98.8347
99.9472
96.3725
99.8854
99.8447
97.8583
99.9122
96.802
99.7442
96.5463
97.5075
96.4579
99.7088
99.8941
97.6339
96.4496
96.554
96.5772
96.3385
99.8389
98.8873
97.6185
96.6476
96.4664
99.0981
96.6529
96.7182
98.3082
99.8061
96.4295
99.8963
99.9089
99.7139
96.5405
96.5397
96.4808
99.9178
99.7529
97.6619
96.6311
97.5008
96.4796
96.5204
99.8462
96.6775
99.9412
99.8396
99.6051
96.8191
97.5946
96.5414
98.4917
96.4326
97.6008
99.8416
99.6733
99.4756
99.9189
99.7322
99.8391
96.6202
99.8692
99.8235
99.8892
99.9484
99.9219
97.5869
96.5086
96.4357
99.829
96.4731
99.8744
99.8955
96.694
96.5185
97.6627
96.4394
96.5341
96.4967
96.4293
96.5855
99.8425
97.7779
99.8801
99.8806
99.8921
99.8156
99.8419
99.8365
99.8715
99.8875
99.6372
96.5614
96.6085
96.2437
99.8801
96.5148
96.6262
99.8749
96.8409
99.841
96.4535
97.5041
96.4933
96.9682
99.9133
96.4311
96.5368
99.6093
98.547
98.9431
96.7339
99.8491
99.6994
99.4095
96.5075
96.5146
96.4746
97.4194
96.3857
99.8456
99.8802
99.8518
99.9408
99.0965
99.7616
96.6272
97.4729
96.48
96.5381
96.5487
96.5893
99.8875
97.5194
99.7536
96.3053
96.4982
99.4499
96.6633
98.1392
96.4076
96.5309
96.4445
99.8259
97.7078
97.5441
99.543
99.8953
96.4242
96.3506
99.8798
96.5226
97.7494
99.8408
96.5134
97.7864
99.3811
99.9041
97.6388
98.6062
96.6123
96.4845
99.7715
99.8285
99.8016
99.8914
99.8869
99.8578
99.9461
97.6292
97.3972
99.8167
99.9657
97.5738
99.9205
96.5332
96.4796
96.4404
99.4898
99.7091
96.4838
96.6722
99.5847
99.8403
97.655
99.9509
99.767
96.6273
99.9049
99.8617
99.8883
99.9061
96.5219
96.488
96.4504
96.5024
96.4882
97.593
96.4159
96.3969
96.4696
99.8469
99.8779
99.8633
96.3335
96.5426
99.1204
97.608
99.8531
96.4015
96.3664
96.4117
99.8883
96.5147
96.2759
99.8488
99.6983
97.5071
96.5806
99.8737
97.7563
97.6084
96.599
96.4672
96.2692
99.7916
96.7004
99.9608
99.8505
99.8785
98.6827
99.9624
99.8872
96.4512
99.8257
96.3973
99.8672
99.8312
97.5704
99.7307
97.5724
96.5468
96.8416
99.5585
96.5273
96.6281
96.4405
99.9058
99.7315
99.8398
99.5528
99.8568
96.5945
99.9427
99.91
96.8765
96.5858
99.9225
99.8486
96.5331
96.4338
96.4186
99.7648
96.8676
99.8287
98.6922
99.9301
97.6347
99.8812
99.8768
98.6727
97.6064
99.9509
99.5529
99.8254
97.518
99.8214
99.9145
96.3543
96.6297
99.8918
96.5121
97.7191
99.8379
97.682
96.5249
99.7871
96.432
96.4253
96.5069
96.4892
97.7332
99.788
99.8143
96.982
99.4883
96.4562
96.5859
99.873
99.8461
99.8954
96.4482
99.9018
96.7623
99.9028
96.4878
99.9542
97.6795
99.8151
97.6874
96.6244
99.5783
96.4802
99.8966
99.8343
99.7927
96.5876
96.4548
96.2728
96.3627
96.5508
99.832
96.4045
99.8087
99.8524
99.8251
97.7471
97.7078
96.4511
99.7828
99.8713
97.7907
96.4889
97.1459
99.8625
96.5036
99.9857
97.5841
96.3902
99.791
99.4208
96.5017
96.5206
96.5475
97.5407
99.903
99.9438
97.8181
99.8522
99.8958
97.6742
96.4229
96.5415
99.8148
96.2059
99.8894
99.6289
99.9092
96.4705
99.9437
99.8789
99.5682
96.4053
97.0597
96.5299
99.8379
96.4922
99.9527
96.4719
97.5513
96.4856
99.9481
96.4272
96.6304
98.7404
96.5152
99.8362
99.9698
97.6458
96.4923
97.8274
97.6636
97.5288
98.8271
96.4941
99.837
97.7093
99.7042
99.5611
96.3645
99.5047
99.773
96.6367
99.7734
99.92
96.4108
96.5219
96.5595
99.8722
97.6939
96.4554
96.5441
99.9093
99.8164
97.5964
97.5465
99.742
99.8584
99.6331
96.4185
96.4541
99.6222
96.5492
99.8819
96.4247
96.5146
96.4532
98.696
99.8719
99.9461
99.5797
99.9069
99.6262
99.9063
96.5283
96.4194
96.734
96.6905
99.7656
97.5005
99.9632
99.7429
96.4015
96.5455
97.1353
96.675
96.5374
96.3797
99.8239
99.7256
99.7933
99.8986
96.4867
96.573
96.4649
97.572
96.5073
97.62
96.4743
99.5967
96.3813
99.7691
99.7842
99.89
96.5778
99.817
96.4032
97.6612
96.4025
96.7479
96.309
99.5782
98.6883
99.8726
99.6962
99.8507
99.6037
97.5945
97.7035
96.2801
96.7239
97.5589
97.5967
99.8587
99.8513
96.441
99.8286
96.4322
97.6725
99.8332
97.4586
97.811
99.9322
96.4012
97.6259
99.4964
96.446
97.5573
96.4101
99.7942
99.9582
99.8387
97.5407
97.7053
99.6841
99.8566
96.8429
99.909
96.6516
96.4372
96.4874
99.8386
99.9082
97.6625
96.3712
97.6472
96.4156
97.4864
96.8669
96.4775
96.5492
96.5275
96.3915
96.5195
96.5574
98.9178
99.6424
96.5449
99.8381
96.3555
96.4931
99.5089
97.6099
97.6831
99.833
96.6405
99.8739
99.9826
99.8977
96.5563
96.7754
99.9068
99.8868
97.7191
96.4148
96.5263
99.8365
96.5438
96.5154
96.7916
97.5418
96.4249
97.5941
96.3469
96.475
96.4962
96.6265
96.3688
99.8728
99.9123
99.8198
99.8606
99.9175
96.6942
99.8391
97.7559
98.2877
97.7404
96.5003
96.5532
99.9035
97.6403
99.4827
96.4944
99.6233
96.9545
99.6018
96.3932
97.7643
99.9277
96.8146
97.3724
96.4907
97.0224
99.8107
96.5081
99.82
99.8927
96.5387
97.4988
96.5922
96.4201
96.543
96.5909
96.6449
96.5092
99.8403
99.8722
97.7217
99.9188
98.9249
99.4876
99.829
99.8446
97.5684
99.8308
96.4762
99.8931
99.8842
99.9062
99.8509
97.7617
96.5456
99.8161
97.7062
99.968
96.4799
98.6839
96.6041
97.5887
99.7344
99.8685
96.4335
99.8559
99.823
97.5774
99.7224
96.5099
99.8766
99.7818
99.9561
96.408
97.559
99.9084
99.8722
97.2248
96.3501
99.8134
96.5241
96.2991
96.5379
97.4368
98.6472
96.5559
99.734
97.6246
99.7159
96.622
97.6691
97.7127
99.9592
99.8694
97.5938
99.7721
96.4167
99.6099
97.6563
96.5129
99.7813
99.8913
96.5349
96.5109
96.5426
96.494
99.8075
99.8815
99.137
96.5598
96.71
97.5098
96.558
96.4376
97.4019
96.4569
96.4907
99.8524
97.6802
99.8895
99.8774
96.5979
99.6949
96.4723
99.8472
99.8865
97.6778
99.8791
97.1427
97.6544
96.4854
96.5214
96.4738
96.2391
99.645
99.7879
99.5182
96.5549
99.8854
96.4798
99.7017
99.7589
96.4491
99.8164
96.3631
96.4701
99.8076
97.6384
99.8278
99.9088
96.5567
96.6669
96.5088
99.9644
99.8375
96.5018
96.4782
96.5821
96.6413
99.8631
96.6374
99.843
96.4443
99.9066
96.4054
96.4489
96.5357
99.8384
99.5239
99.8743
96.429
96.4801
97.5648
96.5504
96.5239
99.9488
99.88
97.7071
99.9882
96.4961
99.1388
96.5344
96.5996
96.5461
97.4777
96.5214
96.5018
99.8164
97.568
97.6687
96.7474
99.869
97.743
96.4086
96.5353
97.2359
98.6852
99.889
99.75
99.8529
97.5458
99.9409
96.5002
99.9146
99.8473
99.827
96.4582
96.4106
96.809
96.5892
96.7765
99.9013
99.8587
99.8838
97.6901
99.9208
96.4425
96.541
99.8591
97.7691
97.6665
99.8909
99.6966
99.9712
97.6395
98.9169
97.1567
96.3608
96.6269
99.8458
99.7999
99.8191
97.4515
96.6073
96.4538
96.575
97.4829
99.8812
96.3986
99.6972
97.6141
96.5198
96.9492
99.7457
99.8718
96.5382
97.6006
99.965
96.4743
96.7239
99.125
99.8853
96.5508
99.8668
96.486
97.7265
96.7382
99.6112
99.9035
99.8702
96.5663
99.8827
96.4468
96.6027
97.5848
96.4137
99.5949
99.3993
99.8823
96.5188
96.4744
99.5318
96.3598
99.6382
97.646
96.5323
96.5283
99.9556
96.508
99.8941
99.9197
97.649
99.8905
96.4219
99.8106
99.9206
99.8619
96.4342
96.4904
96.4427
99.8673
99.8944
99.9134
99.8728
96.4882
96.6577
99.7943
97.186
97.5808
98.6977
96.4301
99.8484
99.8633
96.4687
97.624
99.8619
99.0318
97.6037
97.7145
96.5513
99.8219
97.5866
98.2451
96.4461
96.6522
97.5275
97.3785
99.9418
99.8314
96.4034
99.5319
96.4204
99.5685
99.9146
99.8792
97.5697
96.4288
99.9473
99.9067
96.4265
99.7474
97.6613
96.4266
99.4869
96.4815
99.9413
97.6606
97.5345
99.8176
96.4331
96.4964
99.7942
97.6459
96.6321
99.8619
96.5349
97.5238
99.8821
96.5994
96.5911
99.9282
99.6852
97.8082
97.4005
96.3705
99.9256
99.7798
99.7997
99.9018
99.8986
96.4264
99.8505
96.5569
99.9542
96.4185
97.7063
96.5651
97.4689
97.7402
97.1997
99.9238
96.4547
96.4663
99.9015
99.9127
99.8472
99.8288
99.9751
96.253
98.5693
96.5203
97.6768
96.4726
96.5435
99.8434
96.5385
99.8982
99.8444
99.8513
99.9588
99.8908
96.5536
96.4814
97.4918
99.7777
97.6245
98.6789
99.8538
96.4609
96.6117
96.5039
99.902
96.259
99.8716
96.5099
99.9271
99.845
97.6636
96.6486
99.9422
98.5563
99.6494
99.9457
96.3644
99.7768
97.6437
96.5192
99.9302
99.7751
96.3536
96.5187
99.9591
97.5675
96.5036
99.8067
96.4585
97.7093
99.884
99.7895
96.4817
96.4497
99.9183
99.8558
97.5389
97.6764
99.9932
97.7641
97.6662
99.8086
96.4203
99.8387
99.8201
98.8887
99.9593
99.8585
96.518
99.8557
99.8513
99.8811
99.4281
99.8629
96.5501
99.817
96.7652
96.5384
99.7543
96.5722
96.5648
99.866
96.6465
98.698
99.6312
97.4344
96.7165
99.8531
99.8466
96.5574
96.6873
96.48
96.4628
96.6007
99.8462
97.4989
96.5064
96.4841
96.4449
96.633
99.0732
99.8956
99.5289
99.5285
99.8348
96.724
96.5287
99.9543
96.5593
97.5887
99.89
96.7243
96.5995
97.516
99.8929
99.5704
99.8857
97.8424
99.8281
99.8007
97.3101
99.9503
99.9173
97.7582
96.4272
96.5205
99.9
97.6914
99.703
96.6051
97.6067
96.5293
99.4246
99.9783
99.8864
97.4223
98.1074
96.3852
96.5004
96.3655
97.52
99.9275
99.857
96.5882
97.6329
97.5801
99.9283
96.4115
99.6718
96.3808
96.3783
99.7419
96.4858
99.7852
96.6013
99.7395
99.5892
99.901
96.3874
96.6579
96.6594
99.9226
99.9082
96.5237
99.7529
97.2953
96.4796
96.4975
97.4902
97.6562
99.8695
96.4112
97.6618
99.8151
99.898
96.4747
99.9176
99.9375
96.3932
99.6371
99.9603
97.6748
99.3097
96.4509
96.4616
99.7711
98.6761
96.6489
99.8189
98.7816
99.8845
99.7832
97.5146
96.7092
96.5377
96.8127
99.7973
99.8764
96.6053
99.9314
96.4962
99.8441
96.426
96.5448
99.7586
99.6216
96.9901
99.7906
96.6539
96.481
96.624
97.4377
99.8296
99.832
97.5924
99.6137
99.8809
99.8273
96.4151
99.9736
96.4645
99.5423
97.8193
97.4815
97.5965
97.6957
96.4974
97.2711
99.7339
96.4127
99.8875
96.6125
96.5287
99.8411
99.8251
99.8335
99.9526
96.5174
96.4806
96.5772
99.4413
99.8879
99.8238
99.7644
96.4184
96.4779
99.7697
97.5555
97.6314
97.6074
99.9221
96.6176
99.8872
99.8696
97.0163
96.4553
96.6515
99.7054
99.5144
99.6156
96.5555
99.6627
99.9651
99.8944
96.419
99.92
99.8884
99.9358
96.6001
96.4645
96.4839
96.5087
96.5152
98.2853
96.5005
97.6415
96.618
99.8767
97.7093
98.8348
97.7244
96.5066
96.7667
97.6693
96.4342
99.9489
99.9341
97.5739
99.9344
96.4751
96.2844
97.519
99.8719
99.8686
97.6709
99.6136
96.4681
96.479
99.9091
96.5114
96.7419
96.4533
99.7993
96.4803
96.5368
96.6224
96.5278
97.6853
96.5095
99.7018
97.1431
96.4563
99.6347
96.6385
99.9051
96.4786
96.466
96.5924
96.4547
96.4241
96.3797
96.558
96.498
99.8757
99.9373
99.8814
99.8741
96.4394
96.5253
99.7976
99.7497
96.4213
96.9821
98.6999
99.9866
96.7101
96.477
97.6325
99.4722
96.7543
96.5358
96.4568
99.7565
99.8648
99.7352
97.575
96.3211
99.9018
99.5339
98.6159
96.3713
99.8981
96.3975
99.6376
99.9315
96.609
99.8225
97.5873
96.4327
97.5106
96.483
97.7114
99.8555
96.5339
99.8342
96.7708
99.8998
96.4061
99.9315
97.6467
96.5309
99.9172
97.757
99.8729
96.6474
97.7328
99.8538
97.5666
99.7103
99.8701
99.9283
99.9355
96.4902
99.8884
99.488
96.4264
99.9064
99.7105
96.7245
96.8405
99.9078
98.9998
99.8275
96.3632
97.5927
99.8302
99.0601
97.6871
96.593
99.6959
96.5617
99.8222
97.657
97.5703
96.4733
97.5793
99.9785
96.4245
96.4701
96.5791
96.3787
99.204
99.8494
99.899
96.4178
96.3413
99.804
96.4764
99.9167
99.7816
96.423
96.5223
97.551
99.8388
96.7407
96.4987
96.4967
99.8641
99.9215
99.9071
96.3656
96.5007
96.6705
96.5223
96.6557
97.5904
99.9136
97.6453
96.6761
96.5503
99.8751
99.9248
99.8617
99.6506
97.7885
97.6968
99.8276
99.8479
96.4633
99.8842
99.8904
96.5469
96.5705
99.8037
96.4733
99.9612
99.8805
96.4919
97.2093
99.6549
99.851
97.6077
96.5088
99.8502
96.5721
99.8602
96.4455
97.6755
99.8465
96.4741
97.7023
96.9763
96.4733
99.8836
99.7963
99.8338
96.5553
99.859
99.8546
96.467
96.4604
99.4799
96.9018
98.5238
96.7105
99.8887
96.5393
99.908
99.7726
96.6131
98.4322
99.8335
96.4089
98.6334
99.8431
99.9613
97.7377
99.5923
96.5013
96.4896
96.3931
96.4322
99.7711
99.8629
96.6848
99.5742
99.7666
96.9945
99.9084
96.6028
96.4717
99.7777
96.5019
99.8542
96.4452
96.7079
96.5117
99.836
99.8458
96.7512
99.9219
96.6035
99.8714
96.5544
99.4963
96.4902
99.8556
98.1882
96.4928
99.9774
99.7935
96.4781
99.8731
99.8481
99.7699
99.9064
99.8022
96.4944
98.5598
96.5432
99.8836
99.8745
99.8057
97.7664
97.5682
98.2273
97.6057
96.516
97.5296
96.335
99.832
99.9277
99.7057
99.8927
96.4864
99.5559
99.4585
96.4527
97.1686
96.5383
99.938
96.7442
97.5293
99.8474
99.8465
96.4453
97.2184
98.6536
99.8527
99.829
96.4963
96.3516
96.4832
98.6372
99.6157
96.5239
99.4452
96.4531
99.857
96.5112
99.9078
96.6242
99.764
99.8851
99.8434
96.5598
96.365
96.4255
96.4544
99.7718
99.8269
97.6168
99.9164
99.916
99.8603
96.5801
99.9398
96.4575
99.8168
96.4744
96.5301
96.4374
99.7351
96.7131
99.8396
97.3449
98.7204
99.7255
96.4689
96.4411
99.8787
99.864
97.6196
99.7206
97.2439
99.8401
97.5996
96.8305
99.8212
99.8725
99.5568
96.4911
97.5411
99.8399
99.6402
99.8707
99.9644
96.5418
97.4305
96.6344
96.5097
96.6481
99.9852
96.4503
96.4746
99.8823
97.5281
97.6988
99.7142
97.6135
97.6165
98.6715
99.8466
97.6533
96.7301
99.8459
99.8394
97.0569
99.8586
99.9103
99.924
96.5694
99.0313
97.6382
97.5339
99.7985
99.9371
99.9224
99.4964
96.4454
96.4661
96.371
99.4873
99.7729
99.8231
96.2786
99.9135
99.1571
97.7022
99.8934
99.9243
96.4725
96.4515
97.6432
97.8255
96.5872
96.4782
96.6117
97.7348
97.5954
96.467
96.5341
99.8186
99.8694
99.8964
96.438
96.7422
99.9155
97.7451
99.8452
99.8743
99.8942
99.0759
99.8347
99.8172
96.5125
99.7978
99.874
97.4741
96.4708
96.4714
99.8726
96.4466
97.8464
96.4581
97.6103
96.5231
96.4887
96.4743
96.8097
98.5772
97.7038
99.8844
99.826
97.6438
99.5964
99.8555
96.457
96.6064
96.4527
96.5431
96.5278
97.5302
96.5947
96.5041
96.3731
96.3909
96.694
96.3684
96.2543
96.4787
96.4535
97.5496
99.8664
96.4665
99.9247
97.5336
99.8048
99.9668
96.5759
96.5155
97.5765
96.5225
99.9587
99.908
99.5177
99.8518
96.5175
96.4278
96.3456
97.7402
99.9472
99.8527
96.3531
96.5936
96.8262
97.5217
99.8627
99.8975
96.4588
98.4074
96.5398
99.8832
99.4419
99.8986
96.6392
99.4955
96.4735
99.5493
99.8218
98.3099
96.5641
99.8393
99.4559
99.8498
96.5397
96.5612
99.8592
99.9464
97.6734
99.9332
97.6448
99.8506
97.646
98.7787
96.3637
96.3621
96.5789
97.531
99.9424
96.3749
99.7957
99.8267
97.6987
99.8421
97.5807
96.5465
99.8017
96.4377
96.6859
99.9581
96.5628
99.9467
97.5144
99.8258
99.8698
96.34
96.5701
96.7507
99.8369
99.4274
99.7924
99.7932
97.6955
96.7696
96.2895
99.7673
96.5117
97.7761
96.4619
98.5723
96.4929
96.5308
96.5028
99.8606
98.7708
96.446
96.4701
99.8781
99.8389
97.5801
97.4385
99.8721
99.8993
96.5479
96.5509
97.7256
97.6771
99.7928
99.7739
99.902
96.363
96.5618
97.4971
97.7777
99.8148
99.86
96.5139
96.5409
97.674
96.5786
99.8192
99.8295
99.9114
99.9673
97.7897
98.7613
99.8455
99.6688
99.8715
97.4254
97.7068
99.4966
99.8078
99.8506
97.7385
96.5376
96.5574
99.806
99.9044
96.5191
96.6688
97.7077
99.803
99.8097
99.8335
96.6047
99.8741
99.5614
99.7291
96.5042
96.4475
96.6388
96.5489
96.5027
99.8675
96.5735
96.5518
99.9005
98.5311
96.4459
97.656
96.6158
99.8221
99.9395
99.864
99.833
99.8373
96.3938
99.8686
99.8406
99.9168
99.8577
97.7101
96.5811
98.7978
96.5424
97.4851
99.909
99.8948
99.8494
96.3988
96.6835
97.619
99.8577
96.6022
96.5677
99.8265
99.7576
99.7458
99.7918
97.2286
96.842
96.5191
96.5976
96.5149
96.4242
99.6883
99.8624
97.7265
99.878
99.8769
99.8604
99.6497
96.3627
99.5382
99.7337
97.6163
96.5594
96.4039
99.4266
99.8237
99.7926
99.9433
97.6335
99.8803
96.6817
97.5146
96.4787
96.4786
96.6275
99.9199
97.6564
99.0049
96.5499
99.5574
99.7826
97.7332
97.8675
96.4153
97.6637
97.6567
97.7655
96.3948
99.4098
99.6575
97.5387
96.5751
99.8853
99.9615
96.5624
99.7851
97.4814
99.5069
97.2087
99.9971
96.4537
97.7122
99.6927
97.5907
96.5006
99.8671
97.7593
98.8198
96.3109
99.8224
99.8033
97.7871
96.4062
98.4713
99.9445
96.4796
99.8426
99.8761
96.476
96.412
96.6583
97.7116
97.7751
99.8634
97.5583
97.5197
97.6658
99.8653
97.6722
97.7334
96.4884
99.8109
99.8714
99.8367
99.5641
99.8411
98.6863
96.5833
96.7232
96.5762
99.892
99.7888
98.7656
96.5575
96.6085
96.5051
96.8101
97.5836
99.8674
96.4912
97.4535
96.4022
96.4438
97.6766
97.5771
99.0246
99.7983
96.53
99.8376
99.8429
99.9291
96.4672
96.3778
97.8137
99.8513
99.8326
98.6936
99.8543
99.9608
99.949
99.943
97.6175
96.4946
99.9068
97.5833
96.4902
