99.902
99.9686
99.982
99.9401
99.9853
99.9538
99.951
99.9529
99.9893
99.941
99.9359
99.9804
99.9835
99.7458
99.9592
99.8202
99.6281
99.9452
99.977
99.9137
99.9918
99.9632
99.6391
99.9651
99.9598
99.9654
99.8386
99.7819
99.9195
99.9852
99.7119
99.9146
99.995
99.9684
99.9485
99.9664
99.8096
99.858
99.9814
99.9589
99.8912
99.7612
99.638
99.8151
99.9869
99.944
99.9482
99.9464
99.7827
99.9538
99.9166
99.9643
99.9983
99.9727
99.996
99.9693
99.9628
99.8205
99.9112
99.8635
99.7952
99.7186
99.9349
99.7053
99.9718
99.961
99.8935
99.9737
99.9733
99.9766
99.9179
99.9753
99.9618
99.9156
99.7308
99.9669
99.7974
99.9776
99.9467
99.9782
99.8669
99.9633
99.9476
99.7493
99.9632
99.8731
99.9429
99.9637
99.8566
99.8871
99.9679
99.8982
99.9278
99.871
99.9736
99.9517
99.9942
99.739
99.8946
99.8155
99.9105
99.9957
99.7372
99.9851
99.9275
99.8918
99.7719
99.74
99.7433
99.984
99.9276
99.9508
99.8019
99.9234
99.9646
99.9379
99.7445
99.8254
99.9287
99.8361
99.8948
99.9584
99.8502
99.7611
99.9438
99.996
99.8522
99.9244
99.9908
99.9949
99.9688
99.9664
99.7666
99.9847
99.9505
99.983
99.9688
99.9254
99.8758
99.6508
99.9235
99.9181
99.783
99.8022
99.9027
99.969
99.7912
99.7223
99.8865
99.9954
99.967
99.7568
99.9746
99.9135
99.9302
99.9692
99.9961
99.9604
99.8205
99.7765
99.991
99.9685
99.9774
99.925
99.8116
99.7665
99.9865
99.6469
99.7088
99.9738
99.96
99.9917
99.908
99.9254
99.8408
99.915
99.9244
99.9818
99.9407
99.8691
99.9433
99.8977
99.9065
99.7647
99.9473
99.6705
99.9828
99.9559
99.9538
99.8202
99.9606
99.9471
99.7473
99.74
99.9537
99.9949
99.96
99.787
99.9936
99.8012
99.8116
99.9281
99.7981
99.8333
99.9514
99.9856
99.8971
99.9203
99.9051
99.9815
99.9657
99.943
99.7554
99.8653
99.9686
99.9659
99.7194
99.9158
99.847
99.9707
99.8235
99.8587
99.9711
99.9685
99.8957
99.9641
99.766
99.9566
99.9888
99.7853
99.9743
99.9991
99.9485
99.988
99.8644
99.9116
99.9437
99.9301
99.9425
99.8384
99.9407
99.8595
99.7831
99.8065
99.7303
99.7701
99.8254
99.9796
99.958
99.9585
99.9077
99.9074
99.8969
99.9061
99.6485
99.7045
99.9437
99.959
99.8709
99.8729
99.9667
99.9343
99.9739
99.842
99.7135
99.9278
99.9853
99.9078
99.9405
99.9923
99.8282
99.9462
99.9897
99.9276
99.9561
99.7853
99.9444
99.9896
99.9234
99.8787
99.8091
99.822
99.8048
99.9239
99.9749
99.9612
99.776
99.9237
99.97
99.935
99.8924
99.9848
99.977
99.9132
99.9385
99.9236
99.984
99.941
99.8658
99.9538
99.7831
99.9583
99.8621
99.8415
99.887
99.8874
99.8942
99.945
99.9471
99.9663
99.7519
99.9718
99.9362
99.8366
99.76
99.8566
99.9319
99.8602
99.8989
99.9236
99.7666
99.9689
99.9859
99.8667
99.9217
99.96
99.9886
99.8544
99.9081
99.888
99.9217
99.976
99.9116
99.9625
99.9547
99.9775
99.9538
99.9883
99.9138
99.9485
99.8498
99.967
99.7682
99.9716
99.9288
99.9838
99.9268
99.9447
99.8569
99.8386
99.7322
99.92
99.9629
99.9924
99.9196
99.7986
99.9573
99.8863
99.9854
99.9931
99.9431
99.8703
99.8518
99.971
99.9592
99.8567
99.9556
99.9389
99.8353
99.9883
99.8381
99.6549
99.9291
99.9139
99.9273
99.7741
99.8466
99.9195
99.9485
99.8171
99.77
99.9663
99.9949
99.9143
99.967
99.9343
99.9439
99.7693
99.9473
99.8644
99.9835
99.9592
99.8221
99.8632
99.7362
99.9862
99.9894
99.8157
99.8761
99.7934
99.9928
99.9165
99.9958
99.8435
99.9624
99.7799
99.8293
99.9503
99.983
99.9823
99.823
99.8809
99.9562
99.925
99.9465
99.8448
99.9828
99.9362
99.9631
99.9883
99.9503
99.9586
99.7716
99.7916
99.7701
99.9353
99.9556
99.735
99.8398
99.9522
99.9394
99.9749
99.6156
99.9417
99.8715
99.9504
99.8869
99.982
99.8022
99.9692
99.7053
99.9619
99.9137
99.9242
99.7541
99.9914
99.9196
99.9015
99.6997
99.9667
99.9229
99.8802
99.9922
99.8919
99.9002
99.7386
99.9499
99.9029
99.8626
99.8106
99.9956
99.9553
99.973
99.9267
99.881
99.9949
99.942
99.9535
99.9926
99.9325
99.8822
99.9388
99.9464
99.9319
99.9782
99.9681
99.9756
99.9739
99.9557
99.9932
99.9388
99.9761
99.9628
99.9851
99.8195
99.8742
99.6707
99.6433
99.9565
99.867
99.9693
99.89
99.7947
99.9382
99.9493
99.9594
99.7186
99.9563
99.9322
99.9548
99.9588
99.9541
99.9936
99.9614
99.71
99.7896
99.9782
99.9006
99.9465
99.8712
99.9678
99.7993
99.9908
99.7786
99.9585
99.9689
99.8179
99.9327
99.9944
99.9333
99.9424
99.7774
99.8385
99.8953
99.991
99.9534
99.9642
99.9826
99.8612
99.8921
99.9922
99.9908
99.9632
99.5966
99.9892
99.9635
99.8823
99.9698
99.8678
99.6039
99.9533
99.9937
99.961
99.913
99.7675
99.6498
99.8481
99.9663
99.7119
99.8889
99.8392
99.9436
99.7624
99.9613
99.8706
99.8967
99.7288
99.9851
99.9266
99.7707
99.8686
99.9517
99.9939
99.8643
99.9139
99.92
99.7937
99.8479
99.7552
99.9749
99.8724
99.9754
99.9957
99.9776
99.9622
99.9431
99.8494
99.8343
99.7709
99.6569
99.9429
99.9685
99.7855
99.9471
99.754
99.8343
99.9807
99.9655
99.9931
99.9234
99.9731
99.953
99.8232
99.9765
99.8724
99.8702
99.822
99.9112
99.8849
99.8419
99.9982
99.9973
99.9579
99.9893
99.9862
99.9664
99.9173
99.8497
99.9652
99.9195
99.7177
99.9766
99.8015
99.7892
99.9923
99.8747
99.7266
99.9658
99.8019
99.934
99.8281
99.9299
99.8709
99.9692
99.9162
99.9298
99.9675
99.9174
99.9207
99.8649
99.9651
99.944
99.9365
99.8773
99.9324
99.9553
99.9299
99.8949
99.951
99.8224
99.9489
99.94
99.9509
99.97
99.9595
99.9651
99.9142
99.9727
99.8747
99.6154
99.9853
99.8784
99.9557
99.9337
99.7796
99.9592
99.9991
99.9133
99.9757
99.9337
99.8776
99.9258
99.6557
99.9228
99.759
99.8979
99.9637
99.908
99.8489
99.9517
99.9561
99.8237
99.8185
99.9584
99.9597
99.9695
99.7897
99.9325
99.9504
99.8199
99.9455
99.981
99.9514
99.9041
99.9833
99.9925
99.9862
99.8385
99.9598
99.9865
99.8423
99.9698
99.9669
99.9935
99.9179
99.8708
99.9701
99.9116
99.8953
99.8469
99.961
99.8162
99.9263
99.9209
99.6078
99.8849
99.9081
99.9578
99.9833
99.9959
99.858
99.8235
99.9254
99.9675
99.8067
99.9291
99.988
99.8398
99.9663
99.988
99.8846
99.9337
99.8118
99.9666
99.9337
99.8982
99.9852
99.789
99.7266
99.7509
99.8761
99.9411
99.8526
99.7201
99.8908
99.9373
99.9847
99.7354
99.7548
99.963
99.8755
99.622
99.955
99.9678
99.9503
99.9667
99.969
99.9883
99.74
99.9217
99.9541
99.9952
99.999
99.7687
99.9594
99.7992
99.9245
99.9307
99.9949
99.9351
99.9632
99.973
99.9951
99.9559
99.9762
99.9957
99.9944
99.9927
99.9325
99.9646
99.94
99.9727
99.8676
99.7665
99.8435
99.925
99.7489
99.9738
99.8191
99.8719
99.898
99.9586
99.981
99.718
99.9848
99.9723
99.8212
99.8967
99.7845
99.9944
99.8712
99.7788
99.794
99.7372
99.7888
99.9643
99.9537
99.8554
99.6922
99.9778
99.9741
99.7972
99.7544
99.9643
99.6514
99.9695
99.9337
99.8473
99.7578
99.9922
99.8709
99.9723
99.8624
99.873
99.9458
99.822
99.8809
99.7475
99.7774
99.9119
99.9666
99.9515
99.9733
99.7943
99.9722
99.9943
99.9471
99.9559
99.8428
99.8411
99.8126
99.876
99.9169
99.9563
99.9513
99.9394
99.7665
99.9595
99.9429
99.9513
99.9716
99.9503
99.7741
99.9341
99.9527
99.9527
99.999
99.9546
99.896
99.8719
99.9417
99.988
99.95
99.8435
99.7548
99.9331
99.7578
99.9513
99.7923
99.9667
99.8247
99.9105
99.976
99.965
99.7709
99.7982
99.879
99.9255
99.9515
99.9619
99.8885
99.9718
99.68
99.9667
99.9388
99.9908
99.9751
99.7255
99.7426
99.7944
99.8668
99.9956
99.9845
99.9294
99.9693
99.5964
99.9546
99.9247
99.9825
99.991
99.9599
99.9922
99.9603
99.8948
99.7769
99.9493
99.9769
99.7737
99.9858
99.9474
99.8946
99.8588
99.896
99.7981
99.7544
99.8191
99.8621
99.9664
99.9622
99.9953
99.6707
99.9725
99.9612
99.8655
99.996
99.8908
99.9207
99.9499
99.9955
99.9686
99.9936
99.9727
99.9719
99.8949
99.9504
99.9255
99.8688
99.973
99.9548
99.6549
99.6861
99.8982
99.9458
99.8333
99.9501
99.8731
99.7121
99.8859
99.9951
99.7407
99.8241
99.9592
99.9396
99.9774
99.9559
99.8713
99.8824
99.9623
99.9689
99.9723
99.8781
99.9213
99.7985
99.6393
99.9538
99.9274
99.8332
99.8167
99.9727
99.9589
99.9594
99.9164
99.961
99.7494
99.9737
99.9653
99.9744
99.9007
99.9663
99.7301
99.8034
99.9695
99.884
99.8176
99.9797
99.9393
99.9429
99.7985
99.9602
99.9684
99.9512
99.9616
99.9944
99.8852
99.9939
99.9029
99.9267
99.9691
99.7943
99.9928
99.9369
99.8006
99.9597
99.9233
99.5909
99.9978
99.7541
99.7483
99.7552
99.9079
99.8915
99.9624
99.9559
99.7884
99.9991
99.8679
99.6182
99.6433
99.8926
99.7785
99.962
99.8481
99.9269
99.8039
99.9527
99.7789
99.9597
99.9047
99.8498
99.7544
99.955
99.9853
99.925
99.9291
99.9696
99.7548
99.9687
99.8673
99.9322
99.9683
99.8455
99.982
99.7458
99.9314
99.884
99.8875
99.9574
99.9694
99.9795
99.9944
99.9575
99.9956
99.8811
99.9276
99.986
99.902
99.9489
99.7683
99.7647
99.986
99.9369
99.9992
99.9343
99.9945
99.727
99.9949
99.9465
99.9595
99.9969
99.8162
99.9542
99.7726
99.9133
99.8644
99.9405
99.9264
99.9627
99.8742
99.8763
99.9351
99.9803
99.9792
99.8925
99.9334
99.6175
99.8429
99.8096
99.7527
99.7407
99.9476
99.9618
99.9665
99.9652
99.9935
99.8649
99.944
99.9655
99.9667
99.8609
99.7005
99.9483
99.93
99.8921
99.9504
99.9388
99.7739
99.921
99.8809
99.9666
99.9402
99.9541
99.7934
99.9598
99.7281
99.757
99.7865
99.9904
99.9535
99.9578
99.9576
99.9504
99.9766
99.918
99.9719
99.9749
99.7131
99.98
99.842
99.9106
99.6803
99.9717
99.9376
99.9267
99.7853
99.9535
99.967
99.9638
99.9868
99.9564
99.9467
99.9545
99.8747
99.86
99.9515
99.96
99.9598
99.894
99.9151
99.9703
99.9529
99.816
99.7741
99.959
99.8437
99.9499
99.996
99.8148
99.9744
99.9801
99.8684
99.9781
99.9751
99.8728
99.7372
99.971
99.9173
99.7941
99.9559
99.9278
99.926
99.7396
99.9552
99.9618
99.9893
99.8003
99.7084
99.822
99.7131
99.9164
99.8789
99.9579
99.955
99.9697
99.684
99.9522
99.7757
99.8849
99.9345
99.9589
99.8979
99.9498
99.9579
99.918
99.9465
99.9731
99.9961
99.7299
99.7476
99.9594
99.7135
99.7354
99.8778
99.7982
99.7537
99.8072
99.7958
99.9145
99.9628
99.9958
99.9335
99.9974
99.9796
99.9214
99.9795
99.9337
99.8757
99.7933
99.9677
99.9515
99.9742
99.942
99.9314
99.8571
99.9235
99.9954
99.7683
99.8179
99.9807
99.9418
99.7862
99.875
99.771
99.9968
99.9236
99.8935
99.856
99.9058
99.9196
99.8395
99.9457
99.7121
99.9538
99.973
99.8664
99.8389
99.9929
99.9585
99.8713
99.7894
99.9631
99.9776
99.7341
99.8473
99.918
99.9896
99.9725
99.9791
99.8802
99.9972
99.9589
99.7943
99.938
99.9699
99.918
99.9294
99.7597
99.9084
99.9144
99.977
99.991
99.927
99.9013
99.7566
99.613
99.7489
99.9937
99.7002
99.9263
99.9346
99.76
99.977
99.9532
99.9313
99.7677
99.8622
99.9298
99.9369
99.9947
99.7572
99.9929
99.943
99.8023
99.8983
99.9665
99.9429
99.9861
99.9927
99.8968
99.9602
99.7665
99.9367
99.8731
99.8712
99.8675
99.9156
99.7935
99.9936
99.7836
99.9116
99.8247
99.8052
99.8408
99.7847
99.9545
99.8834
99.9684
99.9488
99.9982
99.9578
99.8673
99.7759
99.9957
99.888
99.9643
99.7888
99.8324
99.8547
99.8693
99.7719
99.9674
99.9599
99.9935
99.7458
99.9325
99.9918
99.9676
99.8247
99.8106
99.9509
99.8709
99.967
99.9955
99.8919
99.9883
99.9337
99.9588
99.905
99.9955
99.9504
99.9931
99.9738
99.9531
99.9904
99.7159
99.966
99.7647
99.8485
99.8571
99.8504
99.9699
99.9608
99.7641
99.961
99.9705
99.9716
99.9927
99.7301
99.8096
99.9165
99.7147
99.9112
99.9826
99.9769
99.8008
99.9169
99.7005
99.8585
99.9243
99.9051
99.9982
99.8275
99.7888
99.8925
99.762
99.9253
99.9686
99.7664
99.9202
99.9828
99.9254
99.881
99.9314
99.8011
99.7519
99.9343
99.951
99.7396
99.9927
99.9658
99.9258
99.9681
99.9437
99.9736
99.8469
99.9654
99.9164
99.7851
99.9067
99.9229
99.9377
99.8758
99.9695
99.8885
99.9497
99.7362
99.9956
99.7663
99.8776
99.9736
99.9835
99.9206
99.7893
99.9511
99.8448
99.9484
99.9395
99.9353
99.6557
99.8296
99.984
99.9929
99.9814
99.7288
99.8105
99.7195
99.7607
99.951
99.7186
99.9616
99.9244
99.9908
99.9375
99.7885
99.8637
99.588
99.9602
99.9081
99.969
99.6429
99.9165
99.9775
99.8859
99.8217
99.8753
99.7959
99.953
99.8715
99.9707
99.9513
99.9588
99.9782
99.9166
99.992
99.9511
99.8065
99.9508
99.9578
99.9827
99.8778
99.7765
99.9909
99.9217
99.9266
99.8963
99.8749
99.9931
99.7045
99.7341
99.9304
99.7221
99.9567
99.9727
99.8612
99.9785
99.9865
99.9936
99.9914
99.9639
99.9081
99.9369
99.934
99.9955
99.9549
99.9722
99.8202
99.8178
99.9598
99.9579
99.9896
99.9136
99.9473
99.767
99.9651
99.9303
99.8803
99.925
99.9958
99.9536
99.898
99.85
99.8638
99.9467
99.9524
99.8468
99.9619
99.9703
99.9796
99.7716
99.9653
99.9664
99.8078
99.8389
99.9526
99.613
99.7862
99.7958
99.8664
99.9766
99.9572
99.9133
99.8937
99.9612
99.9624
99.7942
99.9945
99.9503
99.9589
99.8602
99.9643
99.9051
99.9417
99.898
99.7901
99.5909
99.9047
99.9467
99.9327
99.9559
99.771
99.8685
99.7855
99.74
99.8343
99.5989
99.9716
99.988
99.7903
99.9447
99.9149
99.8663
99.9388
99.9611
99.9588
99.9576
99.9541
99.9183
99.9239
99.7675
99.908
99.9457
99.9689
99.8385
99.9957
99.888
99.9291
99.7637
99.8762
99.8612
99.7512
99.8609
99.9545
99.9744
99.9628
99.9742
99.8719
99.9365
99.8849
99.9728
99.9686
99.9653
99.7862
99.9474
99.9556
99.7677
99.9617
99.9079
99.9581
99.7974
99.9411
99.9219
99.662
99.9323
99.98
99.9249
99.9854
99.8178
99.8097
99.6469
99.9243
99.7578
99.888
99.9043
99.9485
99.8184
99.76
99.9123
99.9559
99.7923
99.9428
99.8461
99.9674
99.982
99.86
99.7494
99.9698
99.8617
99.9566
99.8405
99.8713
99.9572
99.9554
99.6547
99.7473
99.6469
99.9711
99.9851
99.8984
99.8097
99.9149
99.9504
99.9283
99.9343
99.8481
99.9524
99.9691
99.8889
99.7159
99.9405
99.9697
99.5767
99.9353
99.7045
99.9788
99.9187
99.9686
99.7798
99.7935
99.9471
99.9552
99.8405
99.9388
99.9175
99.7892
99.7933
99.9535
99.8327
99.8002
99.9653
99.7786
99.7697
99.9445
99.9929
99.9633
99.9229
99.9612
99.6095
99.8047
99.9976
99.9913
99.9546
99.9119
99.8019
99.7566
99.9956
99.8915
99.9136
99.8925
99.9283
99.8746
99.912
99.9407
99.9643
99.9698
99.9673
99.7077
99.9896
99.9544
99.8185
99.8332
99.8097
99.9947
99.8805
99.7558
99.8709
99.973
99.9951
99.9628
99.7962
99.9617
99.966
99.8706
99.7941
99.9653
99.8712
99.9927
99.9967
99.7716
99.8746
99.9892
99.744
99.9263
99.9272
99.7818
99.7281
99.888
99.8171
99.7445
99.89
99.9337
99.7426
99.8473
99.9173
99.9489
99.9714
99.7566
99.8343
99.7546
99.9812
99.9467
99.949
99.9538
99.9838
99.8015
99.7548
99.7177
99.8637
99.8811
99.9948
99.7794
99.9592
99.9641
99.9612
99.937
99.9731
99.871
99.9625
99.8199
99.9528
99.8328
99.9563
99.9956
99.8994
99.8293
99.9235
99.7548
99.8644
99.9962
99.9916
99.9799
99.7546
99.8961
99.934
99.9707
99.9616
99.9103
99.8796
99.9417
99.9973
99.9829
99.8343
99.9513
99.9266
99.9307
99.968
99.9695
99.9952
99.9803
99.9546
99.7863
99.9865
99.7301
99.936
99.8293
99.929
99.9722
99.9291
99.8216
99.8176
99.9086
99.7521
99.9822
99.8765
99.7682
99.9625
99.9337
99.9524
99.8105
99.7088
99.9957
99.9945
99.9677
99.9254
99.9464
99.9595
99.9343
99.7871
99.9672
99.7362
99.8112
99.9835
99.8126
99.9792
99.7468
99.8065
99.9121
99.9132
99.9144
99.8984
99.9804
99.7935
99.9193
99.9705
99.9655
99.9299
99.8783
99.7475
99.794
99.9961
99.8511
99.8982
99.9954
99.8818
99.8461
99.918
99.7675
99.6736
99.8247
99.9876
99.7827
99.9695
99.9853
99.8386
99.7158
99.9389
99.9644
99.7827
99.9983
99.6498
99.9695
99.9172
99.9163
99.9628
99.9629
99.7868
99.9004
99.9616
99.8145
99.9758
99.9029
99.9149
99.9913
99.9403
99.9756
99.7608
99.9548
99.692
99.9254
99.7545
99.8668
99.9697
99.8801
99.7666
99.8491
99.9415
99.9774
99.9958
99.8132
99.9616
99.9107
99.8975
99.987
99.8446
99.9267
99.9136
99.9114
99.8471
99.9389
99.9918
99.942
99.7959
99.9936
99.9139
99.9291
99.7338
99.9629
99.8497
99.9585
99.9555
99.9229
99.9904
99.9219
99.8705
99.7277
99.9385
99.9394
99.9906
99.96
99.9135
99.9796
99.9263
99.7679
99.7386
99.97
99.5825
99.9268
99.9681
99.9869
99.9555
99.9699
99.9371
99.97
99.7194
99.9606
99.9222
99.8561
99.8537
99.7925
99.745
99.9825
99.9206
99.9956
99.9278
99.9272
99.8392
99.9512
99.9319
99.9523
99.9
99.9855
99.9029
99.8062
99.9137
99.7982
99.9963
99.8811
99.915
99.9233
99.9675
99.8183
99.9227
99.8712
99.8719
99.874
99.9803
99.9745
99.787
99.8083
99.9114
99.8408
99.7785
99.859
99.9166
99.9625
99.9613
99.8063
99.8183
99.986
99.7669
99.9796
99.9441
99.8507
99.9343
99.8799
99.9822
99.913
99.9455
99.7937
99.9626
99.8275
99.9791
99.9797
99.9255
99.7639
99.8012
99.9601
99.8983
99.9741
99.808
99.9029
99.8217
99.9538
99.9915
99.9751
99.7321
99.844
99.9852
99.8229
99.993
99.9606
99.9707
99.8777
99.822
99.9993
99.9213
99.9166
99.9377
99.9541
99.8949
99.6705
99.9137
99.9893
99.8983
99.9233
99.9803
99.9936
99.9896
99.8038
99.7345
99.8003
99.6565
99.7566
99.9893
99.9619
99.9685
99.9967
99.9452
99.9922
99.966
99.8145
99.953
99.9707
99.9384
99.9884
99.9656
99.996
99.8162
99.9664
99.8761
99.9577
99.7484
99.967
99.9579
99.9935
99.9936
99.9852
99.6707
99.9591
99.9535
99.8681
99.7817
99.7321
99.9515
99.9621
99.5947
99.8706
99.9698
99.9578
99.9547
99.7186
99.8386
99.9555
99.9959
99.9718
99.8435
99.982
99.9538
99.8171
99.8508
99.9535
99.963
99.9376
99.7186
99.9219
99.9529
99.8705
99.9106
99.9239
99.7565
99.9603
99.9928
99.8526
99.9141
99.9644
99.8492
99.9254
99.7852
99.9341
99.7084
99.9362
99.9613
99.9968
99.8116
99.9116
99.9146
99.8948
99.8731
99.8328
99.7283
99.9465
99.8742
99.9535
99.9139
99.7299
99.9632
99.7946
99.887
99.6078
99.9105
99.9338
99.8622
99.9669
99.9856
99.9199
99.7372
99.7958
99.8105
99.8935
99.9453
99.9588
99.9927
99.955
99.7158
99.7888
99.9614
99.7941
99.9493
99.872
99.9339
99.613
99.7338
99.9852
99.9583
99.9327
99.9896
99.9613
99.973
99.9536
99.8498
99.7803
99.9672
99.9369
99.7826
99.8067
99.9236
99.9943
99.9753
99.9467
99.9548
99.9503
99.9687
99.9159
99.9573
99.7687
99.6078
99.945
99.988
99.8771
99.6459
99.9423
99.896
99.9395
99.8776
99.7692
99.9192
99.7975
99.9682
99.9531
99.9202
99.96
99.9518
99.8186
99.9954
99.8688
99.7941
99.8632
99.961
99.8544
99.9274
99.9774
99.8875
99.9522
99.9545
99.9374
99.8502
99.9255
99.8384
99.9861
99.9217
99.9552
99.9294
99.9663
99.9419
99.9592
99.7026
99.8492
99.7786
99.7687
99.9818
99.8067
99.7015
99.9369
99.7871
99.9411
99.9429
99.8067
99.7976
99.9958
99.8014
99.9579
99.9051
99.9557
99.9633
99.884
99.9467
99.8922
99.9693
99.8617
99.8494
99.9237
99.8195
99.7612
99.9778
99.8106
99.858
99.9276
99.9654
99.9367
99.9733
99.8612
99.9695
99.9977
99.8216
99.9826
99.9947
99.7612
99.9705
99.8888
99.9963
99.8324
99.9401
99.9783
99.9638
99.7946
99.9632
99.8328
99.9509
99.9703
99.9047
99.9393
99.85
99.9546
99.9975
99.8256
99.9527
99.8772
99.8195
99.9582
99.9299
99.8963
99.9345
99.9858
99.9015
99.9317
99.844
99.9183
99.9288
99.9375
99.9695
99.9538
99.7165
99.9627
99.9455
99.9254
99.9149
99.8853
99.7991
99.9833
99.9937
99.9268
99.9618
99.9278
99.7002
99.7796
99.9084
99.9339
99.9901
99.9006
99.9671
99.7641
99.9567
99.9549
99.9692
99.9567
99.9978
99.8223
99.9727
99.8194
99.8022
99.9319
99.932
99.7186
99.8688
99.934
99.9107
99.859
99.9532
99.9535
99.9315
99.744
99.9445
99.664
99.9503
99.7522
99.7909
99.8544
99.8712
99.9793
99.95
99.9206
99.8664
99.6459
99.8875
99.7912
99.7817
99.7591
99.9266
99.9602
99.9536
99.9673
99.9258
99.9733
99.9761
99.905
99.81
99.9963
99.8072
99.9636
99.8319
99.8234
99.9344
99.9739
99.7719
99.8921
99.6543
99.9788
99.8569
99.9484
99.9388
99.8008
99.9623
99.7043
99.9067
99.986
99.7009
99.7923
99.8746
99.9592
99.995
99.9341
99.9945
99.9105
99.9467
99.9929
99.8423
99.7396
99.736
99.9969
99.9501
99.9603
99.9616
99.9598
99.8241
99.7852
99.9677
99.8604
99.8205
99.962
99.8503
99.7566
99.7322
99.8663
99.9165
99.9646
99.7608
99.75
99.9411
99.9266
99.9788
99.8081
99.8948
99.9439
99.9718
99.9645
99.8383
99.9625
99.9852
99.9047
99.9829
99.8022
99.9944
99.9803
99.9485
99.9572
99.9183
99.9673
99.8118
99.638
99.995
99.9664
99.9615
99.9437
99.8637
99.9393
99.7847
99.7868
99.9331
99.9201
99.9485
99.9144
99.9116
99.9321
99.5994
99.9324
99.9573
99.7624
99.9443
99.9632
99.908
99.8382
99.884
99.9612
99.9664
99.9263
99.6197
99.8473
99.8062
99.9445
99.9787
99.6393
99.9848
99.9667
99.9924
99.9951
99.925
99.9463
99.8595
99.8217
99.9749
99.9763
99.7974
99.967
99.9589
99.9515
99.9644
99.9757
99.9402
99.8036
99.9592
99.9926
99.8167
99.692
99.9229
99.7707
99.8747
99.6514
99.95
99.8624
99.7695
99.9421
99.9183
99.7284
99.913
99.6543
99.8811
99.9833
99.9907
99.8234
99.8703
99.9879
99.9295
99.9499
99.9337
99.8885
99.9788
99.9349
99.999
99.9877
99.9592
99.7663
99.9949
99.9586
99.8617
99.9657
99.993
99.9174
99.8544
99.9513
99.9956
99.638
99.9581
99.8658
99.9824
99.8789
99.8498
99.9797
99.7923
99.8411
99.9738
99.9769
99.894
99.8012
99.9613
99.9907
99.9619
99.9207
99.6459
99.6939
99.9449
99.7789
99.9722
99.8972
99.9377
99.9242
99.9066
99.8237
99.9725
99.9958
99.7884
99.9376
99.9119
99.6511
99.9545
99.9502
99.9559
99.9209
99.995
99.9561
99.961
99.8781
99.9654
99.9672
99.8007
99.9642
99.9745
99.9911
99.9567
99.9945
99.9453
99.9013
99.9957
99.8921
99.9687
99.8076
99.6433
99.9934
99.9707
99.662
99.975
99.9823
99.8877
99.9618
99.9553
99.8106
99.8726
99.876
99.9133
99.9281
99.8948
99.9665
99.7943
99.9675
99.8118
99.8067
99.9386
99.8275
99.8812
99.8333
99.9938
99.8435
99.968
99.8141
99.8014
99.7684
99.9457
99.8773
99.9058
99.9376
99.7121
99.9453
99.8777
99.9494
99.9697
99.9456
99.7165
99.8254
99.9594
99.9166
99.9535
99.9659
99.9765
99.8921
99.9598
99.9325
99.6543
99.7588
99.9668
99.9612
99.9649
99.8932
99.9722
99.9714
99.8671
99.8671
99.9365
99.8528
99.8364
99.9772
99.7776
99.9295
99.8668
99.7541
99.9579
99.9008
99.9962
99.9524
99.744
99.6182
99.9553
99.902
99.767
99.8423
99.8979
99.9703
99.9639
99.9859
99.8907
99.945
99.9612
99.9851
99.8651
99.9351
99.873
99.9776
99.96
99.8157
99.9684
99.762
99.9526
99.9174
99.8504
99.5718
99.9102
99.8219
99.7303
99.9236
99.9398
99.9595
99.9634
99.996
99.9288
99.7396
99.9917
99.8012
99.9605
99.9698
99.76
99.9505
99.8078
99.718
99.986
99.8202
99.8942
99.9666
99.9066
99.8223
99.9918
99.9514
99.9508
99.9277
99.9642
99.8173
99.962
99.6508
99.7901
99.969
99.9519
99.9529
99.9629
99.9206
99.9736
99.9518
99.8612
99.9494
99.8392
99.9567
99.9958
99.9653
99.8763
99.9473
99.9148
99.7739
99.8013
99.9758
99.9926
99.9685
99.9489
99.988
99.8419
99.5909
99.9692
99.9101
99.9592
99.8809
99.9807
99.7575
99.9512
99.9925
99.7338
99.7026
99.7942
99.9814
99.8612
99.9681
99.8241
99.7607
99.9565
99.8724
99.908
99.9221
99.9901
99.92
99.8083
99.9922
99.9267
99.9362
99.9196
99.9132
99.954
99.8617
99.982
99.9562
99.7682
99.9629
99.9762
99.9698
99.7302
99.9991
99.9217
99.9662
99.5767
99.955
99.7674
99.9389
99.8869
99.8778
99.8132
99.9443
99.9599
99.9574
99.9274
99.9956
99.9473
99.9883
99.9331
99.9949
99.8223
99.8678
99.9817
99.7043
99.973
99.7664
99.918
99.6939
99.9362
99.9017
99.9672
99.943
99.9351
99.8434
99.7283
99.684
99.9471
99.9365
99.9776
99.6549
99.8195
99.9928
99.9217
99.9714
99.9206
99.9796
99.8502
99.9745
99.7084
99.9592
99.8534
99.8011
99.8343
99.8805
99.96
99.9659
99.9764
99.8822
99.9471
99.6028
99.9814
99.8275
99.9181
99.9267
99.68
99.9099
99.7472
99.9267
99.9004
99.9961
99.6736
99.973
99.8185
99.7602
99.8579
99.9702
99.9244
99.7597
99.875
99.926
99.9956
99.8724
99.9272
99.9086
99.875
99.8521
99.9509
99.9667
99.9351
99.9585
99.988
99.9323
99.9454
99.9233
99.9542
99.8096
99.7844
99.9742
99.7853
99.9618
99.8132
99.727
99.7912
99.9555
99.935
99.9793
99.9924
99.95
99.9953
99.9229
99.9518
99.9596
99.9915
99.9904
99.8428
99.9911
99.9636
99.9373
99.9534
99.9119
99.9414
99.8076
99.9557
99.8332
99.7852
99.8328
99.9081
99.9209
99.9498
99.9912
99.9718
99.9619
99.9322
99.9955
99.8877
99.9611
99.8512
99.9697
99.874
99.9509
99.7588
99.7901
99.8291
99.9273
99.9414
99.7345
99.8041
99.9743
99.9041
99.9955
99.9389
99.9687
99.9595
99.9928
99.9961
99.9541
99.9027
99.9741
99.9876
99.9849
99.9967
99.9317
99.7796
99.9553
99.9489
99.8044
99.8877
99.9416
99.9389
99.8036
99.8624
99.7631
99.9007
99.9306
99.9499
99.8777
99.9558
99.736
99.978
99.887
99.8054
99.9337
99.7735
99.8491
99.8997
99.8674
99.9757
99.8664
99.6549
99.9295
99.872
99.8392
99.5917
99.9919
99.7476
99.9172
99.9778
99.6485
99.9677
99.9623
99.9958
99.9834
99.9254
99.9945
99.9669
99.9811
99.8789
99.9532
99.7666
99.7489
99.9906
99.9856
99.7871
99.969
99.973
99.9616
99.8378
99.9463
99.9196
99.7138
99.9956
99.9351
99.964
99.8248
99.8839
99.8079
99.8758
99.8758
99.8116
99.969
99.5994
99.6028
99.9826
99.8081
99.8608
99.7749
99.9276
99.8498
99.9165
99.5909
99.9951
99.8354
99.95
99.8632
99.9649
99.7962
99.916
99.9213
99.9482
99.9926
99.9663
99.9515
99.8706
99.9522
99.9201
99.8703
99.9376
99.9744
99.8747
99.9539
99.9453
99.9567
99.7707
99.9
99.9758
99.927
99.9283
99.9254
99.9955
99.9253
99.8787
99.9333
99.8132
99.7733
99.9684
99.9693
99.9642
99.9592
99.9616
99.9888
99.8718
99.8963
99.9643
99.9323
99.875
99.9272
99.8724
99.8395
99.9196
99.9349
99.7935
99.9955
99.9327
99.7827
99.9523
99.9538
99.8706
99.8696
99.9745
99.9081
99.9105
99.8983
99.8308
99.9416
99.975
99.7637
99.9337
99.6459
99.8706
99.8389
99.7264
99.822
99.9029
99.9845
99.9781
99.7374
99.7789
99.9342
99.9249
99.9619
99.7716
99.8155
99.7935
99.854
99.9181
99.9368
99.9301
99.9923
99.7548
99.8076
99.9139
99.7675
99.7407
99.9112
99.7962
99.8041
99.9467
99.9586
99.9603
99.92
99.5745
99.7319
99.9206
99.9553
99.9695
99.8901
99.9291
99.9924
99.806
99.9686
99.8205
99.8638
99.6095
99.7544
99.9546
99.937
99.8408
99.9964
99.9595
99.7791
99.891
99.9137
99.994
99.8398
99.9561
99.9554
99.9213
99.8217
99.9365
99.9838
99.9594
99.9389
99.9233
99.996
99.9266
99.9631
99.7396
99.8158
99.9756
99.9107
99.9657
99.9295
99.9742
99.999
99.7946
99.9343
99.9573
99.825
99.7991
99.8169
99.692
99.8947
99.7836
99.9365
99.9695
99.7665
99.9754
99.854
99.7621
99.9754
99.9389
99.7391
99.9259
99.8611
99.9214
99.9791
99.9553
99.9608
99.9629
99.9106
99.8935
99.9938
99.9165
99.9548
99.9599
99.7976
99.9698
99.9471
99.9944
99.7566
99.9695
99.8096
99.7956
99.9116
99.8777
99.8044
99.954
99.7588
99.9555
99.8763
99.8713
99.8411
99.9485
99.8838
99.9303
99.9598
99.9029
99.9403
99.9662
99.9244
99.9164
99.847
99.9769
99.9509
99.8787
99.9851
99.8296
99.9244
99.9928
99.9951
99.9565
99.8992
99.9623
99.8429
99.8106
99.7177
99.973
99.7489
99.9919
99.7735
99.9478
99.9757
99.8687
99.8014
99.9701
99.6429
99.9605
99.939
99.9698
99.9955
99.9471
99.9592
99.8893
99.9778
99.745
99.9199
99.9781
99.9766
99.8528
99.9574
99.7952
99.9731
99.9505
99.9323
99.9535
99.988
99.9299
99.662
99.6738
99.973
99.975
99.9705
99.8924
99.8181
99.964
99.8415
99.844
99.8219
99.8374
99.9952
99.9736
99.9559
99.9908
99.822
99.9914
99.8849
99.9595
99.9456
99.9236
99.7445
99.9579
99.9663
99.9837
99.9222
99.8658
99.961
99.9928
99.9081
99.9921
99.8157
99.9402
99.7074
99.8392
99.9728
99.7724
99.9179
99.8635
99.9707
99.9896
99.943
99.9441
99.9565
99.963
99.9701
99.9945
99.8105
99.662
99.9539
99.9376
99.9179
99.9796
99.9951
99.8688
99.9288
99.9107
99.9429
99.7195
99.7568
99.6997
99.692
99.9959
99.7121
99.9853
99.9767
99.8291
99.9951
99.7299
99.999
99.9508
99.99
99.8572
99.9201
99.9831
99.9546
99.9487
99.9555
99.7788
99.9556
99.9149
99.9967
99.962
99.9486
99.6393
99.9411
99.7855
99.9324
99.8971
99.7941
99.9564
99.8726
99.9673
99.9818
99.8671
99.7836
99.8011
99.9263
99.836
99.908
99.9266
99.7927
99.9327
99.7986
99.7781
99.941
99.9834
99.9058
99.9923
99.8379
99.9693
99.941
99.9277
99.9339
99.8138
99.9641
99.9678
99.8174
99.7959
99.9164
99.9865
99.8465
99.9691
99.8195
99.9893
99.934
99.9673
99.9276
99.9483
99.8067
99.8048
99.612
99.7338
99.9898
99.7338
99.664
99.9922
99.9477
99.7427
99.9632
99.9727
99.8105
99.9291
99.9871
99.9584
99.9613
99.8946
99.8983
99.929
99.9552
99.987
99.97
99.6522
99.7131
99.9777
99.9813
99.9559
99.89
99.9936
99.8664
99.9558
99.8726
99.9596
99.9538
99.6569
99.9653
99.8389
99.9629
99.9218
99.9881
99.9959
99.9666
99.9736
99.9556
99.9533
99.9637
99.9769
99.9707
99.8669
99.9823
99.9562
99.8492
99.9923
99.8953
99.9389
99.9541
99.9374
99.8778
99.8655
99.9322
99.7283
99.9913
99.9816
99.9323
99.9666
99.9922
99.7509
99.8091
99.8096
99.9306
99.9199
99.966
99.9678
99.9166
99.9422
99.9888
99.9464
99.9956
99.9136
99.9662
99.9685
99.9703
99.9605
99.896
99.735
99.8674
99.684
99.9536
99.9813
99.6847
99.9673
99.9741
99.9703
99.9515
99.9473
99.9689
99.9788
99.9474
99.9828
99.7934
99.8947
99.8632
99.7959
99.789
99.873
99.8398
99.9074
99.7396
99.9319
99.9695
99.9803
99.9063
99.982
99.736
99.6156
99.6331
99.9631
99.8364
99.9458
99.9552
99.7958
99.8783
99.9739
99.9445
99.9683
99.9658
99.8199
99.9268
99.891
99.7687
99.8571
99.9255
99.995
99.9678
99.9051
99.9138
99.8083
99.7923
99.9565
99.9589
99.9486
99.7804
99.9856
99.942
99.9953
99.9799
99.9527
99.7941
99.8537
99.7652
99.913
99.9615
99.9324
99.9692
99.8008
99.9835
99.988
99.9813
99.95
99.9228
99.8707
99.8691
99.5998
99.7759
99.9359
99.9258
99.7942
99.9165
99.7916
99.8528
99.9738
99.9236
99.9615
99.7947
99.9741
99.9777
99.9775
99.9503
99.7709
99.8706
99.9701
99.757
99.9462
99.9954
99.7724
99.8045
99.9736
99.9557
99.8822
99.9765
99.8167
99.7738
99.9665
99.9596
99.8015
99.9255
99.7923
99.9324
99.8715
99.8002
99.9695
99.9761
99.803
99.9255
99.961
99.7355
99.9436
99.7338
99.9457
99.8
99.9535
99.9956
99.5881
99.8992
99.9962
99.9537
99.9589
99.9849
99.9371
99.9217
99.9945
99.9754
99.952
99.9433
99.7776
99.9448
99.8684
99.9853
99.9848
99.9092
99.9699
99.9589
99.814
99.9627
99.9255
99.7055
99.9949
99.97
99.6154
99.7308
99.9747
99.9624
99.9
99.7641
99.8875
99.8722
99.8199
99.9572
99.9403
99.9947
99.9692
99.9574
99.9764
99.7921
99.6511
99.9393
99.6939
99.9535
99.9415
99.9036
99.9473
99.7043
99.8815
99.7897
99.9146
99.937
99.9678
99.9624
99.9463
99.9476
99.9327
99.7121
99.7472
99.8538
99.9757
99.8473
99.8491
99.934
99.9908
99.9619
99.9161
99.9764
99.7683
99.9714
99.9572
99.8711
99.9244
99.8161
99.8354
99.9388
99.8963
99.9139
99.7544
99.9407
99.9673
99.858
99.8023
99.9658
99.6429
99.9804
99.9538
99.9603
99.9455
99.9515
99.9649
99.9598
99.9512
99.9618
99.9804
99.7892
99.63
99.8968
99.7848
99.9639
99.8758
99.999
99.9007
99.9955
99.9732
99.9192
99.9688
99.9834
99.7741
99.9559
99.8512
99.9674
99.9474
99.7937
99.9136
99.9674
99.5937
99.9471
99.9612
99.9788
99.9955
99.9041
99.9702
99.9603
99.9549
99.9529
99.9291
99.92
99.8681
99.9845
99.8296
99.9669
99.9698
99.9086
99.8428
99.7921
99.9939
99.8716
99.8434
99.9719
99.9676
99.9685
99.9945
99.8044
99.9851
99.8176
99.8085
99.9803
99.9078
99.9736
99.8023
99.9254
99.7682
99.739
99.996
99.9746
99.8466
99.993
99.9561
99.9316
99.8522
99.9685
99.9263
99.9666
99.9937
99.9119
99.7753
99.988
99.9767
99.9711
99.7123
99.664
99.9962
99.9776
99.9376
99.968
99.9572
99.8985
99.7177
99.6514
99.9565
99.821
99.7807
99.9603
99.9279
99.9139
99.9219
99.75
99.8989
99.9043
99.9731
99.8173
99.9674
99.7855
99.9928
99.8216
99.684
99.8181
99.8123
99.961
99.7281
99.9417
99.8195
99.7944
99.715
99.9862
99.9685
99.821
99.9233
99.8
99.9847
99.9236
99.9403
99.8481
99.9735
99.7472
99.9563
99.9394
99.9622
99.9828
99.6096
99.9478
99.9788
99.7974
99.9897
99.9561
99.8415
99.9719
99.9901
99.8667
99.9626
99.9585
99.9474
99.8967
99.9625
99.9405
99.5989
99.7777
99.8411
99.9698
99.9231
99.9554
99.8791
99.9373
99.7135
99.9845
99.958
99.9369
99.8942
99.8733
99.7901
99.7971
99.8177
99.9736
99.9962
99.9019
99.9379
99.94
99.9719
99.8502
99.9736
99.9578
99.7338
99.9886
99.9156
99.8782
99.9697
99.9573
99.8085
99.9685
99.8979
99.9035
99.6835
99.8758
99.916
99.9362
99.9447
99.9158
99.9554
99.9509
99.9962
99.9653
99.9586
99.709
99.9081
99.8383
99.8492
99.9927
99.9394
99.9743
99.9915
99.9632
99.9553
99.9646
99.9283
99.8659
99.9345
99.9655
99.9777
99.9146
99.7897
99.8123
99.6736
99.9385
99.7541
99.871
99.7276
99.7935
99.9474
99.9455
99.8014
99.8034
99.9324
99.92
99.9757
99.8787
99.9916
99.9413
99.943
99.9604
99.9625
99.8621
99.8382
99.8308
99.8792
99.783
99.7509
99.9629
99.6154
99.9937
99.9928
99.8805
99.8585
99.9828
99.9715
99.8428
99.9912
99.9977
99.9482
99.9949
99.7341
99.9898
99.9507
99.7584
99.9968
99.9044
99.9673
99.973
99.6795
99.9886
99.7796
99.9417
99.9071
99.8668
99.8611
99.9892
99.9266
99.9338
99.97
99.7707
99.961
99.9517
99.942
99.9938
99.7826
99.8045
99.9684
99.7853
99.8234
99.9591
99.9341
99.9675
99.8019
99.9562
99.9678
99.8281
99.9389
99.9578
99.8386
99.9015
99.6803
99.7123
99.9666
99.8102
99.959
99.9133
99.9523
99.9192
99.8914
99.8984
99.9803
99.9601
99.9013
99.9803
99.8847
99.9688
99.9698
99.8186
99.8963
99.9654
99.8923
99.9523
99.9539
99.9618
99.8651
99.9517
99.948
99.725
99.9745
99.8921
99.8481
99.9531
99.9982
99.9823
99.9922
99.9643
99.8083
99.9546
99.9674
99.6847
99.8036
99.8818
99.8715
99.7892
99.6743
99.8779
99.7781
99.9837
99.9621
99.8195
99.9345
99.7281
99.9939
99.8673
99.8076
99.7976
99.996
99.9703
99.962
99.9298
99.9642
99.783
99.8179
99.8228
99.9196
99.9824
99.8759
99.9497
99.9718
99.9243
99.8392
99.9584
99.9221
99.9894
99.9954
99.6331
99.948
99.9281
99.9923
99.9671
99.9042
99.9144
99.9291
99.9021
99.7209
99.7798
99.7121
99.8724
99.8044
99.7926
99.8096
99.9119
99.8291
99.9985
99.825
99.9138
99.9911
99.9664
99.9556
99.9541
99.8492
99.8726
99.7983
99.8054
99.81
99.9936
99.9727
99.7522
99.9556
99.9545
99.8491
99.9631
99.9522
99.9782
99.9577
99.9877
99.9515
99.9921
99.9322
99.9951
99.9204
99.7321
99.9485
99.9445
99.8712
99.9976
99.9503
99.9216
99.953
99.9673
99.6511
99.8065
99.7009
99.7385
99.758
99.7836
99.8379
99.8171
99.6095
99.912
99.969
99.9955
99.7545
99.7945
99.9629
99.9686
99.9615
99.9013
99.7734
99.9567
99.988
99.8753
99.7943
99.9349
99.7558
99.9276
99.7697
99.944
99.8595
99.9058
99.9236
99.9174
99.9376
99.9956
99.8538
99.9499
99.85
99.736
99.9323
99.9659
99.9886
99.952
99.8202
99.9799
99.9236
99.8805
99.9196
99.8512
99.9199
99.7684
99.9876
99.8841
99.8083
99.9047
99.9535
99.9524
99.7195
99.745
99.9159
99.9407
99.9906
99.9102
99.8846
99.9788
99.759
99.8612
99.7754
99.9599
99.9881
99.9775
99.9797
99.9962
99.9803
99.9404
99.959
99.8228
99.942
99.9703
99.9919
99.8512
99.9613
99.9751
99.9287
99.9067
99.9938
99.7788
99.9254
99.9628
99.9625
99.9922
99.7788
99.8132
99.9673
99.9103
99.8571
99.934
99.8195
99.8788
99.8479
99.9217
99.8437
99.8787
99.9632
99.9012
99.999
99.8546
99.8971
99.9577
99.9559
99.9772
99.9748
99.7947
99.9561
99.662
99.8544
99.9847
99.8492
99.8921
99.8481
99.9536
99.8888
99.97
99.9852
99.7992
99.9776
99.7665
99.9916
99.9509
99.9684
99.9725
99.7221
99.9485
99.6707
99.9938
99.9765
99.8711
99.9733
99.7632
99.9445
99.95
99.9725
99.7074
99.8755
99.8686
99.9553
99.8192
99.9281
99.9684
99.9708
99.7749
99.9254
99.9323
99.7863
99.9485
99.9774
99.9508
99.7558
99.7927
99.8544
99.8395
99.938
99.9004
99.9209
99.9549
99.9761
99.7522
99.9511
99.9041
99.8155
99.9483
99.9435
99.9961
99.9401
99.9243
99.9151
99.9685
99.8624
99.846
99.876
99.9834
99.9954
99.9956
99.9416
99.9625
99.8013
99.9565
99.7158
99.9236
99.9229
99.8781
99.9632
99.7611
99.8205
99.9913
99.8957
99.8091
99.9922
99.7868
99.8833
99.9402
99.9672
99.9266
99.9778
99.9639
99.9848
99.8963
99.9437
99.9976
99.8191
99.9901
99.8712
99.9377
99.9145
99.7817
99.9084
99.9776
99.9737
99.9436
99.9618
99.8901
99.9956
99.8968
99.7645
99.8763
99.7836
99.91
99.9314
99.8771
99.9863
99.9342
99.98
99.9604
99.9914
99.9362
99.9233
99.8561
99.7672
99.8138
99.9602
99.8644
99.937
99.7935
99.8815
99.8283
99.7786
99.9498
99.8395
99.8019
99.7865
99.975
99.9517
99.8965
99.7894
99.9564
99.9024
99.942
99.9736
99.9487
99.8195
99.9712
99.6095
99.9509
99.9766
99.9653
99.9688
99.929
99.8092
99.9924
99.9973
99.9351
99.6862
99.9317
99.9756
99.8045
99.93
99.9953
99.9278
99.9579
99.9598
99.9362
99.8391
99.9486
99.9469
99.9956
99.9075
99.7484
99.967
99.7976
99.9441
99.8006
99.9463
99.9089
99.9414
99.9303
99.8437
99.7341
99.7697
99.9431
99.9958
99.9116
99.9246
99.9563
99.7962
99.8565
99.925
99.975
99.9778
99.8491
99.9865
99.9753
99.8847
99.9702
99.7708
99.9654
99.9489
99.9484
99.9119
99.9233
99.7489
99.9485
99.6429
99.9074
99.7871
99.9235
99.9238
99.9343
99.9711
99.9826
99.7641
99.8428
99.9346
99.8602
99.969
99.8901
99.7912
99.8366
99.8518
99.9509
99.7976
99.9626
99.9852
99.715
99.906
99.96
99.9651
99.7005
99.8442
99.8766
99.848
99.8437
99.9236
99.9785
99.8044
99.6154
99.8132
99.7754
99.8587
99.9536
99.7682
99.9278
99.9829
99.9103
99.9954
99.9649
99.8658
99.9501
99.7565
99.8392
99.9047
99.958
99.9615
99.787
99.8245
99.8777
99.8415
99.9429
99.9428
99.9544
99.9559
99.9341
99.7519
99.9502
99.8771
99.9838
99.9776
99.9662
99.955
99.908
99.9936
99.9722
99.9536
99.8019
99.9865
99.9625
99.8457
99.8925
99.7121
99.9144
99.955
99.9004
99.9365
99.9949
99.8644
99.9351
99.8498
99.9017
99.6391
99.8753
99.8014
99.9913
99.8664
99.944
99.758
99.9712
99.8932
99.8587
99.9496
99.9689
99.9162
99.9585
99.9869
99.9687
99.9568
99.75
99.9431
99.9341
99.9103
99.8696
99.9961
99.9967
99.9503
99.6922
99.9376
99.7665
99.9345
99.7769
99.8791
99.9614
99.9632
99.8763
99.9229
99.8685
99.748
99.9742
99.9665
99.9143
99.6393
99.9637
99.9324
99.9658
99.9554
99.9762
99.9556
99.9916
99.9722
99.8706
99.9901
99.8038
99.5909
99.9089
99.9144
99.7942
99.9324
99.7123
99.9322
99.9939
99.638
99.9439
99.9951
99.9757
99.9554
99.8237
99.9937
99.9949
99.8511
99.7475
99.9322
99.9132
99.9343
99.9555
99.7545
99.9339
99.844
99.7843
99.9652
99.9254
99.9553
99.871
99.7765
99.9961
99.7284
99.6939
99.981
99.8671
99.8003
99.9905
99.9356
99.996
99.8391
99.7776
99.8846
99.976
99.9699
99.9402
99.9694
99.9218
99.7194
99.7757
99.9745
99.9753
99.938
99.96
99.7724
99.9951
99.9663
99.8415
99.97
99.9744
99.9695
99.9234
99.9029
99.9549
99.8442
99.9697
99.9636
99.871
99.7427
99.9705
99.8937
99.9901
99.8528
99.9159
99.9513
99.9613
99.6795
99.762
99.9693
99.8791
99.9946
99.9306
99.9206
99.9572
99.8849
99.9452
99.9281
99.8192
99.9044
99.8979
99.7961
99.9746
99.5947
99.7724
99.8155
99.85
99.7119
99.7355
99.7827
99.6988
99.9618
99.875
99.9641
99.825
99.7934
99.9782
99.7472
99.8988
99.9704
99.9639
99.745
99.9612
99.7992
99.7719
99.9025
99.9042
99.9618
99.7355
99.9722
99.9376
99.7972
99.9822
99.9704
99.7494
99.745
99.9669
99.8655
99.9659
99.8437
99.8773
99.9681
99.9599
99.9958
99.7308
99.9659
99.9254
99.92
99.9547
99.9488
99.844
99.7308
99.9526
99.7319
99.9385
99.9576
99.9747
99.9463
99.9646
99.9908
99.7871
99.9739
99.8354
99.9769
99.9253
99.9607
99.8026
99.9258
99.9497
99.9119
99.9838
99.867
99.9553
99.9537
99.854
99.8085
99.9327
99.9686
99.7385
99.7221
99.9324
99.9953
99.9945
99.9437
99.9775
99.9209
99.8907
99.8275
99.9379
99.9623
99.8935
99.9602
99.8602
99.9635
99.8758
99.638
99.9443
99.7088
99.9254
99.8085
99.9513
99.9764
99.959
99.9221
99.973
99.8741
99.8939
99.8366
99.9247
99.856
99.8772
99.757
99.9324
99.9214
99.772
99.9774
99.9283
99.7453
99.9923
99.9565
99.9823
99.9604
99.9449
99.9353
99.9879
99.9916
99.787
99.9463
99.9731
99.8026
99.8466
99.7747
99.5811
99.9686
99.8448
99.9758
99.9353
99.9253
99.9376
99.7043
99.9589
99.9947
99.8741
99.925
99.9716
99.6485
99.9263
99.925
99.9405
99.9411
99.9371
99.664
99.8185
99.9766
99.9437
99.787
99.9119
99.9974
99.9673
99.9535
99.9084
99.9675
99.9778
99.789
99.8909
99.9822
99.9221
99.9663
99.9612
99.932
99.9737
99.9913
99.8919
99.7844
99.8921
99.9532
99.8953
99.8013
99.8045
99.7015
99.84
99.9674
99.842
99.7663
99.9766
99.896
99.9504
99.8014
99.9382
99.9868
99.9201
99.7281
99.9477
99.8181
99.92
99.905
99.8749
99.8706
99.7853
99.7692
99.9799
99.913
99.955
99.9727
99.9505
99.9974
99.9693
99.8063
99.7121
99.7894
99.9831
99.9607
99.9266
99.7972
99.9756
99.8247
99.9612
99.9485
99.9932
99.9524
99.951
99.7683
99.8491
99.9017
99.995
99.8979
99.7826
99.984
99.8853
99.9655
99.9317
99.9959
99.9655
99.9654
99.9965
99.8617
99.9431
99.8569
99.9664
99.9407
99.9781
99.9586
99.9692
99.8847
99.966
99.7687
99.9277
99.9507
99.8391
99.9173
99.8707
99.622
99.9558
99.7765
99.9141
99.7123
99.7341
99.9639
99.7602
99.6514
99.9273
99.6459
99.8805
99.9782
99.68
99.9681
99.9711
99.9703
99.9448
99.8067
99.8324
99.9523
99.9081
99.76
99.9467
99.8427
99.9722
99.9673
99.8195
99.8395
99.9695
99.9546
99.9565
99.9672
99.8489
99.9991
99.9738
99.7591
99.9835
99.9697
99.9956
99.9535
99.7512
99.8439
99.9133
99.9897
99.8901
99.944
99.5811
99.9432
99.9578
99.7852
99.9402
99.8579
99.9627
99.8921
99.9102
99.9243
99.9047
99.9351
99.9266
99.9471
99.9701
99.8712
99.8192
99.9566
99.6922
99.97
99.9662
99.8771
99.8624
99.7566
99.9533
99.9523
99.8216
99.9653
99.9897
99.9758
99.9695
99.991
99.8839
99.9604
99.718
99.8809
99.9552
99.9919
99.5902
99.8803
99.8715
99.9863
99.9535
99.7121
99.8969
99.9449
99.9732
99.9667
99.9291
99.996
99.9433
99.5989
99.9235
99.9602
99.8556
99.961
99.9185
99.9377
99.8008
99.9629
99.92
99.5811
99.7894
99.9707
99.9558
99.849
99.9912
99.8428
99.9081
99.9847
99.9405
99.9124
99.8747
99.9416
99.8512
99.8494
99.8083
99.842
99.9778
99.9813
99.8171
99.9834
99.8939
99.9222
99.8235
99.9474
99.9062
99.9504
99.9019
99.9936
99.8809
99.9669
99.9962
99.9369
99.9782
99.739
99.973
99.9018
99.7541
99.95
99.7921
99.8811
99.8224
99.8775
99.7852
99.9546
99.8202
99.9433
99.8731
99.9136
99.9698
99.7901
99.9541
99.9429
99.8228
99.9591
99.906
99.8333
99.962
99.9254
99.7534
99.9662
99.7301
99.9133
99.8185
99.8183
99.9924
99.9718
99.982
99.9331
99.9634
99.9629
99.8712
99.9173
99.9457
99.9716
99.9687
99.8709
99.9741
99.9965
99.9579
99.9962
99.8778
99.8914
99.9433
99.6736
99.9236
99.9901
99.9209
99.9595
99.9702
99.9733
99.9535
99.9574
99.9879
99.9668
99.9287
99.89
99.9783
99.696
99.9754
99.7704
99.9643
99.7972
99.9955
99.954
99.9856
99.7709
99.9345
99.9471
99.7458
99.966
99.938
99.981
99.9062
99.9831
99.7026
99.849
99.9943
99.8809
99.9315
99.8612
99.8198
99.9613
99.9662
99.653
99.7853
99.9538
99.9334
99.993
99.7666
99.8853
99.9716
99.7131
99.8512
99.9515
99.9955
99.9624
99.9382
99.7878
99.8054
99.8845
99.9255
99.8411
99.8202
99.943
99.9353
99.9728
99.7546
99.7473
99.8571
99.8806
99.9007
99.9518
99.9236
99.7817
99.9578
99.9389
99.9358
99.8319
99.9675
99.9649
99.7186
99.9173
99.6095
99.8092
99.959
99.8731
99.9973
99.8419
99.8907
99.9438
99.8567
99.8391
99.794
99.8066
99.9827
99.9649
99.8579
99.9044
99.8782
99.9803
99.8758
99.9458
99.7566
99.9436
99.8241
99.9078
99.9562
99.9533
99.9598
99.9723
99.9905
99.9419
99.7396
99.963
99.9718
99.991
99.7548
99.9733
99.9025
99.9776
99.9967
99.981
99.6939
99.9682
99.9169
99.9937
99.6803
99.9534
99.8637
99.7453
99.953
99.9327
99.9605
99.9566
99.9952
99.9164
99.9626
99.9935
99.9567
99.9029
99.8664
99.9928
99.7372
99.8638
99.9918
99.8918
99.9587
99.7277
99.9777
99.9993
99.9666
99.7194
99.9259
99.9299
99.7937
99.9209
99.9183
99.9694
99.8411
99.7737
99.8722
99.8116
99.7123
99.9822
99.8465
99.9418
99.9179
99.9432
99.9471
99.9817
99.9369
99.9302
99.8706
99.9074
99.9373
99.9331
99.9645
99.7612
99.9649
99.9078
99.9235
99.6743
99.9516
99.9332
99.9005
99.9608
99.9389
99.9625
99.9639
99.9838
99.9558
99.8391
99.7675
99.8588
99.9586
99.8644
99.8491
99.9029
99.6603
99.94
99.9351
99.7624
99.9483
99.7124
99.9299
99.7944
99.8731
99.9935
99.821
99.9853
99.9876
99.8471
99.8448
99.9851
99.9572
99.84
99.9342
99.7695
99.9983
99.9298
99.9634
99.993
99.846
99.8381
99.9883
99.8743
99.7411
99.9531
99.9503
99.9962
99.9775
99.963
99.8556
99.8846
99.9896
99.7665
99.9385
99.8953
99.7664
99.9653
99.92
99.9595
99.945
99.8233
99.7074
99.9288
99.943
99.9516
99.8487
99.8935
99.7407
99.9968
99.9904
99.8162
99.5745
99.7943
99.8233
99.8706
99.9737
99.918
99.9695
99.7848
99.927
99.8759
99.9936
99.9199
99.7675
99.9681
99.9343
99.7896
99.9628
99.7588
99.9471
99.7396
99.8667
99.9718
99.9585
99.8141
99.9035
99.9573
99.9342
99.9845
99.9136
99.8384
99.9058
99.8123
99.94
99.9526
99.9992
99.8918
99.8045
99.8026
99.9865
99.8722
99.8105
99.8446
99.9522
99.8428
99.9273
99.9149
99.7121
99.8366
99.9951
99.9833
99.8772
99.8923
99.7853
99.7223
99.9963
99.7888
99.9618
99.9255
99.8491
99.7819
99.7709
99.9775
99.869
99.9659
99.9344
99.8901
99.7433
99.8434
99.7716
99.8791
99.858
99.8741
99.9245
99.9407
99.8158
99.8747
99.6514
99.9581
99.821
99.9807
99.9556
99.8508
99.9642
99.9597
99.9343
99.9245
99.8602
99.9871
99.9266
99.9173
99.913
99.9556
99.8773
99.8946
99.9911
99.9429
99.9884
99.6986
99.9701
99.9478
99.9041
99.976
99.9689
99.8002
99.8434
99.9343
99.6096
99.969
99.9991
99.9135
99.9682
99.9968
99.9233
99.7821
99.9283
99.9698
99.958
99.99
99.8487
99.9639
99.783
99.9615
99.9852
99.9351
99.739
99.9018
99.9346
99.9739
99.9662
99.9834
99.9401
99.9337
99.9308
99.8965
99.9333
99.9513
99.8298
99.9637
99.9613
99.9244
99.9702
99.7942
99.9954
99.996
99.9743
99.613
99.8415
99.959
99.79
99.806
99.9016
99.8779
99.9323
99.887
99.9901
99.8674
99.8802
99.9317
99.7776
99.8925
99.8237
99.9367
99.9453
99.7545
99.9949
99.7818
99.7831
99.7489
99.8983
99.9667
99.8992
99.9528
99.9464
99.8141
99.9533
99.7983
99.8925
99.5937
99.8202
99.8608
99.9922
99.9325
99.9421
99.949
99.8085
99.6922
99.958
99.9281
99.9164
99.8333
99.961
99.9589
99.6707
99.9164
99.8908
99.9816
99.9133
99.6569
99.9737
99.888
99.8174
99.754
99.8006
99.813
99.9598
99.9219
99.8977
99.9567
99.7727
99.7209
99.9743
99.9592
99.8205
99.9687
99.8621
99.7937
99.7536
99.8783
99.9671
99.7807
99.872
99.9931
99.7946
99.9949
99.8609
99.9937
99.7308
99.9677
99.894
99.7139
99.997
99.9775
99.7884
99.9687
99.9436
99.7935
99.9586
99.8411
99.9445
99.9733
99.935
99.7321
99.9937
99.9572
99.9637
99.9761
99.9727
99.8022
99.9422
99.9254
99.8738
99.7747
99.68
99.8439
99.7354
99.9486
99.9737
99.9788
99.9496
99.8675
99.9273
99.9105
99.9136
99.986
99.99
99.9913
99.7926
99.7684
99.9508
99.9845
99.9608
99.8212
99.9644
99.7544
99.8528
99.8905
99.9567
99.7719
99.927
99.9918
99.9785
99.9737
99.9114
99.8173
99.613
99.9331
99.9694
99.9359
99.9695
99.9949
99.9703
99.9219
99.9625
99.9457
99.9518
99.8667
99.9327
99.7937
99.8293
99.9917
99.8641
99.9924
99.7716
99.9295
99.7909
99.9374
99.8317
99.8083
99.9535
99.9796
99.9598
99.9465
99.8747
99.8379
99.9016
99.9818
99.9886
99.9585
99.9553
99.7391
99.7901
99.7458
99.8985
99.9382
99.8979
99.9594
99.7759
99.7427
99.9833
99.9731
99.9016
99.9489
99.9615
99.7992
99.912
99.9234
99.8405
99.9649
99.8256
99.999
99.7665
99.9716
99.999
99.9682
99.9629
99.9471
99.8171
99.9234
99.7088
99.9323
99.7959
99.9785
99.9481
99.9291
99.9667
99.9669
99.9411
99.8815
99.8528
99.9549
99.9594
99.9629
99.9733
99.9485
99.5881
99.8846
99.9697
99.9677
99.9962
99.9685
99.9855
99.9316
99.9235
99.8702
99.8223
99.9403
99.9711
99.8174
99.9848
99.8758
99.7566
99.9669
99.9951
99.8381
99.9396
99.9278
99.9946
99.977
99.9592
99.9517
99.8957
99.8805
99.8983
99.9429
99.9245
99.7734
99.9716
99.8939
99.9938
99.8579
99.9968
99.9139
99.8687
99.9174
99.9101
99.6803
99.8181
99.8081
99.8703
99.9793
99.9697
99.7687
99.745
99.5909
99.9041
99.987
99.9824
99.913
99.9254
99.9751
99.9532
99.8842
99.8012
99.8065
99.9103
99.9925
99.9274
99.6988
99.7545
99.9239
99.9962
99.7664
99.9559
99.5919
99.9227
99.9107
99.766
99.9376
99.9577
99.7921
99.9407
99.8792
99.8526
99.9444
99.8849
99.9273
99.961
99.9546
99.97
99.7807
99.9937
99.8713
99.9464
99.887
99.7897
99.925
99.7641
99.9541
99.9187
99.9196
99.8446
99.9558
99.9403
99.96
99.9831
99.9883
99.9598
99.7836
99.8395
99.825
99.9385
99.5909
99.7612
99.9683
99.9136
99.7536
99.9774
99.9542
99.9632
99.9465
99.953
99.9371
99.9066
99.9044
99.953
99.9156
99.9938
99.9421
99.9837
99.9317
99.9633
99.9872
99.8989
99.7002
99.8923
99.9901
99.969
99.9783
99.8822
99.7411
99.8118
99.9937
99.9991
99.9935
99.8097
99.9796
99.8823
99.8799
99.9144
99.9337
99.8805
99.9373
99.9415
99.8048
99.954
99.9643
99.9032
99.9019
99.9901
99.9731
99.9179
99.9121
99.8713
99.9865
99.918
99.9876
99.978
99.9589
99.948
99.9954
99.8171
99.8497
99.9493
99.7845
99.8772
99.9766
99.9896
99.9239
99.925
99.9553
99.6508
99.9365
99.7943
99.9037
99.9775
99.8989
99.89
99.9556
99.9589
99.9624
99.8846
99.9851
99.9611
99.8731
99.8847
99.9396
99.9949
99.8847
99.9665
99.8763
99.74
99.6095
99.9946
99.8983
99.7696
99.966
99.9796
99.8091
99.7878
99.7669
99.9317
99.8473
99.991
99.9535
99.8712
99.9222
99.8
99.969
99.8925
99.8694
99.9916
99.813
99.9594
99.954
99.9632
99.757
99.8392
99.6085
99.9255
99.9803
99.9604
99.7666
99.9835
99.9063
99.9555
99.8967
99.8174
99.97
99.9711
99.9908
99.9962
99.9655
99.9388
99.7186
99.9433
99.9345
99.7558
99.9658
99.762
99.8041
99.9956
99.8719
99.9946
99.7647
99.8439
99.8198
99.9558
99.9792
99.9181
99.994
99.977
99.8906
99.9664
99.9654
99.6459
99.7637
99.9504
99.9908
99.7201
99.8328
99.9654
99.7704
99.9797
99.955
99.8994
99.8491
99.9962
99.731
99.8045
99.8098
99.6939
99.9629
99.9447
99.9114
99.8921
99.9126
99.8439
99.8889
99.9165
99.8746
99.8122
99.8672
99.8364
99.7983
99.7308
99.9537
99.8653
99.7504
99.9604
99.9541
99.8948
99.9916
99.7209
99.9776
99.9676
99.9922
99.9686
99.9855
99.7264
99.856
99.8937
99.856
99.9547
99.7707
99.8685
99.9896
99.9924
99.7301
99.8518
99.9962
99.9272
99.7293
99.9677
99.5825
99.8065
99.918
99.9403
99.7456
99.9649
99.934
99.9509
99.8674
99.9236
99.8434
99.9936
99.8014
99.8994
99.9678
99.7472
99.8695
99.9337
99.97
99.7186
99.9886
99.8919
99.9698
99.9741
99.6085
99.9349
99.9508
99.9923
99.8185
99.8092
99.9838
99.984
99.8567
99.9539
99.9643
99.9714
99.5828
99.9723
99.8588
99.9462
99.7527
99.85
99.8281
99.8308
99.9814
99.9299
99.7684
99.81
99.9557
99.8953
99.5767
99.9956
99.8566
99.827
99.9464
99.9837
99.9485
99.9233
99.9952
99.835
99.99
99.9953
99.995
99.8909
99.8706
99.876
99.8953
99.9761
99.8186
99.9317
99.9909
99.984
99.8688
99.8176
99.9432
99.8901
99.8546
99.9538
99.97
99.9881
99.9637
99.7826
99.8747
99.8155
99.9658
99.7411
99.9142
99.8561
99.9742
99.9711
99.9625
99.9526
99.9353
99.6514
99.906
99.8669
99.9927
99.8918
99.9331
99.9689
99.9483
99.9585
99.9819
99.9437
99.7201
99.951
99.7853
99.7374
99.9657
99.9591
99.7732
99.969
99.9659
99.6549
99.9733
99.9243
99.9554
99.6096
99.7135
99.9654
99.9783
99.9639
99.7542
99.9725
99.7888
99.9444
99.9701
99.9701
99.8083
99.7541
99.8912
99.9687
99.7264
99.9625
99.8084
99.8408
99.9746
99.7893
99.7565
99.8777
99.9927
99.8617
99.8466
99.9401
99.884
99.7489
99.9535
99.8504
99.779
99.9978
99.9728
99.9833
99.9137
99.9327
99.9837
99.8863
99.9549
99.8185
99.9617
99.9203
99.9453
99.7588
99.8818
99.9417
99.9741
99.9937
99.9904
99.9332
99.9365
99.9712
99.9012
99.9268
99.8963
99.966
99.6095
99.9704
99.9333
99.9422
99.6743
99.959
99.9967
99.9662
99.7341
99.9008
99.9541
99.9883
99.7807
99.9616
99.7572
99.9803
99.9616
99.8595
99.9272
99.9778
99.948
99.9905
99.8098
99.8937
99.8932
99.9406
99.9904
99.9603
99.6565
99.9976
99.9872
99.9745
99.8947
99.9288
99.9581
99.9944
99.9522
99.9664
99.9677
99.9445
99.9703
99.9314
99.8023
99.961
99.7888
99.963
99.8755
99.888
99.773
99.9791
99.9552
99.96
99.9465
99.8761
99.9231
99.9614
99.842
99.9657
99.9763
99.7843
99.9967
99.9337
99.7407
99.8572
99.9951
99.9498
99.8437
99.8155
99.9465
99.9456
99.8585
99.8194
99.8366
99.7868
99.9192
99.953
99.9498
99.8669
99.9719
99.7572
99.8512
99.9599
99.9291
99.9294
99.7659
99.8537
99.9862
99.9741
99.9825
99.9432
99.9416
99.9606
99.9658
99.9614
99.8834
99.9757
99.9291
99.6738
99.7937
99.9823
99.7288
99.6997
99.8504
99.9629
99.9954
99.8726
99.7255
99.7631
99.9788
99.9539
99.9567
99.9691
99.9747
99.9268
99.9319
99.7631
99.8019
99.9517
99.9698
99.926
99.8319
99.9456
99.8788
99.5909
99.7372
99.948
99.8498
99.6707
99.9823
99.9192
99.9664
99.9754
99.936
99.9489
99.9807
99.9356
99.7741
99.8082
99.8687
99.8423
99.9394
99.7608
99.9201
99.9693
99.8588
99.9597
99.9634
99.902
99.9618
99.9582
99.8983
99.8706
99.993
99.97
99.7781
99.8679
99.7308
99.969
99.9136
99.9496
99.8747
99.9693
99.9017
99.9351
99.921
99.7602
99.9496
99.9853
99.9649
99.8045
99.9685
99.7045
99.8175
99.8452
99.9665
99.8492
99.7301
99.9961
99.664
99.9252
99.8508
99.9667
99.9294
99.9646
99.9555
99.9736
99.9163
99.8676
99.9906
99.6803
99.9946
99.9345
99.8275
99.9579
99.81
99.8787
99.9823
99.9682
99.9614
99.9515
99.8293
99.9204
99.7971
99.886
99.9124
99.9439
99.9201
99.9561
99.9485
99.9029
99.949
99.9516
99.7946
99.9511
99.9513
99.8664
99.8241
99.8678
99.9935
99.8395
99.9394
99.9935
99.8743
99.9558
99.9751
99.8092
99.9649
99.9429
99.8155
99.7916
99.8275
99.9837
99.7602
99.7754
99.9244
99.9539
99.9616
99.988
99.9465
99.7445
99.8317
99.881
99.8983
99.937
99.7817
99.814
99.9546
99.9542
99.9931
99.8983
99.7921
99.9396
99.9488
99.9803
99.9369
99.9945
99.9853
99.684
99.9323
99.97
99.8846
99.8012
99.9268
99.9457
99.9802
99.8979
99.9664
99.6433
99.8026
99.8098
99.9474
99.8177
99.9603
99.8925
99.9741
99.8374
99.941
99.7612
99.9799
99.9685
99.757
99.9958
99.7716
99.9636
99.748
99.9513
99.9659
99.9945
99.9639
99.8939
99.9657
99.9018
99.9101
99.9099
99.987
99.9574
99.6485
99.7647
99.9503
99.7534
99.9276
99.7819
99.9469
99.9655
99.8228
99.9562
99.8742
99.8612
99.9345
99.6803
99.8799
99.9654
99.8155
99.9536
99.9695
99.8328
99.9935
99.9558
99.8758
99.9243
99.9385
99.8158
99.8933
99.9555
99.9418
99.9968
99.9149
99.9914
99.9084
99.8635
99.9044
99.913
99.8481
99.9254
99.9813
99.9687
99.9445
99.9766
99.9222
99.6543
99.9955
99.9319
99.7552
99.8003
99.6569
99.7053
99.9124
99.8572
99.744
99.9528
99.9796
99.9402
99.9051
99.8701
99.8466
99.9774
99.9393
99.9737
99.849
99.8237
99.8123
99.9711
99.8386
99.7084
99.9092
99.9883
99.8479
99.9018
99.9246
99.8703
99.9588
99.9613
99.9044
99.8686
99.7933
99.9693
99.9803
99.8747
99.745
99.8776
99.9683
99.925
99.9595
99.8888
99.7527
99.9356
99.9036
99.9744
99.9512
99.9687
99.9818
99.961
99.7921
99.9674
99.8803
99.9369
99.7796
99.9602
99.7926
99.9349
99.7692
99.8787
99.8258
99.9741
99.9756
99.8504
99.9913
99.8473
99.904
99.9274
99.8078
99.9682
99.9487
99.9699
99.9916
99.9522
99.8554
99.9825
99.9671
99.9567
99.8757
99.9164
99.7283
99.9124
99.879
99.63
99.9238
99.9697
99.9955
99.8667
99.7909
99.9898
99.9637
99.9266
99.9631
99.8228
99.9377
99.9781
99.8395
99.8224
99.8171
99.6197
99.9739
99.8907
99.718
99.9249
99.9613
99.92
99.926
99.9578
99.8199
99.8733
99.9909
99.9811
99.5825
99.8847
99.8039
99.5745
99.8983
99.9947
99.953
99.7123
99.9662
99.8818
99.9586
99.9743
99.9445
99.9932
99.8664
99.725
99.8161
99.8753
99.9595
99.953
99.9924
99.8081
99.9852
99.7901
99.7981
99.9785
99.9754
99.9558
99.9481
99.7362
99.9831
99.8773
99.9319
99.955
99.9556
99.988
99.8932
99.9952
99.9668
99.9976
99.9687
99.9943
99.79
99.8167
99.5828
99.9765
99.9918
99.9669
99.9654
99.8176
99.8518
99.9765
99.9739
99.99
99.9976
99.7536
99.71
99.7354
99.7757
99.9633
99.9107
99.8247
99.9456
99.9334
99.9777
99.9239
99.8859
99.8196
99.8686
99.9114
99.9245
99.8874
99.9482
99.9353
99.8755
99.736
99.7418
99.9541
99.8638
99.8112
99.715
99.893
99.806
99.9916
99.9253
99.8708
99.913
99.7716
99.8818
99.9556
99.9323
99.9686
99.7266
99.7158
99.9697
99.9664
99.6433
99.8792
99.9382
99.9275
99.9457
99.8202
99.9044
99.972
99.7796
99.8658
99.8489
99.9879
99.9254
99.9581
99.9448
99.8722
99.9571
99.9149
99.9136
99.7645
99.8221
99.9192
99.8502
99.7961
99.9388
99.9776
99.8842
99.7709
99.9688
99.8048
99.9229
99.7084
99.7494
99.9552
99.5881
99.9505
99.9949
99.8579
99.8673
99.816
99.9668
99.9612
99.6429
99.9667
99.8671
99.8963
99.9503
99.9518
99.7123
99.8327
99.9272
99.9738
99.9921
99.9581
99.9684
99.71
99.9445
99.9894
99.7931
99.9017
99.9686
99.9924
99.9579
99.9359
99.9173
99.9554
99.9958
99.9851
99.9886
99.8708
99.9166
99.9526
99.9626
99.8471
99.967
99.9954
99.9165
99.8293
99.9855
99.9703
99.935
99.9884
99.9437
99.8822
99.9698
99.8815
99.9052
99.7293
99.6997
99.9456
99.9621
99.8361
99.8008
99.8233
99.9643
99.7701
99.9626
99.9388
99.959
99.9955
99.904
99.7734
99.8525
99.9855
99.9563
99.9325
99.9487
99.9951
99.7959
99.9922
99.9926
99.8954
99.8805
99.9783
99.9353
99.5899
99.984
99.9562
99.7566
99.9886
99.9712
99.9931
99.9119
99.9236
99.8588
99.8712
99.8691
99.9741
99.8912
99.9572
99.8839
99.9075
99.7645
99.744
99.962
99.9382
99.8842
99.7484
99.8565
99.7982
99.7959
99.9047
99.9235
99.9517
99.9206
99.7796
99.9498
99.9595
99.9918
99.9875
99.9024
99.9852
99.9529
99.9062
99.9673
99.8508
99.8684
99.9166
99.9541
99.7476
99.9467
99.7818
99.8784
99.9634
99.8389
99.9634
99.8712
99.9549
99.8984
99.9698
99.9386
99.9658
99.8465
99.9165
99.7575
99.96
99.8624
99.8635
99.9515
99.9515
99.8248
99.9674
99.9526
99.9303
99.7637
99.9404
99.9217
99.9217
99.7747
99.9517
99.9785
99.8386
99.9018
99.9833
99.9641
99.9749
99.8512
99.7647
99.9664
99.9327
99.925
99.7476
99.8637
99.9872
99.994
99.9743
99.9651
99.94
99.9681
99.9958
99.9723
99.8589
99.8473
99.8022
99.9664
99.9243
99.8143
99.9541
99.8105
99.91
99.745
99.9503
99.9695
99.7912
99.8544
99.6738
99.9969
99.7124
99.9733
99.7578
99.7679
99.9166
99.8979
99.8437
99.9437
99.9237
99.9718
99.7512
99.9429
99.95
99.8502
99.8681
99.9463
99.945
99.8949
99.76
99.9546
99.9685
99.9485
99.8245
99.8494
99.9362
99.8731
99.9599
99.9437
99.9698
99.8175
99.9822
99.869
99.9258
99.8092
99.6514
99.9616
99.8389
99.9918
99.9893
99.9869
99.9862
99.9445
99.8143
99.9392
99.5881
99.8765
99.9187
99.8949
99.9255
99.927
99.8405
99.9433
99.9976
99.8787
99.7002
99.9294
99.8281
99.8713
99.9766
99.9796
99.8083
99.7985
99.9075
99.9165
99.9499
99.9465
99.8328
99.7135
99.9595
99.8624
99.7045
99.9896
99.9325
99.9513
99.9682
99.8653
99.9883
99.9694
99.9485
99.7308
99.9229
99.953
99.9643
99.9126
99.9365
99.6862
99.9965
99.9558
99.9258
99.9508
99.9687
99.9869
99.9273
99.9514
99.9797
99.9509
99.869
99.934
99.9029
99.8693
99.8668
99.9324
99.9905
99.9954
99.7683
99.9202
99.9711
99.966
99.7682
99.9016
99.9888
99.9623
99.9509
99.8815
99.79
99.9554
99.9893
99.9765
99.7119
99.8832
99.9774
99.8138
99.9656
99.6183
99.9702
99.9924
99.9669
99.9799
99.9507
99.9837
99.9061
99.9953
99.7687
99.8015
99.7223
99.8849
99.8386
99.9653
99.9345
99.9369
99.959
99.8714
99.692
99.9417
99.8132
99.9799
99.8538
99.8408
99.8671
99.9319
99.9118
99.8067
99.9762
99.9739
99.8116
99.8747
99.794
99.9627
99.9431
99.995
99.9657
99.7852
99.9838
99.9258
99.9047
99.9243
99.9325
99.762
99.999
99.8333
99.9687
99.5937
99.9616
99.8741
99.8742
99.9664
99.8237
99.9521
99.9698
99.9824
99.9773
99.8944
99.9848
99.7698
99.8048
99.7647
99.7053
99.96
99.9721
99.9958
99.5881
99.9538
99.9247
99.8738
99.8871
99.6997
99.9741
99.9794
99.9722
99.8179
99.9242
99.9119
99.6955
99.7991
99.8405
99.8947
99.9391
99.8489
99.9746
99.9413
99.9532
99.8691
99.9651
99.8609
99.9599
99.9615
99.9718
99.7281
99.7284
99.94
99.9696
99.969
99.9855
99.9217
99.8712
99.9503
99.8181
99.8706
99.9951
99.948
99.9672
99.745
99.8158
99.9638
99.8571
99.9958
99.7641
99.9458
99.9783
99.9538
99.9983
99.7776
99.9019
99.9398
99.709
99.9685
99.8229
99.962
99.7853
99.7855
99.9471
99.9628
99.9303
99.943
99.7862
99.9825
99.8802
99.9716
99.867
99.9291
99.696
99.9239
99.9508
99.8148
99.961
99.9936
99.9676
99.9416
99.9967
99.9582
99.973
99.9254
99.9576
99.9611
99.9118
99.7972
99.7912
99.9183
99.684
99.9463
99.9464
99.9646
99.9148
99.9116
99.9513
99.7716
99.9501
99.6514
99.9269
99.7933
99.6206
99.951
99.8635
99.8012
99.9612
99.9112
99.9541
99.9888
99.9334
99.8085
99.8824
99.9512
99.95
99.7943
99.848
99.9428
99.9944
99.9276
99.9017
99.9954
99.8003
99.9308
99.9416
99.8003
99.9745
99.7521
99.8677
99.9445
99.8658
99.8216
99.7903
99.8773
99.9592
99.9918
99.9598
99.9345
99.7971
99.9575
99.7893
99.9273
99.7791
99.8044
99.9071
99.7043
99.8435
99.9813
99.9664
99.8664
99.7982
99.9886
99.8681
99.7558
99.9482
99.9141
99.858
99.8713
99.9935
99.9913
99.9537
99.948
99.9936
99.9382
99.9295
99.7458
99.9957
99.9783
99.9287
99.9587
99.9287
99.8248
99.8724
99.9868
99.9353
99.9522
99.9445
99.9591
99.8709
99.7799
99.9813
99.9962
99.8679
99.8871
99.8452
99.9449
99.9689
99.996
99.984
99.9266
99.9457
99.9738
99.9086
99.856
99.7578
99.7975
99.9532
99.9428
99.9389
99.7418
99.9823
99.9857
99.9697
99.9862
99.9524
99.9273
99.9701
99.7975
99.9951
99.9279
99.9561
99.9164
99.5881
99.9578
99.9164
99.9963
99.8065
99.9766
99.9664
99.9597
99.75
99.7588
99.9601
99.9723
99.9643
99.9461
99.9877
99.9002
99.8787
99.783
99.9828
99.9465
99.6522
99.9276
99.7074
99.9788
99.9542
99.7302
99.9162
99.835
99.8036
99.994
99.9939
99.8772
99.7704
99.9201
99.8747
99.823
99.9678
99.9555
99.9595
99.913
99.9974
99.8482
99.9629
99.9849
99.9269
99.994
99.9043
99.9352
99.9613
99.9535
99.8491
99.7456
99.9063
99.9323
99.9136
99.8874
99.9542
99.9928
99.9936
99.9294
99.9
99.9938
99.7741
99.5902
99.7901
99.9388
99.9144
99.822
99.9686
99.7683
99.9914
99.952
99.9804
99.748
99.9139
99.8471
99.9775
99.9733
99.9829
99.9964
99.9432
99.9928
99.7693
99.7943
99.9037
99.84
99.9457
99.6847
99.9449
99.9331
99.813
99.9605
99.9567
99.9554
99.9558
99.9503
99.8664
99.9699
99.9807
99.9612
99.9509
99.9529
99.8296
99.902
99.9345
99.9599
99.8444
99.8775
99.8622
99.9148
99.9541
99.918
99.8641
99.8977
99.7284
99.8085
99.935
99.995
99.9377
99.9242
99.973
99.9943
99.9041
99.9445
99.9978
99.976
99.9467
99.9636
99.9588
99.8097
99.7641
99.994
99.773
99.8389
99.7541
99.9671
99.8461
99.9855
99.7552
99.9662
99.9291
99.9982
99.7055
99.9504
99.8366
99.9733
99.9927
99.9681
99.9542
99.9787
99.969
99.8506
99.8494
99.9947
99.9711
99.988
99.622
99.9116
99.6847
99.9029
99.9238
99.9641
99.9844
99.7521
99.9794
99.9535
99.9684
99.8773
99.8617
99.9509
99.9047
99.9876
99.9962
99.6182
99.8408
99.84
99.8052
99.7158
99.969
99.9529
99.9639
99.767
99.9568
99.7647
99.8554
99.9025
99.7509
99.9833
99.9754
99.9655
99.9699
99.8946
99.731
99.6939
99.9465
99.9368
99.8047
99.8643
99.9614
99.9201
99.9667
99.9376
99.9275
99.9838
99.9791
99.9959
99.9958
99.9238
99.948
99.9556
99.9043
99.9674
99.5947
99.9299
99.9983
99.7931
99.9438
99.9084
99.9598
99.9884
99.9952
99.9515
99.9254
99.9628
99.9916
99.77
99.8989
99.9079
99.952
99.9612
99.7683
99.859
99.9948
99.9272
99.8105
99.8881
99.918
99.5989
99.8384
99.9946
99.9639
99.9017
99.8747
99.9635
99.9861
99.8691
99.7159
99.8635
99.9086
99.9788
99.9901
99.9555
99.9183
99.9955
99.9671
99.9704
99.9701
99.9217
99.9962
99.7798
99.9731
99.9253
99.9163
99.9513
99.9865
99.9052
99.71
99.95
99.9992
99.9982
99.9233
99.9473
99.9823
99.7572
99.9288
99.75
99.8079
99.7584
99.8731
99.8092
99.8713
99.7865
99.9962
99.7937
99.7472
99.9496
99.9695
99.9291
99.9774
99.991
99.8774
99.8972
99.9437
99.9564
99.9579
99.9849
99.9626
99.7084
99.9618
99.8003
99.9494
99.7568
99.9922
99.8183
99.9614
99.934
99.9651
99.7821
99.9396
99.9937
99.9536
99.5937
99.8715
99.8498
99.8779
99.9255
99.9032
99.9471
99.9373
99.9959
99.8202
99.9296
99.8067
99.9562
99.9304
99.9758
99.9174
99.9232
99.9667
99.9582
99.7765
99.973
99.9603
99.9452
99.9232
99.946
99.9532
99.6281
99.7695
99.6039
99.9473
99.8735
99.7693
99.921
99.8471
99.9589
99.8097
99.7427
99.8141
99.9945
99.9517
99.7284
99.9513
99.9908
99.8112
99.9877
99.76
99.9803
99.9668
99.9507
99.7194
99.9765
99.942
99.8405
99.8199
99.8726
99.8041
99.7055
99.9206
99.9604
99.9693
99.794
99.9634
99.7807
99.8333
99.8637
99.978
99.8803
99.9865
99.9602
99.9774
99.6433
99.7542
99.8846
99.981
99.8254
99.9114
99.9828
99.9535
99.951
99.8212
99.9218
99.9674
99.9471
99.9396
99.9084
99.9918
99.9048
99.942
99.968
99.7675
99.6391
99.8678
99.5828
99.9664
99.9558
99.9992
99.9595
99.9828
99.7607
99.9503
99.8398
99.7084
99.745
99.8706
99.9314
99.9437
99.8008
99.9394
99.9628
99.7912
99.9617
99.9202
99.8948
99.9788
99.9323
99.9589
99.9389
99.944
99.9701
99.9766
99.8216
99.6281
99.9588
99.6331
99.8234
99.9595
99.7308
99.9632
99.6707
99.8983
99.9489
99.9705
99.9067
99.9237
99.8224
99.5718
99.9932
99.9776
99.9396
99.9976
99.8783
99.8925
99.9578
99.9769
99.9027
99.81
99.7817
99.8078
99.808
99.943
99.9686
99.9149
99.8906
99.9596
99.9081
99.9463
99.9337
99.7645
99.808
99.8497
99.9905
99.9552
99.8839
99.9349
99.9643
99.9739
99.8408
99.745
99.9639
99.9465
99.9698
99.9258
99.9443
99.9893
99.965
99.8228
99.9526
99.7974
99.7665
99.8784
99.9218
99.7632
99.8019
99.74
99.9919
99.9686
99.9556
99.8811
99.9016
99.996
99.9407
99.8495
99.7458
99.9664
99.8611
99.9179
99.771
99.9199
99.9236
99.9909
99.9741
99.9428
99.9722
99.9596
99.7942
99.9425
99.8805
99.967
99.9726
99.9044
99.8691
99.8054
99.8481
99.7159
99.9079
99.8066
99.7372
99.7647
99.9619
99.881
99.927
99.9489
99.8019
99.9958
99.9504
99.9958
99.9246
99.745
99.9455
99.9917
99.8709
99.8023
99.959
99.9814
99.9209
99.9441
99.9278
99.715
99.8565
99.9389
99.7641
99.8498
99.9595
99.7938
99.9312
99.908
99.9643
99.71
99.8216
99.9485
99.9183
99.8681
99.9639
99.9689
99.9105
99.7896
99.9983
99.9233
99.8082
99.8919
99.8112
99.9475
99.9455
99.9991
99.8948
99.9029
99.95
99.8849
99.8909
99.9896
99.9823
99.7976
99.8624
99.9298
99.9114
99.9852
99.858
99.9238
99.9347
99.9845
99.9317
99.6743
99.9984
99.8579
99.9659
99.9295
99.9337
99.7983
99.8392
99.8679
99.8863
99.8775
99.8842
99.9871
99.8925
99.8008
99.9141
99.936
99.9731
99.9957
99.9488
99.75
99.913
99.9168
99.7121
99.9631
99.9701
99.7665
99.8157
99.759
99.9253
99.9043
99.7708
99.6738
99.9952
99.9598
99.9567
99.9412
99.9814
99.7776
99.8811
99.9423
99.9704
99.9542
99.9345
99.9102
99.9438
99.9978
99.9325
99.7896
99.8466
99.9558
99.8979
99.9681
99.9359
99.9362
99.9992
99.8395
99.9562
99.9667
99.91
99.8353
99.8994
99.9963
99.9374
99.9956
99.8155
99.79
99.9515
99.7674
99.9781
99.9591
99.9061
99.9649
99.94
99.9266
99.9517
99.7386
99.8374
99.977
99.8724
99.9324
99.8679
99.913
99.9394
99.6861
99.7372
99.8587
99.9433
99.9659
99.982
99.8487
99.9266
99.9317
99.8949
99.9793
99.9762
99.9955
99.9794
99.9688
99.8096
99.9136
99.8381
99.9236
99.9344
99.9937
99.8126
99.8275
99.9893
99.9067
99.939
99.9792
99.9849
99.8975
99.79
99.9365
99.9529
99.971
99.9438
99.6508
99.9562
99.9254
99.9634
99.684
99.9605
99.9982
99.8473
99.8003
99.7958
99.9283
99.908
99.9666
99.9509
99.9596
99.9437
99.9136
99.9075
99.935
99.9707
99.9473
99.9613
99.9837
99.8758
99.8712
99.9766
99.9833
99.9238
99.9654
99.779
99.9556
99.9929
99.8612
99.9845
99.8823
99.9628
99.8707
99.9826
99.8617
99.9504
99.9337
99.9346
99.8174
99.9935
99.7741
99.973
99.9757
99.9598
99.9591
99.7612
99.8196
99.9396
99.9624
99.9497
99.9443
99.8865
99.9473
99.9244
99.9681
99.7983
99.8937
99.9245
99.7221
99.9718
99.9474
99.9029
99.9972
99.9141
99.9625
99.9962
99.9951
99.7991
99.7827
99.8023
99.9239
99.612
99.9149
99.9589
99.8762
99.8497
99.9356
99.9346
99.9509
99.6508
99.7418
99.9369
99.8617
99.9353
99.7708
99.9159
99.9926
99.9573
99.9269
99.9535
99.9696
99.858
99.9785
99.9595
99.8663
99.9637
99.9437
99.9384
99.92
99.9437
99.8811
99.986
99.976
99.8637
99.7477
99.588
99.9431
99.9938
99.8405
99.8521
99.8788
99.9822
99.9432
99.9685
99.9229
99.918
99.9317
99.8907
99.89
99.9939
99.8742
99.8423
99.8612
99.9118
99.9769
99.9855
99.7884
99.9268
99.9956
99.9165
99.9276
99.9793
99.8561
99.9698
99.9542
99.9374
99.9156
99.7354
99.8908
99.8655
99.9548
99.8481
99.6936
99.9547
99.9644
99.6557
99.8547
99.8809
99.8802
99.9637
99.7476
99.8923
99.7698
99.858
99.9264
99.9339
99.9908
99.918
99.9653
99.9945
99.8695
99.9732
99.9465
99.8697
99.9694
99.8392
99.662
99.951
99.8167
99.9044
99.9546
99.8565
99.8671
99.9671
99.9908
99.8708
99.9913
99.8023
99.9245
99.8724
99.8415
99.8045
99.9493
99.966
99.7147
99.9086
99.9924
99.9618
99.8317
99.7692
99.9538
99.966
99.9538
99.9444
99.9167
99.8942
99.9745
99.7937
99.7119
99.9803
99.8171
99.6078
99.7682
99.8761
99.9657
99.929
99.9575
99.8705
99.9412
99.9457
99.8758
99.9594
99.886
99.844
99.7131
99.9532
99.7684
99.9629
99.8162
99.9976
99.7665
99.952
99.9918
99.8083
99.7716
99.8925
99.9684
99.9957
99.978
99.7982
99.773
99.9959
99.9672
99.9694
99.9612
99.9658
99.9674
99.9541
99.9622
99.7
99.7264
99.9394
99.8681
99.9716
99.924
99.9726
99.9955
99.9641
99.991
99.6183
99.9277
99.941
99.959
99.9926
99.814
99.9587
99.9602
99.95
99.7572
99.5902
99.9775
99.9589
99.9537
99.9296
99.9474
99.9518
99.8012
99.9741
99.895
99.9457
99.965
99.8901
99.967
99.9255
99.9384
99.7985
99.9556
99.988
99.9527
99.7817
99.8386
99.9327
99.9581
99.9534
99.9774
99.8455
99.8612
99.7972
99.7322
99.9657
99.9794
99.9766
99.9951
99.9728
99.9862
99.7892
99.6164
99.9136
99.84
99.9139
99.9561
99.9692
99.9369
99.9533
99.8706
99.5919
99.9542
99.7548
99.9896
99.8747
99.8186
99.9794
99.9749
99.7602
99.9558
99.7645
99.7737
99.9952
99.8405
99.9703
99.9592
99.7194
99.7921
99.8457
99.7534
99.9118
99.806
99.7975
99.8979
99.7794
99.9079
99.9778
99.9517
99.999
99.9682
99.836
99.9278
99.7338
99.9445
99.7641
99.7693
99.7522
99.9662
99.9548
99.9911
99.9432
99.9553
99.6514
99.9431
99.9135
99.9529
99.8971
99.9683
99.9575
99.9562
99.9896
99.8186
99.9669
99.9775
99.9232
99.967
99.9388
99.8772
99.9567
99.8714
99.9041
99.6803
99.9935
99.7925
99.894
99.9812
99.9287
99.9823
99.9722
99.8065
99.9628
99.9611
99.7865
99.9291
99.9461
99.9938
99.9907
99.8738
99.9319
99.9698
99.9133
99.5998
99.9782
99.9654
99.9243
99.9573
99.9121
99.9962
99.8572
99.9558
99.9912
99.9438
99.7659
99.9037
99.8636
99.9728
99.9398
99.8179
99.9939
99.9602
99.8774
99.9982
99.9629
99.9471
99.849
99.9102
99.9936
99.9943
99.8528
99.9775
99.9431
99.8706
99.9343
99.9719
99.9993
99.9429
99.9712
99.9674
99.8687
99.891
99.9775
99.9242
99.9722
99.9631
99.9803
99.9961
99.92
99.8229
99.9677
99.8946
99.9855
99.7458
99.9449
99.8408
99.8366
99.8173
99.9523
99.8671
99.9909
99.9867
99.9002
99.7693
99.9276
99.8389
99.8632
99.7865
99.9553
99.9745
99.9592
99.9693
99.8847
99.9588
99.9614
99.8386
99.9924
99.873
99.9485
99.9822
99.924
99.8716
99.9614
99.8885
99.9703
99.8145
99.6939
99.9278
99.961
99.9908
99.9628
99.9209
99.7308
99.9222
99.9365
99.953
99.6795
99.9951
99.9425
99.7631
99.9965
99.9949
99.9859
99.612
99.9455
99.9449
99.74
99.9956
99.908
99.8171
99.9447
99.9991
99.9572
99.8123
99.9167
99.9642
99.9242
99.6939
99.9589
99.8044
99.6281
99.9795
99.9471
99.9324
99.9625
99.9938
99.9984
99.8792
99.7836
99.9044
99.9573
99.9414
99.97
99.7704
99.8041
99.9298
99.9956
99.9539
99.928
99.8296
99.9736
99.936
99.8707
99.7055
99.8994
99.9421
99.9984
99.9992
99.7591
99.9676
99.6087
99.8495
99.9236
99.9118
99.9509
99.888
99.9689
99.9303
99.7554
99.9958
99.9894
99.9938
99.8706
99.9559
99.9735
99.958
99.6522
99.9714
99.9611
99.8039
99.6183
99.9455
99.9976
99.8963
99.9253
99.9457
99.9595
99.9949
99.9869
99.7159
99.6175
99.8651
99.81
99.9637
99.9807
99.9202
99.879
99.8812
99.8773
99.7266
99.944
99.7558
99.8221
99.9665
99.9762
99.9694
99.8709
99.9578
99.7266
99.8783
99.8718
99.9145
99.6522
99.961
99.8439
99.9517
99.9233
99.9814
99.9535
99.8205
99.9922
99.9811
99.9674
99.913
99.9325
99.8234
99.9548
99.9429
99.9503
99.8761
99.9517
99.8669
99.8076
99.8106
99.9513
99.8685
99.9838
99.99
99.7747
99.7121
99.7483
99.9676
99.9548
99.9314
99.886
99.8067
99.8963
99.8679
99.9445
99.9325
99.9323
99.9473
99.7739
99.7159
99.9029
99.9557
99.9581
99.9341
99.8643
99.8398
99.7701
99.9766
99.9017
99.9945
99.8579
99.9723
99.8626
99.9695
99.9373
99.9387
99.926
99.9254
99.9238
99.7584
99.9916
99.9574
99.8761
99.9803
99.9585
99.8063
99.9534
99.9432
99.692
99.79
99.8877
99.8224
99.8587
99.9198
99.9266
99.9951
99.7791
99.8635
99.9107
99.9955
99.731
99.9823
99.842
99.7445
99.994
99.9949
99.9511
99.938
99.948
99.8566
99.955
99.9236
99.8202
99.965
99.9539
99.9419
99.8638
99.9628
99.9579
99.991
99.9674
99.943
99.9236
99.9536
99.9654
99.992
99.7665
99.9485
99.9021
99.794
99.7665
99.8506
99.9327
99.9515
99.959
99.9876
99.5964
99.9528
99.7972
99.8946
99.7221
99.9581
99.9387
99.9898
99.9417
99.8132
99.9263
99.9776
99.8389
99.908
99.8703
99.9077
99.9741
99.9526
99.8846
99.9795
99.9831
99.8556
99.9351
99.9955
99.8547
99.9898
99.8096
99.9684
99.8405
99.7708
99.9143
99.9535
99.9794
99.9627
99.8205
99.9546
99.9753
99.5745
99.9639
99.8617
99.8708
99.7077
99.9233
99.9656
99.9051
99.7827
99.9653
99.7943
99.9811
99.9698
99.7892
99.9852
99.8731
99.9607
99.9697
99.9302
99.8688
99.8749
99.8735
99.9268
99.9927
99.9722
99.9416
99.6738
99.9876
99.9384
99.9232
99.954
99.9431
99.842
99.9641
99.9337
99.96
99.8384
99.9497
99.999
99.7961
99.8427
99.9553
99.9541
99.8389
99.8481
99.7624
99.9379
99.9897
99.8381
99.9353
99.9401
99.9915
99.9512
99.9509
99.9754
99.9137
99.8083
99.7769
99.8691
99.8707
99.9542
99.9579
99.8333
99.5994
99.8023
99.8588
99.9508
99.9281
99.9294
99.8933
99.9626
99.7935
99.9209
99.9924
99.7765
99.9417
99.8482
99.9242
99.8874
99.6803
99.7341
99.9983
99.9432
99.9477
99.8512
99.9726
99.718
99.8658
99.8612
99.9576
99.9494
99.9577
99.9337
99.7912
99.951
99.9327
99.854
99.7264
99.975
99.9272
99.9591
99.9342
99.9445
99.9701
99.7769
99.7921
99.8669
99.7853
99.8473
99.9855
99.808
99.8512
99.9579
99.8386
99.9029
99.9686
99.8405
99.9118
99.9858
99.6565
99.9853
99.9417
99.8013
99.9695
99.9277
99.9516
99.9029
99.9369
99.6997
99.8787
99.9107
99.958
99.8921
99.9961
99.8571
99.955
99.612
99.9894
99.9954
99.9578
99.9742
99.8718
99.9604
99.9954
99.7698
99.8002
99.9458
99.7845
99.9934
99.9489
99.9548
99.7903
99.9631
99.9812
99.9834
99.9629
99.9345
99.8621
99.8907
99.8198
99.9618
99.7927
99.9704
99.9233
99.9407
99.8237
99.9659
99.994
99.79
99.9555
99.9324
99.9589
99.9443
99.9509
99.973
99.938
99.7765
99.9617
99.662
99.8681
99.9181
99.9739
99.9013
99.9398
99.9529
99.9962
99.7418
99.836
99.9337
99.961
99.962
99.9044
99.9374
99.7597
99.9202
99.8638
99.9511
99.9642
99.7504
99.948
99.9524
99.9954
99.8482
99.9681
99.8353
99.806
99.9928
99.8712
99.9236
99.9795
99.9862
99.9299
99.9912
99.9491
99.9681
99.8275
99.948
99.9259
99.9962
99.8455
99.9634
99.9567
99.764
99.8444
99.9594
99.9772
99.9489
99.9693
99.9935
99.8977
99.9515
99.9943
99.9624
99.949
99.7264
99.9535
99.9019
99.9793
99.9213
99.9588
99.9138
99.9473
99.9536
99.9659
99.7468
99.8852
99.988
99.9918
99.9323
99.9677
99.9516
99.8439
99.8481
99.9135
99.9711
99.9555
99.9456
99.9965
99.9509
99.9335
99.9519
99.938
99.9114
99.9692
99.9961
99.8636
99.8947
99.8749
99.9334
99.758
99.9478
99.9234
99.8105
99.662
99.8241
99.9962
99.7826
99.8039
99.9894
99.7301
99.9417
99.9337
99.9462
99.9589
99.7345
99.9358
99.9766
99.9324
99.9179
99.9455
99.9008
99.9951
99.6485
99.9562
99.8609
99.8328
99.8381
99.7893
99.8673
99.9393
99.8327
99.9852
99.9219
99.8366
99.9084
99.9371
99.8448
99.9464
99.9833
99.9824
99.7611
99.81
99.9513
99.7621
99.9538
99.9741
99.9633
99.7921
99.8643
99.8777
99.9299
99.9103
99.9458
99.7947
99.9405
99.9196
99.9396
99.9581
99.8644
99.9975
99.9901
99.8174
99.9269
99.9342
99.9954
99.9635
99.8845
99.9813
99.9694
99.9369
99.8241
99.9509
99.9467
99.915
99.7176
99.9657
99.9217
99.9613
99.8178
99.978
99.9695
99.9508
99.9632
99.8181
99.9209
99.9412
99.8621
99.9121
99.9848
99.7698
99.9657
99.8481
99.95
99.9146
99.9503
99.9826
99.93
99.9299
99.904
99.8002
99.9254
99.7991
99.9959
99.962
99.8989
99.9149
99.7981
99.9689
99.95
99.7971
99.8608
99.6182
99.7765
99.9594
99.9437
99.8735
99.9254
99.9359
99.9865
99.9533
99.8935
99.8518
99.9691
99.8701
99.76
99.7707
99.8805
99.9547
99.84
99.757
99.9853
99.9879
99.915
99.8865
99.906
99.9538
99.9799
99.9012
99.7785
99.9435
99.79
99.7139
99.9718
99.9522
99.9485
99.9533
99.9586
99.9931
99.9486
99.8961
99.8011
99.9137
99.9432
99.9961
99.835
99.7221
99.9232
99.8465
99.9737
99.8036
99.991
99.9695
99.8339
99.696
99.8439
99.9923
99.9424
99.783
99.9545
99.969
99.9946
99.9595
99.9681
99.7847
99.8685
99.926
99.9464
99.9865
99.929
99.9333
99.934
99.9402
99.9387
99.9868
99.9503
99.9615
99.9613
99.8143
99.7884
99.9496
99.8072
99.7522
99.7458
99.9402
99.8045
99.9534
99.8749
99.96
99.9351
99.9657
99.9545
99.9287
99.9106
99.8621
99.9674
99.9799
99.76
99.9762
99.9242
99.9669
99.8003
99.8971
99.9518
99.999
99.9254
99.9653
99.8983
99.988
99.9772
99.9896
99.9369
99.9493
99.9067
99.9334
99.9674
99.8771
99.7445
99.9523
99.9331
99.8852
99.918
99.9455
99.9237
99.9389
99.9017
99.8935
99.9711
99.9595
99.9657
99.9696
99.9449
99.995
99.7853
99.935
99.9588
99.9508
99.7961
99.6331
99.9276
99.8245
99.9075
99.9267
99.9469
99.8116
99.9765
99.9921
99.8308
99.9951
99.8871
99.8921
99.5745
99.9982
99.9741
99.9118
99.8228
99.8967
99.9478
99.973
99.9814
99.9665
99.8097
99.9896
99.8924
99.9559
99.9967
99.9066
99.8066
99.7223
99.875
99.9645
99.961
99.996
99.9051
99.9711
99.9482
99.6634
99.9632
99.9541
99.994
99.9411
99.9602
99.8158
99.7631
99.7912
99.8834
99.9962
99.7796
99.8118
99.9975
99.9818
99.7765
99.662
99.8706
99.858
99.8783
99.9209
99.7221
99.8908
99.8022
99.7851
99.7727
99.9461
99.9857
99.9181
99.7407
99.6391
99.9698
99.9561
99.9185
99.9646
99.859
99.9893
99.9452
99.9388
99.9671
99.7804
99.9684
99.8667
99.8319
99.9968
99.8439
99.9632
99.9343
99.9537
99.8805
99.8691
99.999
99.9144
99.9684
99.8702
99.6393
99.9441
99.9803
99.9813
99.9725
99.993
99.8202
99.9721
99.7972
99.973
99.9394
99.9449
99.7301
99.881
99.7757
99.9976
99.9807
99.9041
99.8649
99.816
99.9596
99.8811
99.9785
99.8624
99.6514
99.6508
99.949
99.9778
99.988
99.9004
99.9253
99.8008
99.8733
99.9219
99.9449
99.9794
99.9146
99.9757
99.9765
99.9433
99.7845
99.854
99.95
99.994
99.8184
99.9716
99.9345
99.9232
99.7959
99.9253
99.9515
99.9927
99.9748
99.8703
99.9373
99.9469
99.9594
99.9778
99.8718
99.8983
99.9161
99.8019
99.9195
99.9744
99.8174
99.9203
99.9893
99.8106
99.7566
99.9298
99.9938
99.789
99.9388
99.9612
99.9629
99.86
99.7757
99.8498
99.9773
99.9236
99.9732
99.7568
99.9686
99.8713
99.8446
99.869
99.9254
99.8572
99.9673
99.7851
99.8374
99.7445
99.9431
99.9588
99.9718
99.9136
99.8232
99.7355
99.8186
99.9716
99.9629
99.6803
99.7641
99.7946
99.9562
99.9693
99.7591
99.9567
99.9937
99.9699
99.987
99.9757
99.8389
99.9731
99.9928
99.925
99.8083
99.9323
99.9959
99.8145
99.8777
99.9956
99.6997
99.902
99.9373
99.918
99.9669
99.9193
99.9469
99.9627
99.961
99.9658
99.975
99.7852
99.9628
99.9541
99.7769
99.9202
99.8729
99.8181
99.9653
99.8386
99.9993
99.7853
99.9029
99.9521
99.8281
99.9528
99.9736
99.8994
99.8773
99.9869
99.995
99.9787
99.886
99.9118
99.9471
99.7338
99.9796
99.973
99.9736
99.8971
99.9922
99.8678
99.9746
99.9656
99.9564
99.9938
99.9075
99.8595
99.9965
99.8997
99.9244
99.9601
99.9403
99.9347
99.9922
99.8719
99.8048
99.7992
99.8953
99.9517
99.8979
99.9668
99.9168
99.7888
99.8062
99.9559
99.9476
99.8805
99.9804
99.7659
99.9548
99.8199
99.961
99.8471
99.9599
99.9558
99.8912
99.9144
99.9394
99.8006
99.993
99.953
99.7391
99.9686
99.9867
99.7493
99.9252
99.9534
99.9961
99.8602
99.8177
99.9635
99.9121
99.8713
99.803
99.9405
99.9743
99.7468
99.9538
99.9612
99.9015
99.8176
99.9351
99.7578
99.9332
99.8972
99.9778
99.9753
99.9778
99.9625
99.9548
99.9777
99.8712
99.9594
99.8149
99.7695
99.9664
99.803
99.766
99.9298
99.9342
99.9467
99.9769
99.9918
99.9952
99.6971
99.9695
99.8181
99.8869
99.9579
99.7707
99.9595
99.9578
99.9867
99.927
99.6569
99.7962
99.9927
99.8925
99.9718
99.9386
99.9487
99.99
99.8012
99.9983
99.9596
99.9776
99.7477
99.9556
99.8678
99.9249
99.5828
99.9219
99.8522
99.9233
99.9558
99.9362
99.8282
99.9454
99.9682
99.9588
99.8924
99.9209
99.9548
99.8796
99.943
99.7139
99.9632
99.7878
99.7927
99.8979
99.8921
99.8434
99.9029
99.8047
99.9955
99.8296
99.8925
99.9443
99.9587
99.9797
99.8846
99.9503
99.9754
99.8706
99.8694
99.9704
99.9546
99.8038
99.9422
99.7612
99.9723
99.9695
99.8408
99.9632
99.9686
99.9738
99.9296
99.8316
99.9351
99.7659
99.9626
99.9685
99.961
99.7817
99.95
99.9629
99.9676
99.9886
99.9607
99.8779
99.9955
99.7794
99.9703
99.995
99.9876
99.9389
99.9539
99.9078
99.9975
99.9862
99.9644
99.9374
99.9524
99.8512
99.8803
99.9496
99.9207
99.8875
99.946
99.9597
99.7934
99.9954
99.9373
99.6543
99.8588
99.7971
99.8572
99.8908
99.8537
99.8611
99.9253
99.904
99.9515
99.8126
99.965
99.9298
99.8705
99.7669
99.8293
99.8179
99.9962
99.872
99.8145
99.9301
99.9234
99.9274
99.8495
99.9796
99.9374
99.8749
99.7796
99.8707
99.8671
99.988
99.9698
99.9508
99.9618
99.8719
99.8712
99.9278
99.9886
99.9396
99.9838
99.9603
99.9957
99.8732
99.8063
99.9782
99.9385
99.978
99.7053
99.8465
99.9464
99.6634
99.9625
99.638
99.9555
99.92
99.8833
99.9577
99.7084
99.9628
99.9787
99.953
99.884
99.9781
99.8587
99.8054
99.8003
99.8026
99.9598
99.8509
99.935
99.823
99.9633
99.9453
99.9604
99.8579
99.9041
99.9685
99.9852
99.9722
99.9015
99.7473
99.9564
99.9144
99.6391
99.9273
99.7865
99.7892
99.9467
99.9762
99.9499
99.8508
99.7707
99.9923
99.8766
99.8237
99.6997
99.9556
99.9617
99.9528
99.9107
99.9517
99.9307
99.8901
99.7765
99.9343
99.9376
99.9346
99.8569
99.9689
99.9876
99.9599
99.9374
99.7817
99.8948
99.8015
99.973
99.9701
99.913
99.8893
99.8907
99.6087
99.8013
99.9611
99.8706
99.7527
99.952
99.9614
99.9303
99.9323
99.9183
99.835
99.886
99.8747
99.7473
99.8026
99.9932
99.8283
99.8961
99.8122
99.9824
99.7266
99.9775
99.6522
99.9549
99.9589
99.9813
99.9304
99.9067
99.8811
99.961
99.7015
99.8824
99.9951
99.8626
99.9173
99.9667
99.8871
99.8048
99.9664
99.9861
99.9486
99.9375
99.7659
99.942
99.8186
99.9405
99.9425
99.9345
99.9591
99.8686
99.7652
99.9337
99.9596
99.7607
99.873
99.7675
99.9618
99.9711
99.9532
99.972
99.9629
99.9029
99.9581
99.9662
99.9945
99.6433
99.9526
99.7707
99.9578
99.9403
99.9327
99.8423
99.9757
99.8703
99.7634
99.9535
99.8219
99.9777
99.9731
99.9638
99.9535
99.9462
99.5917
99.9761
99.9833
99.5718
99.9272
99.9126
99.9961
99.98
99.8881
99.9016
99.8787
99.8415
99.9415
99.8105
99.9845
99.9595
