99.7733
98.759
99.8503
99.9067
99.9343
98.6862
99.9952
99.9457
99.0417
99.0686
99.9339
98.4354
99.2682
98.7505
99.9345
98.9636
98.7882
99.9623
99.7088
98.8901
98.7381
98.751
99.7726
98.7183
99.9699
98.8676
98.7146
98.8067
98.9333
99.0707
99.0775
98.8562
98.8101
98.6096
99.9972
98.6693
99.8235
98.7768
98.8612
99.9268
99.5444
99.9592
99.8473
98.4022
98.8162
99.1188
98.858
98.7839
98.9556
98.8743
99.9535
99.8706
98.4715
98.786
98.758
99.7888
98.8286
98.9508
99.9753
99.9331
98.9562
98.8557
98.7715
99.9272
99.943
99.8906
98.6118
99.0282
98.7192
99.9156
98.3668
99.9513
98.7727
99.887
99.9807
99.9581
99.7978
98.8214
98.6665
99.999
98.7845
99.094
98.8715
99.0436
99.8719
98.8111
98.9777
99.9608
99.9547
98.7241
99.9258
99.0587
99.9523
99.9393
99.329
99.8217
98.4505
98.7303
99.875
98.7208
99.9341
99.7865
99.9656
99.8946
99.9614
98.3101
99.0128
99.9907
99.9041
98.9243
99.0623
98.973
99.0075
99.7672
99.9121
98.6855
99.8544
98.8839
99.9834
96.8504
98.6473
98.3335
99.0627
98.2702
99.0137
99.8788
99.9457
99.7602
99.0507
99.9915
98.6501
98.6388
99.9439
98.9645
99.2645
99.9959
99.9436
99.7326
98.8449
99.9699
99.973
99.452
98.7443
99.973
98.7389
98.9622
98.8617
99.0037
98.897
96.6324
99.9883
98.8711
99.938
99.9382
98.7092
98.7812
99.9701
99.0296
98.7719
98.843
98.826
99.9172
99.9445
99.9196
99.9922
98.6824
98.9033
98.8542
99.9299
99.8777
98.942
99.8778
99.9826
98.7717
99.8954
99.0211
99.8948
99.0571
99.984
99.9478
98.6976
99.9244
98.8363
99.0516
99.9828
99.0232
99.0513
98.8779
98.6807
99.8395
99.9322
98.8133
99.0156
99.9191
99.9672
96.4898
98.9108
99.8963
99.9701
99.9258
98.7174
99.8907
98.8123
99.9883
99.748
98.8762
99.9681
98.7108
99.9739
98.7833
98.8878
99.9349
99.9538
98.8449
98.9986
98.3411
98.6791
98.5147
98.8389
99.8906
99.99
98.998
99.9837
99.9813
99.9144
99.9601
99.9198
99.016
99.0463
99.0411
98.9655
98.7457
98.673
99.9421
99.0846
99.8186
98.7548
99.871
99.9991
99.9763
99.692
99.965
99.9581
99.0355
98.6453
99.9532
98.2948
99.9833
98.7934
99.9722
98.8296
98.7238
99.0893
98.6417
98.6341
96.7589
98.9379
98.8055
99.7584
99.0965
99.9869
98.925
99.0769
99.9741
99.0116
99.9807
98.739
99.9954
98.9033
99.3786
98.7237
98.8333
99.5807
99.9624
98.967
98.78
98.6613
99.9582
99.9499
99.8195
98.9536
98.8579
99.9513
99.9602
98.8695
98.7606
99.9703
98.8856
96.6478
98.9097
98.6765
98.8554
99.9879
99.9585
98.8401
99.9537
99.0657
96.5604
99.974
99.9266
99.0138
99.9768
99.9548
98.7736
98.8122
98.8657
98.9621
98.718
99.9193
99.0307
98.7601
99.1784
99.9956
98.7939
99.5966
99.7477
99.9954
98.9855
98.6899
99.8046
99.8909
99.8567
98.9983
99.0448
98.9167
99.0078
98.3543
99.9327
98.7682
98.7179
99.9894
98.7767
98.739
98.9447
99.9945
99.2782
98.919
98.9423
99.9419
98.7663
99.9429
98.7164
98.7255
99.8871
96.5839
98.3218
99.9445
99.9079
98.8618
98.9815
98.9008
99.9969
98.6944
99.8675
99.7677
98.7408
99.89
99.8967
99.0139
99.9598
98.9394
99.9606
98.4886
98.8982
99.9106
96.5749
98.7426
99.9823
99.1417
99.0854
99.8977
99.1108
98.8671
99.0242
98.8618
98.9811
98.703
98.787
98.8529
98.974
98.8845
98.9705
98.3291
99.9343
99.86
99.0133
98.9707
99.7807
98.7379
99.0051
98.8149
98.8438
98.7314
99.0268
99.0313
99.1784
99.9896
99.9389
99.9062
98.7539
99.961
99.9586
99.9431
98.8566
98.8889
99.9663
98.8479
99.9345
96.5721
98.8801
99.8989
98.8225
98.8916
99.0387
98.8427
99.8841
98.7435
99.9753
98.9729
98.8326
99.9642
98.7872
99.9206
99.7476
98.7686
99.9538
99.9848
99.9362
99.9454
98.807
98.7148
99.0303
99.9937
98.9535
99.9537
98.8135
98.8619
98.8665
98.858
99.7785
99.8096
99.9678
99.179
99.9486
99.9278
99.9007
99.9656
98.303
99.8906
99.0233
99.9258
99.9341
98.9266
99.8781
99.9742
99.0051
99.9526
98.8916
99.9622
99.2416
98.8314
99.934
99.8247
99.9993
99.9698
98.6714
99.7831
99.9886
99.7521
99.8195
98.966
99.0194
96.5298
99.8045
98.8783
99.8521
99.0856
99.6331
99.8489
98.9727
99.9191
96.5445
98.8944
99.993
99.7135
99.9428
99.9762
98.6099
99.9959
98.3985
98.8114
99.9343
98.8624
98.713
99.9385
99.9291
99.9471
99.9306
99.9314
99.9976
98.9648
98.7641
98.8671
99.6035
99.0178
98.8583
98.9149
98.6941
99.1209
99.7836
99.96
98.856
98.8805
99.1164
99.7809
99.0385
99.9345
99.9421
99.7726
99.9485
99.9731
98.7606
99.9628
98.7794
99.0414
98.9622
98.9077
99.6182
98.9989
99.9616
98.4192
99.0528
98.9084
99.9592
99.7404
98.7882
99.8971
98.6727
98.8237
99.8915
98.9614
96.5751
98.7155
98.915
99.9464
99.7993
98.8849
99.9176
98.9544
98.8599
99.934
98.7108
99.6452
98.7656
99.9872
99.9644
99.9144
99.9565
98.8895
99.8747
98.9104
99.9583
98.8907
99.0707
98.8056
99.9723
98.4017
99.9654
99.5054
99.969
99.0643
99.8185
98.6673
99.9816
98.8314
99.0076
98.787
99.5745
99.1916
99.8632
96.5401
99.8696
99.102
96.5088
98.8768
98.8449
96.5783
98.2981
99.9611
98.808
98.892
98.6789
99.9649
98.8321
98.8849
99.7903
98.8423
98.8741
99.9592
99.9965
99.5432
98.9972
98.7313
96.5783
99.5251
99.9511
98.4485
99.9686
98.9625
99.0275
98.7185
99.8439
99.9048
99.9943
99.7055
99.8174
99.6522
98.7663
98.8954
96.5555
98.7401
99.9258
98.6099
98.9028
98.8904
99.8811
99.9901
98.9438
98.8122
98.8636
98.8943
98.8912
99.006
98.782
98.8653
98.9457
99.9258
98.8759
99.9247
98.8475
98.317
98.864
99.9288
99.8415
99.9244
98.8218
99.8205
98.9816
98.8162
99.7985
99.8039
99.9535
96.4899
99.0196
98.9921
98.9094
99.876
98.2983
98.8101
98.9852
99.9949
98.9254
98.8204
98.8326
98.7442
98.6294
99.9704
99.2534
98.6795
99.9453
98.7831
99.938
98.9793
99.9573
99.9701
99.5341
98.6404
99.0219
99.6565
98.8998
98.9399
99.0819
98.9655
99.7659
99.9588
98.9406
99.9807
99.5357
99.0692
99.7195
98.8289
99.8658
99.9637
98.7944
98.9886
99.8085
98.6891
99.9016
98.9856
99.9313
98.9459
99.8907
99.9628
99.6485
99.9673
99.9345
98.8849
98.7498
98.9656
99.9743
98.8036
99.9566
99.9444
99.9613
99.0465
98.7509
99.9776
99.9722
99.7427
98.3816
99.9623
98.7401
99.9578
99.9674
99.9704
98.7721
99.4508
99.7509
98.806
99.0925
98.7267
99.9029
98.4085
99.9276
98.8625
98.7621
98.933
99.9883
99.9677
99.849
99.9141
98.8294
99.8275
99.9322
99.3214
99.9405
99.0046
98.3101
99.9137
99.9185
98.884
99.9688
98.8325
98.9704
99.6797
98.9622
99.7871
98.7831
98.8272
98.7961
98.8982
99.9641
99.9599
99.8653
99.988
98.7847
99.7709
99.9598
98.2402
99.9602
98.8845
98.8187
99.0286
98.8843
96.5378
99.9639
99.9464
98.9787
99.8233
99.1005
98.8709
99.9114
98.9047
99.8512
98.7124
99.962
98.6473
98.8831
99.9716
99.9742
98.7735
98.2728
98.8233
98.8005
99.7871
99.0761
99.9555
98.7429
98.6772
99.9686
99.9607
99.8679
99.0674
98.7561
99.9946
98.6591
98.9142
98.7433
99.9695
99.9955
98.723
99.0969
98.6769
98.6583
98.7282
99.9984
99.9576
98.7612
98.8217
98.7273
98.7316
99.7621
99.0173
99.9928
99.9618
99.1473
99.9138
99.8755
99.8248
99.6962
98.9008
99.988
98.911
99.9741
98.9999
99.94
98.8155
99.9615
99.9691
98.8504
98.9648
99.1221
99.023
99.1974
98.9098
99.9457
99.9558
96.5839
98.8123
99.9835
99.8012
99.8609
98.836
99.7862
99.9739
98.8507
99.1159
99.0133
99.0418
99.0355
98.7509
99.9917
99.9628
99.9625
99.9306
99.5131
99.8823
98.9221
98.9181
98.6096
99.9636
99.7971
99.0218
98.9613
99.9266
98.292
98.979
99.9353
99.9612
99.662
99.0442
99.131
98.6759
99.7892
98.8856
99.97
98.931
99.9691
99.9305
98.902
96.6092
99.2479
99.8223
99.0443
99.9928
99.8742
98.866
99.0518
99.9614
99.971
99.9803
99.8046
98.6767
99.9144
99.9552
99.9958
99.8818
98.7371
98.8395
99.9935
98.8574
99.9641
98.3823
98.9423
99.97
99.8655
99.9594
99.9766
99.8809
96.5598
98.712
99.7159
99.0273
98.9985
99.0127
98.8737
99.1407
98.884
99.9392
99.9464
98.8751
99.0448
98.9922
98.7822
98.8264
99.9849
99.8636
98.965
99.9876
99.3331
98.824
98.9142
98.7086
98.9082
99.9838
98.8822
98.8843
98.7609
99.913
99.969
98.7536
98.6848
99.7508
98.7773
99.9684
99.9314
99.6962
99.9743
98.9388
99.9945
99.9353
99.1061
99.9344
99.9243
98.8665
99.9173
99.5211
99.0387
98.2922
96.6005
99.0512
99.7548
99.8709
98.9582
98.9768
99.8641
99.8925
99.8643
99.929
99.132
99.9324
99.9959
99.8507
98.9597
99.9183
98.5667
99.0233
99.1418
98.7175
99.7701
99.0619
99.5659
99.9203
99.9067
98.9807
98.8157
99.2368
99.9586
99.9597
99.0284
99.9629
99.018
98.767
99.8877
99.9507
98.8555
98.8765
98.7091
99.9953
99.999
99.025
98.294
99.9908
98.9414
99.9957
99.9657
99.7893
98.3215
99.8963
99.2991
99.7901
99.9303
98.7821
99.046
99.9765
99.9939
99.9951
99.0935
99.9118
99.0189
99.7956
98.8161
99.941
96.5502
99.658
98.6903
99.0309
99.8465
98.7836
99.0075
98.7414
98.9629
98.8748
99.9794
98.2874
99.0512
98.3102
99.9869
99.7675
99.7664
98.9967
99.8834
99.9945
99.9233
99.036
99.9829
99.9591
99.821
98.8099
99.1314
98.7882
99.8241
98.9363
98.8811
98.8711
99.916
98.7442
99.8724
99.0686
99.9051
98.8913
99.8672
98.9807
98.748
98.7307
98.67
98.3291
99.9044
99.9637
99.969
99.7124
98.8005
99.9314
98.8096
99.951
99.0327
98.9023
99.0313
99.8521
98.7416
98.6881
98.8217
98.9855
98.9707
99.8712
98.2827
99.8653
98.3041
98.7513
98.6678
99.0491
99.8758
99.8157
99.9769
98.7332
99.551
98.7416
99.9437
99.2873
98.7622
98.8199
99.9478
99.9766
99.8779
98.8718
99.0333
99.7724
98.9377
99.9458
99.973
99.0413
98.8419
99.1339
99.9898
99.9592
99.3156
98.9901
98.7255
98.7452
96.4898
99.8811
98.7143
98.2956
99.2552
99.9144
98.8876
99.9567
99.9695
98.9498
99.8758
99.9037
99.8411
99.2991
99.9785
98.9007
98.7663
98.8222
99.1612
98.7376
99.8048
98.3823
98.2785
99.1671
98.8904
98.928
98.983
99.0236
99.9201
99.876
98.3882
99.9294
98.6801
99.0275
99.9337
99.8805
99.1107
98.7436
98.855
99.1159
99.8708
98.8193
99.969
99.8907
98.9065
98.3323
98.9438
98.9837
96.5288
99.0446
99.9323
99.9592
99.0217
99.9537
99.9133
99.9743
99.9693
99.9958
98.996
99.9581
99.165
98.6851
98.3444
99.8296
99.7745
99.9781
99.9651
99.047
99.8579
98.8132
98.7834
99.8731
99.7892
98.8424
99.9811
99.0786
99.8782
98.6973
98.9489
99.974
98.8732
99.8602
99.0049
98.9388
99.7798
98.7391
98.7682
99.0683
98.8894
99.5247
98.7967
98.6103
98.7121
99.021
99.9272
98.9094
99.84
98.972
99.034
99.9589
98.7778
99.9685
99.9258
99.0758
99.9929
99.9663
99.2684
96.6116
98.8736
99.8722
99.1596
99.0456
99.015
98.8931
99.8661
99.0208
99.921
99.9949
99.9537
99.9622
98.292
98.8547
99.0078
99.9602
98.6831
98.7143
98.759
98.9175
99.7827
98.7502
99.0513
99.9852
99.9691
99.8437
99.9625
98.9397
99.0605
99.9314
99.6393
98.9919
98.801
98.7869
98.8135
99.1207
98.6985
99.6159
99.9816
98.7824
99.014
98.7831
98.9093
99.8673
98.294
99.8015
99.1188
98.8157
98.4971
99.0402
98.7789
98.9884
99.7726
99.1207
98.9214
99.5259
98.4785
99.8649
98.9516
98.7778
99.9955
99.727
98.8877
99.448
99.9266
99.7697
98.8654
98.8277
99.0028
99.0375
99.9778
98.6465
98.7426
98.9718
99.9685
99.9944
98.5065
98.8791
99.9074
99.7591
98.7753
99.2054
98.8035
99.7131
98.7882
98.2632
99.1671
98.9789
99.75
98.6889
98.8438
99.9401
99.9669
98.8572
98.8504
98.6824
99.9695
99.951
99.9287
99.8502
98.841
99.9201
98.9945
99.8202
99.9345
96.4899
98.7461
99.8392
99.7494
98.9697
98.9531
99.9458
98.8308
98.7589
99.992
99.848
98.8125
99.0383
98.7622
98.9543
98.8626
99.9936
98.8572
99.0051
99.934
99.1227
99.9266
99.0036
99.8013
98.8038
98.846
99.8788
99.0846
99.8487
99.9792
99.0513
98.7769
99.9141
99.106
99.8969
99.99
98.7879
98.921
98.7896
99.9137
98.9562
99.8572
99.9559
99.063
98.9819
99.3332
99.4661
99.9208
98.3218
99.9626
98.8385
99.016
99.9833
96.6238
98.7237
99.157
99.7865
99.1174
98.8419
99.9201
98.4027
98.4854
99.9957
98.824
98.7871
99.0716
99.8014
99.0462
99.0624
98.8271
99.8735
98.7848
99.9581
99.7045
99.9579
99.018
99.0097
99.5937
99.8882
99.9855
98.8052
98.8732
99.9584
98.893
99.9616
98.8555
96.665
99.9557
99.9555
99.8171
99.8512
99.9553
98.9671
99.8384
98.9655
99.7992
99.999
98.9613
98.9795
98.7975
99.9287
99.9618
98.9382
98.8565
99.9242
98.91
99.9959
98.7824
99.9558
99.3398
99.9576
98.7037
99.9522
99.8465
98.6749
99.9242
98.6889
99.8258
99.0415
99.9845
98.8846
98.9511
99.9812
98.967
99.9041
99.9775
99.9993
99.9582
98.7963
98.7261
98.768
99.9915
99.0189
98.3215
98.9262
99.9332
99.0536
99.0674
99.7843
99.9015
99.965
99.8304
99.0775
99.9497
99.8802
99.9244
99.9585
98.7923
98.8537
99.0498
98.7755
99.062
98.7305
98.8737
98.9801
98.9921
99.997
98.9455
98.7631
96.5456
98.7699
98.8913
99.9589
99.9322
99.9542
99.0194
99.9362
98.9756
98.6584
99.9664
98.7879
99.9024
99.7458
98.8526
99.9588
98.7867
99.97
99.0343
99.9824
99.9766
98.7591
98.9759
98.6584
98.9399
98.7637
99.9591
99.0581
99.448
99.0662
98.8583
99.6797
98.9815
99.9437
99.9522
98.8751
98.6627
98.8529
99.0946
98.9443
99.9026
98.8144
98.7057
99.8963
98.3859
99.052
98.9156
99.9343
99.7776
99.8102
98.7727
99.9231
98.7851
98.2434
99.1331
99.0472
99.8063
98.8256
98.7896
99.9632
99.9086
99.8994
99.0524
98.7853
98.9094
99.9765
99.0165
98.3623
98.8056
99.9914
98.7246
99.8247
98.9325
99.7958
98.7414
99.9488
99.9562
99.9804
99.034
99.0975
99.9644
99.0158
99.9084
98.8597
99.8411
99.087
99.0327
99.9559
98.7363
99.988
99.0291
99.1368
98.8941
99.0194
99.8196
99.0607
98.8095
99.7958
98.7998
99.9402
99.7454
98.8845
99.5811
99.8437
98.8732
99.7796
98.7102
98.7253
98.7307
99.7868
98.8298
99.8757
99.9956
99.942
99.9974
99.7363
98.9666
99.7674
99.7921
98.3035
98.3346
98.477
98.7608
98.7382
99.9944
99.9244
98.6944
98.6492
99.9783
98.8863
99.948
99.0683
99.8137
99.036
99.9993
99.8494
98.7502
98.7116
98.7461
98.9619
98.949
99.0465
99.9629
99.876
98.8337
98.9142
99.9441
96.5749
99.0182
98.8632
98.8848
99.9325
99.9234
99.984
98.8772
99.9136
98.8845
98.5999
98.9721
99.9536
99.6433
99.9983
99.9345
98.9108
99.7176
99.68
98.6438
98.7947
98.9005
98.8952
99.9433
99.0248
99.053
98.8314
98.9445
99.8065
98.7244
98.25
98.7313
98.7733
98.9516
99.7326
99.9695
98.8572
98.8101
99.0518
99.9236
99.9599
98.8421
99.0402
99.9698
98.8927
98.9267
99.0385
98.7023
99.9541
99.8186
98.8589
98.8363
99.9523
99.5173
99.9535
98.8331
98.7743
99.9217
98.7326
98.9414
99.984
98.3335
98.8868
98.9591
98.6867
99.9651
98.9418
98.7956
99.9568
98.9434
99.9556
98.7699
99.9592
98.7625
98.9314
98.8184
98.8509
98.6643
98.8152
98.9475
98.9437
98.9926
99.941
98.7384
99.9669
99.6797
99.7521
99.7575
99.1173
99.0362
98.8315
99.0433
98.8784
99.9776
99.8707
99.9586
98.7824
99.9201
99.9302
99.8979
98.9529
99.7308
98.7241
99.7201
99.9651
98.8565
99.0634
99.8408
98.2741
98.855
99.0026
98.8921
99.0516
99.0464
96.5149
98.904
99.9319
98.8421
98.6902
99.9697
99.937
99.6549
99.0076
99.7631
98.7546
98.7178
99.0669
98.9733
99.954
98.3399
99.9938
99.9403
99.7921
98.899
99.962
98.2632
99.9406
98.7362
99.9192
98.6424
99.9344
98.7411
99.0429
98.8579
98.7468
99.5131
98.7538
98.7696
99.9084
99.7489
99.9272
98.669
98.7742
99.9007
99.8661
99.0621
98.9856
99.9938
99.0704
99.0196
98.7996
98.8169
99.9269
98.8334
99.9833
98.9502
99.0539
98.712
98.3399
98.7321
98.6569
99.89
98.7645
99.9485
99.773
98.7995
98.6769
98.9048
98.6954
99.9831
98.8095
99.7527
98.86
98.6988
99.913
98.7626
98.967
98.6294
99.9957
99.0436
98.7673
99.8509
99.7993
99.937
99.0322
98.9725
98.9685
98.7833
99.9345
99.9854
99.8964
98.8033
98.9711
99.8495
99.349
98.8342
99.1949
99.736
99.8608
99.8044
98.8291
98.8813
99.9565
99.9455
99.9103
98.9434
99.6603
99.9949
99.9793
99.9505
99.9119
98.8198
99.991
98.8715
99.0488
99.0398
98.6432
98.9797
99.6971
98.8711
98.2703
99.68
99.0585
98.9672
99.9928
98.2434
99.0712
99.873
98.8817
99.9893
99.8741
98.9243
98.8669
99.097
98.6907
99.9588
99.9534
99.0689
99.0587
99.0372
98.7069
99.1377
99.8587
99.9618
99.929
99.9232
99.7338
98.2859
99.0268
99.9577
98.7674
98.9304
99.8968
98.7323
99.9454
99.9524
98.8878
99.9685
98.8261
98.9656
99.9481
99.8691
99.9762
99.0472
99.0405
99.8805
99.8649
99.9499
99.0648
98.9802
99.9745
99.9081
99.9458
99.0469
99.0634
98.9708
98.9455
99.9447
98.809
98.8853
99.9585
98.8804
99.9029
99.7641
99.9519
99.9172
98.8407
98.9919
98.9659
98.9246
98.9557
99.8915
99.9901
98.9311
98.7647
99.9585
98.6833
98.9406
98.7309
99.7956
99.5054
99.8731
98.7706
99.913
99.9498
99.925
98.775
98.7922
98.9854
98.8437
99.9962
98.8118
98.7566
98.6965
98.6524
98.9473
99.9594
98.8693
98.7706
98.8129
99.4765
98.8879
99.0498
98.8022
99.8503
99.065
99.0159
99.8651
99.7826
99.9937
99.7862
98.7189
98.7267
99.7546
99.9756
98.8374
99.8561
99.7698
99.9218
99.7723
98.9582
98.8653
98.8242
99.9642
98.9868
98.8199
99.8182
99.8366
98.2556
98.736
98.9784
99.9137
98.3058
98.7963
99.9236
99.8834
98.8103
98.782
99.9951
98.7433
98.7006
99.9788
99.9953
98.6326
99.9618
99.0448
99.639
99.0591
99.0308
98.7795
98.746
98.6132
99.0959
99.9149
99.6634
99.9807
98.7323
98.9849
99.8176
99.8579
98.2632
99.0903
99.8022
98.843
98.8333
98.8504
98.7961
98.9305
98.8149
99.9944
98.4854
99.0464
98.7732
98.8355
98.7037
99.9689
99.9796
99.9138
98.9904
98.8887
98.7429
99.0891
98.8493
98.7662
98.7471
98.8206
99.8184
98.9862
98.7807
98.2635
99.0592
98.9693
99.9649
98.846
99.86
99.9868
99.8713
99.1163
99.9695
98.8238
98.7896
98.2661
98.8273
98.4687
99.7384
99.9467
99.9825
99.8664
99.9689
99.8528
99.8543
99.9589
99.7935
98.7753
98.8572
98.9987
98.3891
99.9757
98.8039
96.6092
98.7907
99.9029
98.8267
99.0178
98.9685
99.0107
98.8694
98.8441
98.7286
99.157
98.84
98.7571
98.8676
98.8701
98.8425
99.9691
99.8065
98.8218
99.5509
98.7221
96.7589
99.8726
99.9505
99.9435
99.0189
99.9849
98.9878
99.9862
98.8612
99.8661
99.9047
98.7797
99.7894
98.7038
99.9596
98.8737
99.8554
99.8691
98.8402
96.6168
99.9563
98.933
99.9332
98.9928
98.9144
98.8125
98.8769
99.0585
99.8123
98.8396
99.9598
99.7195
98.8272
98.7244
99.0195
98.8155
99.179
99.9202
99.9698
98.921
98.2328
98.352
99.8157
98.9398
99.8354
99.067
98.8162
99.7697
99.0023
99.9388
99.0083
99.9657
98.916
98.9322
99.7221
98.9305
98.9195
99.9119
98.8885
99.9029
99.8455
99.9367
99.8598
99.2142
99.5151
99.5994
98.7869
98.9707
98.8428
99.8972
99.0868
99.8983
99.1275
99.2094
98.7537
99.9833
98.875
98.8261
98.9599
98.9562
99.961
99.8391
98.8423
99.6835
99.0302
98.9511
99.0025
99.9445
99.9894
99.8812
98.7661
98.8237
98.764
99.9487
99.9244
99.934
98.7463
98.9531
98.8569
99.8809
99.0171
99.8624
98.8629
98.9904
99.2316
98.9349
99.9563
98.96
99.9539
98.8758
99.8778
98.9022
99.8926
99.1327
98.8985
99.0432
98.7463
98.8625
99.9857
96.528
98.7997
99.9782
99.8914
98.9672
98.834
99.7341
99.9616
98.9133
99.951
99.3062
99.6603
98.8118
98.9022
99.9526
98.6906
99.2585
98.6432
98.8709
99.2282
98.8393
99.2109
98.7536
99.0307
99.9018
99.3208
98.4966
99.6835
99.0669
98.9165
98.7399
99.9562
98.9794
98.8304
99.803
99.7308
99.9535
98.7734
99.9485
98.6862
98.3631
99.822
99.9285
98.9865
99.867
98.421
98.7721
99.9958
98.6191
99.9537
98.9922
99.3208
99.8247
98.8093
98.8809
99.9828
99.9213
99.9699
99.0616
99.087
99.0138
99.9486
98.9349
98.8967
99.035
98.7379
99.9204
99.1264
98.8599
99.982
99.9811
99.2102
99.2054
99.9766
99.9855
99.9956
98.7535
99.9432
98.9195
98.9077
99.8179
98.9843
99.8905
99.8092
99.9825
99.9686
99.9133
98.8011
98.4141
99.0403
99.8473
98.8822
98.7684
98.6537
98.7924
99.9258
99.8863
98.8045
99.0135
99.9949
98.9347
98.898
98.6852
99.0692
99.0175
99.9795
99.0174
98.7108
98.651
96.6082
99.9833
98.6492
98.9663
99.8787
98.9145
98.7262
99.0171
98.9868
99.9654
98.7332
99.0286
99.9639
98.6584
98.9994
99.2484
99.736
99.7355
99.0022
98.8438
98.8215
99.0962
99.4562
99.8759
99.9762
99.9404
99.9659
99.948
98.8043
99.0462
99.9614
98.6473
98.8004
96.5749
98.7301
99.9374
98.6673
99.0969
99.9967
99.0052
98.6583
99.9578
98.8043
98.9661
99.0816
98.7421
99.9554
99.8158
99.7807
98.8333
98.8924
99.9962
99.8526
98.775
99.9373
98.8225
99.8822
99.7675
98.8367
98.7957
98.7897
99.0597
98.3808
99.9921
99.0518
98.8271
99.0123
99.8082
98.7721
98.8338
98.721
98.8204
98.9363
99.0308
98.8315
98.7882
98.4966
99.0467
98.2981
99.085
99.9302
99.942
98.9475
99.8686
98.8071
98.7922
98.7579
99.8755
98.87
98.7985
98.8523
99.0153
98.737
99.9149
98.9312
98.3102
99.8802
99.8381
98.7423
99.9716
98.7505
99.9359
99.7827
98.846
98.873
99.9165
99.0266
98.8116
99.7552
99.9607
99.8668
98.895
99.0284
98.8164
99.0432
98.2956
99.7326
98.8246
99.0219
99.6498
98.8694
99.2699
98.9504
99.9386
99.9382
99.9509
99.9627
98.6948
98.8808
98.8254
98.5999
98.8374
99.8526
99.8223
99.7541
98.8592
98.7501
98.7779
98.867
99.835
98.7217
99.96
99.9588
99.9586
98.8402
99.8907
99.89
99.92
98.3571
99.9346
99.9192
99.0052
98.9556
98.9254
98.9705
98.9646
99.9863
99.9499
96.4753
99.8678
98.8921
99.9949
99.067
99.9535
98.589
99.0157
99.0665
98.8916
99.0402
99.8875
99.0402
98.9593
98.8743
98.7795
98.9094
99.9503
99.8234
98.7198
99.8812
99.7223
98.8027
99.913
98.8443
99.6634
98.9138
98.8119
99.6154
98.7435
98.867
98.7152
99.0508
99.9794
98.8234
99.0792
98.6993
99.8023
99.8333
99.0419
98.998
98.7938
99.9041
98.752
99.9928
98.7919
98.7226
98.9591
98.8984
98.9544
99.0189
99.448
98.8167
99.8205
98.9094
99.0075
98.7105
99.0182
99.128
98.7876
99.9592
99.9594
99.8202
98.7523
99.0385
98.7876
96.5401
99.9145
99.9739
98.7578
98.8374
99.9939
98.7712
98.9512
98.8978
99.936
98.5901
99.886
98.8845
99.9685
98.2859
98.8499
99.8062
98.3741
99.8518
99.9656
99.8747
99.0248
98.813
99.8775
99.6448
98.9661
99.8219
98.8794
99.9749
99.9945
98.9925
99.0521
98.8941
99.9775
99.9106
99.6498
99.058
99.0101
99.9642
99.977
99.0953
98.8848
98.7399
98.6978
98.8882
99.9067
99.269
98.6492
98.9266
99.9814
99.292
99.1417
98.6874
98.8998
99.9674
99.9353
99.9642
99.9029
99.9893
98.7882
99.9148
98.8922
99.9939
99.9624
98.8928
99.8871
96.5372
99.7458
99.9121
99.7645
99.9217
98.7479
98.8665
99.9796
99.9698
98.8173
99.9592
98.2518
99.8818
98.9663
98.7094
98.9685
99.0645
98.8229
98.8696
99.035
99.9826
98.7482
99.7786
99.1317
99.8565
99.965
99.9704
99.0355
98.9568
98.7907
98.9512
99.8228
99.934
98.8748
99.8668
99.4918
99.7746
98.9625
99.9528
98.7267
99.8612
99.7445
99.5032
99.9066
99.0978
98.7578
99.8395
99.0406
99.9814
99.9071
98.8061
98.867
99.0433
99.0078
99.016
98.9562
98.2361
99.925
98.9795
98.8696
99.0512
99.7753
98.7759
98.8083
98.7153
98.7778
99.8076
98.8254
98.8808
99.951
99.0761
98.9033
99.8726
99.8994
98.6997
99.0812
98.9562
99.8731
98.2341
98.7758
98.7656
99.1949
99.9557
98.836
99.9489
99.0969
98.712
98.7923
99.8668
99.9603
98.4505
99.9389
99.9144
99.9411
98.8529
98.8884
99.9814
96.5703
98.873
98.9236
98.8321
98.5098
99.8503
99.9576
96.5149
99.8758
98.7037
99.9008
99.8709
98.8317
98.9901
98.9506
99.0657
99.08
98.7546
98.9793
99.7477
99.9951
98.8475
99.0697
99.658
99.271
99.9402
99.9691
98.7609
99.0473
99.9266
98.9886
99.9664
99.7159
99.2679
99.0543
99.7266
98.758
98.9799
99.0643
99.8465
98.8004
99.0324
99.0275
99.9582
99.7411
98.8669
99.9946
99.0819
99.018
98.6966
99.9555
99.8841
98.9803
98.8617
98.7822
99.9657
99.9349
98.8643
98.3854
98.7131
99.9406
99.7683
99.9764
98.7435
98.7653
99.08
99.9253
99.4846
98.9535
99.0363
98.9859
99.9696
96.4923
99.8741
99.5828
99.9266
99.0757
99.8907
99.5637
99.7522
99.7945
99.996
99.96
98.8102
98.67
99.9967
99.1295
99.9255
99.9084
99.0229
99.0499
99.8171
98.9249
98.9434
98.8096
99.9527
99.9944
99.8706
99.9828
98.9094
98.7318
99.9916
99.8485
98.8809
99.1107
99.9597
99.9553
98.8493
99.9315
99.9954
98.7402
99.9439
99.012
99.036
99.8023
98.912
98.9622
98.6873
99.9027
99.0856
99.958
99.823
99.9019
98.9613
98.7447
98.9441
98.7579
99.9526
98.7633
99.7851
99.9938
96.7278
99.0445
98.6647
99.0413
99.9814
99.9483
99.9788
98.8836
99.9422
99.9042
99.6569
98.9486
99.725
99.977
98.8616
98.3075
98.8325
98.7724
98.9578
99.9722
98.787
99.0398
99.9287
99.9322
98.6975
99.7741
98.6881
98.9469
99.8753
98.8138
99.9176
99.9611
99.8497
99.9701
99.9553
99.9478
96.4753
99.1127
99.8254
99.8919
98.8254
99.925
99.9619
99.9026
99.5947
99.6498
99.8773
99.9483
99.0729
98.8198
99.0169
99.7537
98.8027
98.942
99.9469
98.9347
99.94
99.9742
98.9305
98.8385
99.131
98.7963
98.3171
98.8751
98.7426
98.9221
98.9358
99.058
99.8389
99.9938
98.6714
99.9515
99.9554
99.9577
99.8777
98.813
99.995
98.7608
99.0962
98.736
99.8678
99.8627
99.4966
98.9993
99.8479
99.7363
99.953
98.989
99.0593
99.9733
98.9556
98.9005
98.9661
98.8831
99.8641
99.7934
99.935
98.7732
98.8907
98.787
98.8952
99.7276
98.4688
99.9486
98.8383
98.6632
98.8612
98.6492
99.63
99.9209
98.9337
99.7934
99.951
99.6183
99.9607
98.8071
99.9107
99.9694
99.9149
99.943
99.9533
99.114
99.999
98.8621
99.1215
99.9389
98.674
98.9627
99.0409
98.9856
99.9547
98.9771
99.106
99.5718
98.7237
99.8925
99.757
98.7392
99.9499
99.8105
99.8194
98.7289
98.7443
98.8402
99.9089
99.9084
99.0342
98.8208
98.767
98.6452
99.6448
98.9195
98.8667
99.9699
99.8469
99.9825
98.9364
99.9942
99.8989
99.8617
99.2351
98.6699
99.9439
99.14
98.7069
99.9936
98.8028
98.9759
99.8155
99.9217
99.7982
99.0352
98.8839
98.352
99.9498
98.6453
99.8544
98.8829
99.9217
98.7769
99.958
98.9882
99.3786
98.917
99.8354
98.8748
99.8653
98.8215
99.5173
98.9337
99.0155
98.8985
98.7118
99.9411
99.9144
99.0443
99.064
98.972
99.9762
99.8219
99.0013
99.9533
98.867
99.929
99.9938
99.8772
99.9693
98.7539
98.7131
98.8383
99.8076
99.8706
98.8985
98.2703
99.7947
99.9833
98.3668
99.0002
99.1207
99.806
99.9595
98.8735
98.9008
99.8195
99.9954
98.9394
99.9374
99.952
99.8374
99.7749
98.7707
99.7903
99.9644
98.9313
98.8197
99.8067
98.9995
98.7328
98.9404
98.7849
96.6168
99.9524
98.8103
98.8952
98.4854
98.9297
98.962
99.8812
99.0159
98.8135
98.2172
98.9898
98.5065
99.8079
99.9535
99.999
99.9666
99.9855
99.886
99.0925
98.996
99.662
99.9239
98.729
99.0526
99.686
98.9855
98.8289
99.9745
99.0025
99.0518
99.9704
98.7355
98.7817
98.9983
99.9947
99.0138
98.6405
99.9453
99.8491
98.7223
99.9954
99.0657
99.2416
99.9411
99.8173
98.8592
98.8773
98.712
98.9853
99.0195
98.8047
99.9726
98.7659
98.8289
99.9325
98.7682
98.9741
99.0774
99.102
98.9585
98.7498
98.9436
98.6795
98.9397
98.8274
99.0528
99.0198
98.806
98.6478
99.934
99.9333
98.6408
98.8066
98.6813
99.9376
98.9513
99.7853
98.9533
99.9385
99.9764
96.6608
99.103
99.1116
99.1662
98.9184
98.8643
98.3327
99.9753
99.8697
99.9114
99.8811
98.601
99.97
99.015
99.8544
98.7433
98.3829
98.8153
98.8323
98.4323
99.0342
99.773
99.9445
98.9142
99.0372
98.8625
98.8519
96.8012
99.9586
98.8274
98.4787
99.9527
98.8444
98.8225
99.9775
99.996
99.9534
99.918
96.5326
99.9324
98.9666
98.7689
98.7402
98.9291
98.3218
99.0643
98.9821
99.9208
98.8421
99.8143
98.7944
99.9945
99.9913
99.9513
98.7094
98.7686
99.8361
99.0624
99.984
98.9512
98.86
98.7731
96.6324
99.9471
99.9372
99.9165
99.7769
99.9259
98.8227
98.8262
99.8664
98.7571
99.1269
99.9741
98.8602
98.8658
99.9611
98.9854
99.8852
98.9124
99.8675
99.9496
99.5612
99.0308
99.7209
99.9437
96.6005
99.9826
99.9544
99.9807
98.7963
98.7914
99.9785
98.3181
99.622
98.9275
98.6966
98.8574
99.2734
99.9838
98.8636
99.9921
98.989
99.999
99.8149
96.5383
98.8794
98.3008
99.9365
99.7223
99.9362
99.6543
98.8119
98.787
98.805
99.7165
99.942
99.9204
98.7965
98.8427
98.7562
99.9203
98.8193
99.5612
98.7051
99.3651
99.0043
98.9439
98.7004
99.8502
99.2679
99.0521
96.6324
98.871
99.0304
98.9431
99.8643
99.8743
99.9684
99.9657
99.0303
99.0387
99.9353
98.8237
98.9874
98.9636
99.9145
98.7633
99.7724
98.5765
99.9948
99.0986
98.7361
98.8788
99.9317
99.6743
99.8241
99.8247
98.9557
98.8599
98.7127
98.9414
98.8024
99.0993
99.0821
98.8428
99.8617
98.7568
98.7727
98.8839
99.0709
98.7166
99.9579
99.9515
98.8447
99.0448
98.3429
98.7621
99.85
99.9745
99.9727
99.8143
99.9893
99.0273
98.8306
98.9077
99.8811
99.7827
99.9936
99.0697
99.736
98.9199
98.8732
99.9956
99.9371
99.5328
98.9621
98.8047
99.9944
99.977
98.8941
99.794
98.8047
99.7629
99.9853
99.0196
98.7391
99.0692
98.9434
99.0352
99.0433
99.9493
96.665
98.8895
98.7582
99.9788
98.8318
99.2305
99.9926
98.9935
98.7987
98.6424
98.8487
99.0052
99.9563
98.9109
99.8624
98.6906
99.0819
98.8848
98.8256
99.8805
99.94
98.7659
99.8011
99.0989
98.628
99.9245
98.9919
98.729
99.7975
99.8595
99.9247
98.8375
99.8712
98.78
99.9736
99.9126
98.8952
98.8475
99.959
99.9323
98.911
98.9843
98.775
98.8946
98.8392
99.942
98.7871
99.8969
99.5758
98.7341
98.9641
99.9435
99.0431
99.9901
99.9904
99.0518
98.8298
99.047
98.9452
99.8626
99.9358
99.9894
98.8748
98.2448
98.996
99.9203
99.9592
96.4777
98.9081
99.9351
98.9065
99.1159
99.8521
98.9397
98.7435
99.9929
99.9603
98.7245
99.9698
99.9249
99.84
99.5133
96.5454
98.8792
99.9411
99.9496
99.9492
98.7967
98.7388
98.9304
99.9792
99.023
99.2054
99.3254
98.8783
98.6988
99.0383
99.9607
98.7523
96.6744
99.7757
98.8693
98.3046
98.983
99.9735
99.9439
98.768
98.9262
99.9896
98.365
99.9667
98.7865
99.9431
99.0528
98.8695
99.9965
98.8773
98.8669
99.5435
99.8664
99.9187
98.7517
99.886
99.4807
98.7571
98.8807
99.7277
98.7062
99.9947
98.8375
98.8928
98.7067
99.0307
99.4221
99.9824
99.7677
99.9106
99.9595
99.9695
99.0999
98.7571
98.7008
99.0662
98.9792
99.0349
99.1295
99.1322
99.9133
99.9444
99.0521
99.9351
99.8195
99.3398
98.236
98.6669
98.8914
98.9619
98.8094
98.6693
99.9817
99.9471
99.977
98.8424
98.6417
99.7458
99.7777
99.2094
98.7919
99.9209
98.6876
98.9364
98.6759
99.1238
99.0006
98.7365
99.8925
99.9868
99.9963
98.4505
99.9901
98.7148
98.332
98.9973
98.8756
99.9486
99.8419
98.9199
99.9567
98.8693
98.3544
99.9717
99.6175
99.1342
99.9957
99.7326
99.0479
99.7753
98.911
98.6997
99.9967
99.9969
98.6099
98.8449
99.0828
98.7633
98.8769
99.8988
99.9788
99.9749
99.8882
98.8199
99.9508
98.8095
98.885
98.9508
98.7662
99.0999
99.9292
99.9299
96.6892
98.8945
98.9221
99.0565
98.9981
99.9666
99.9319
99.8635
99.8611
99.9244
98.3823
99.9503
98.6988
98.7124
99.9946
99.0535
99.0396
99.8726
99.9853
99.965
99.8679
98.9919
98.6501
98.2402
98.9661
99.955
99.953
98.7282
99.9667
99.9387
99.0662
98.9108
99.2552
99.8497
98.8958
98.7124
99.0402
99.8328
99.0772
98.305
99.9334
99.8815
96.5445
99.0757
98.8577
99.9221
98.8837
99.9517
99.894
99.9204
98.7471
98.9886
99.758
99.0893
99.9956
98.2736
99.9965
99.9559
99.9234
99.0518
98.7965
98.9023
98.9322
99.7002
99.9374
99.1339
98.9798
99.7509
99.0179
98.7299
98.7416
98.8712
96.7908
98.9102
99.9089
98.884
98.8499
96.6168
99.9651
99.8537
99.9851
99.9757
99.9162
98.8432
99.954
99.023
98.767
99.8538
99.9694
98.6424
99.9672
99.1029
98.3215
98.3375
99.8339
99.9978
98.9374
98.2782
98.8537
99.1295
99.0347
99.9243
98.9481
98.855
99.8254
98.7829
99.0596
99.7692
99.8353
98.862
99.7131
99.9664
98.7261
98.9083
99.7765
99.999
99.1269
99.9945
98.7023
99.8383
98.9992
99.8429
98.648
99.0275
99.9541
98.8128
98.7493
98.9355
99.7945
96.6478
98.7893
99.8706
99.4646
98.758
98.8984
99.9853
98.7023
96.5555
99.0421
98.8152
98.7632
98.2741
98.7038
98.9399
98.8262
99.0729
99.929
99.9235
99.9548
98.9451
99.9347
99.9581
98.8294
98.8592
98.7958
99.0464
99.7077
98.9996
99.9463
99.025
96.5604
98.9379
99.8935
99.7374
99.0479
99.2332
99.2285
99.0286
99.9402
99.6035
99.8688
99.9181
98.7517
99.329
98.2504
98.97
99.9929
99.5966
99.954
98.8884
98.9919
99.9511
99.9283
99.9487
98.8374
99.8923
98.9304
96.5762
99.0272
99.9471
99.9021
98.8271
99.8636
99.8526
98.9794
98.8086
99.8155
98.7379
98.9028
98.8078
99.0019
98.813
99.9629
99.6331
99.7923
99.96
98.9562
99.7201
99.9343
98.8657
99.8012
99.9702
98.962
98.9809
99.8002
99.954
99.0133
99.9957
99.091
99.9838
99.7677
98.775
99.916
99.9687
99.8534
99.8694
98.7867
98.8125
99.8706
99.9793
99.0463
99.6557
99.0788
98.8528
99.9674
99.63
99.8429
99.821
98.9469
98.7086
98.3319
99.7704
99.7835
98.7459
99.8468
99.9414
99.7732
98.7516
98.7693
99.0013
99.9742
99.9243
99.881
98.9696
98.4017
98.8093
96.5454
99.9458
99.9944
98.9622
99.0495
98.871
99.8003
99.7941
99.9343
98.8528
99.336
98.9807
99.0645
99.1207
99.9275
99.9213
98.9977
98.927
98.7565
99.2873
99.9334
98.7289
99.8452
98.9052
98.8493
99.8746
99.5493
98.8542
99.9575
98.9748
99.9739
99.0399
98.9864
99.9726
99.0512
99.8702
98.6848
99.1178
98.3439
99.7545
99.9631
99.8983
98.9767
98.7546
99.9602
99.767
99.9739
99.969
98.9932
99.9273
98.9849
99.8167
98.7423
98.742
99.8877
99.9179
99.7542
98.9772
98.7698
98.9047
99.7171
96.5762
99.0774
98.8421
99.9623
99.8941
99.8386
99.0686
99.9664
99.8045
98.2874
99.9528
99.8761
98.8754
99.9756
99.9868
98.9077
98.8884
98.7995
99.1949
99.9931
98.9679
98.7199
99.9455
98.7796
99.9464
98.7423
98.8014
99.0137
98.9656
99.9939
98.9898
99.766
99.9894
99.9678
99.9666
99.0359
99.9475
99.8509
98.3372
98.3854
99.7976
98.8884
98.6417
99.8983
98.8436
99.921
98.6977
98.9661
98.9008
98.3725
99.874
98.8046
99.7663
99.128
99.8076
98.719
99.0404
99.8504
98.3744
99.8137
99.8635
99.7826
99.048
99.2872
99.0661
98.8839
98.7463
98.956
98.8788
98.9181
98.9053
96.7403
99.9754
99.9576
99.9432
98.9151
98.9262
99.9457
99.0429
98.8878
99.9586
99.929
98.7452
99.9175
99.0999
99.9613
99.0788
98.7505
98.6473
98.9337
98.6755
98.8504
99.9776
99.9006
98.7093
99.9673
99.8781
99.9733
99.0615
99.8439
99.0442
99.9014
98.7362
99.8526
99.011
99.1061
98.6368
98.9967
98.6584
98.9262
99.7552
99.9629
99.8179
99.0415
99.9621
99.0953
98.7746
99.297
98.952
99.8865
98.8125
98.7783
99.0153
99.8386
99.8497
99.7669
99.9276
99.0792
98.7884
99.9367
98.6613
99.0624
99.9952
99.9144
99.2171
99.9909
98.7555
99.8224
99.9564
99.9019
98.9311
99.8979
99.922
99.9742
98.7939
99.8534
99.0854
98.8887
98.9947
98.8082
99.072
99.8044
99.5909
99.9969
99.036
98.7405
99.8492
99.0352
99.951
99.999
98.966
98.7507
98.8509
98.9094
99.9911
98.4351
99.9447
98.832
99.0091
98.7524
98.317
98.9359
99.0142
98.7958
98.7376
99.7896
99.8674
99.0402
98.7975
99.9662
98.8449
99.0044
99.8621
98.6613
98.8481
99.7458
96.5195
99.686
99.9149
99.9566
98.3891
99.0661
98.8325
98.9221
98.9438
96.5604
99.9123
98.8283
99.1066
99.8106
99.8747
98.8342
99.973
99.7458
98.9864
99.067
99.9629
98.9536
98.8308
99.025
99.9133
99.6955
98.9847
99.128
99.9712
96.5897
99.9698
98.7627
98.6064
98.8485
99.9588
99.9831
99.046
99.8148
99.951
99.6803
99.8566
99.0495
98.9414
99.9269
99.9541
99.9334
99.4966
98.7793
99.8776
99.2142
98.9275
98.5487
98.9886
98.8997
99.8145
99.6433
98.8944
99.8805
98.8206
99.1105
98.7136
99.0816
98.9613
99.1174
99.9538
98.7118
98.9364
99.6182
99.9313
99.9573
99.948
98.9967
98.7088
99.9727
99.0243
99.1377
99.9586
99.6549
99.0036
99.0856
98.7686
98.7579
99.9298
99.9712
99.9362
98.7597
98.6128
98.7415
98.7834
99.9509
99.9589
99.0196
98.8208
99.9201
99.8494
99.1949
99.9519
98.9792
98.8153
98.8815
98.4386
99.9956
99.9515
99.9266
99.9601
98.8913
99.8716
98.7944
98.4688
98.9438
99.9738
98.3491
99.953
99.9207
99.9343
98.9722
99.0182
99.0903
98.9945
98.6902
99.95
98.7347
98.813
98.9983
99.8461
98.9736
99.8343
99.8036
98.3544
99.961
99.945
98.9622
98.6658
98.8403
99.9776
99.999
99.8579
99.1335
99.9667
98.7565
99.9476
98.8204
99.9936
99.8469
99.9767
99.5032
99.7386
99.0118
99.9544
98.8817
99.9103
98.9856
98.6706
98.9064
98.8083
98.8261
99.9598
99.0477
99.067
98.9859
99.9316
98.9849
99.9617
98.6867
99.1317
99.0471
98.3814
98.342
98.9102
99.9946
98.8756
98.6862
99.9369
99.7647
99.9266
98.9619
99.9605
99.8448
99.6988
98.9826
98.864
98.8384
98.8105
99.744
99.6557
98.9549
99.8097
99.0373
99.9955
99.0587
99.0976
98.846
98.7869
99.9218
99.9343
99.9704
99.1036
98.7613
98.7982
98.7663
98.7844
99.9239
98.9388
99.026
99.4872
99.085
99.0273
98.962
98.8941
99.8841
99.8366
98.8765
98.786
99.9419
99.9814
99.9628
98.7118
98.8843
98.8779
99.0664
99.9855
99.0466
99.9456
99.8906
99.974
98.3667
99.4642
99.9266
99.9623
98.927
99.7264
99.9796
98.7719
98.9516
99.9234
99.9238
98.7984
98.7589
99.7669
98.857
98.9374
99.836
99.0169
99.9555
99.0513
99.0326
99.9908
98.3642
98.3859
98.7914
98.858
98.9281
98.7975
98.7965
99.983
99.9802
99.0424
99.0078
99.2782
98.9197
99.0414
98.9052
96.6637
98.9439
98.9549
98.9373
99.9535
99.8719
99.9577
99.7355
99.976
98.8955
99.8317
98.9779
99.1108
99.9388
99.9562
99.8498
99.0308
99.8495
99.9277
98.9414
98.7208
99.8914
99.0962
99.8889
98.7484
99.9291
99.925
99.9217
99.9243
99.044
98.8016
99.9597
99.0507
99.9629
99.0135
99.9198
99.026
99.8015
99.9508
99.8327
99.8595
98.2556
98.846
99.0978
98.7833
99.7789
99.9945
98.8401
98.8849
99.8753
99.8719
99.0963
99.9695
99.965
99.736
99.9376
98.8235
99.1221
98.9598
98.303
99.9232
98.8047
98.7731
99.3515
98.7705
99.789
99.9444
98.8081
99.8179
99.8097
98.7224
99.9762
98.8262
99.999
99.9853
99.0543
98.8907
98.4251
99.0512
99.8983
98.6957
99.8729
99.7453
99.9453
99.8489
98.367
99.0574
99.9753
99.5435
98.7174
98.9015
98.7393
99.9464
99.7355
98.7673
99.5807
99.8805
98.9022
99.9591
98.7416
99.9351
98.7946
98.6597
98.9469
98.7399
98.8333
98.9919
99.9928
99.9957
99.9679
98.8565
98.9142
99.0856
99.9654
99.91
98.878
98.7125
98.8336
98.8234
99.8195
99.9776
98.7746
98.9184
99.9236
98.8254
99.9201
98.4454
98.8242
98.7699
98.6791
98.728
99.9683
99.9774
99.9917
98.8139
98.7006
98.8374
99.9653
98.9455
99.975
99.8411
98.8746
98.8026
99.8749
98.9145
99.9574
98.7062
99.9385
99.9931
99.0634
99.9179
99.3331
99.9554
98.752
99.7796
99.9865
98.6957
98.8298
98.982
99.9414
98.804
98.6341
99.7959
99.7938
99.9561
98.8542
99.9923
98.8756
99.9554
99.9388
98.7565
99.452
99.8132
98.7391
99.9849
98.9681
98.4493
98.8158
98.805
98.8759
99.0275
99.8948
99.9541
98.8865
99.7799
98.8077
99.9019
98.2341
99.0019
99.8803
99.99
99.0856
99.8637
99.9331
98.9459
99.103
99.9029
99.269
98.6064
98.7155
99.8381
98.6467
98.6779
99.9317
99.9578
99.1009
99.8465
99.0495
98.2713
99.9415
98.6501
98.8839
98.8046
98.8749
98.8782
99.7578
99.9457
99.8039
99.962
99.9625
99.0091
98.9622
99.0758
99.8202
99.4562
98.725
99.8653
98.9908
98.7625
98.7808
99.0051
98.8507
99.8925
99.9364
99.7947
98.9527
99.9616
99.7956
99.9663
98.7601
99.8731
99.9478
99.9385
99.9313
99.7026
98.7153
98.7582
99.9825
99.0304
99.999
99.8112
99.8485
98.9246
98.944
99.9218
99.991
99.7935
99.7726
98.7789
99.7612
99.0703
96.5712
98.6944
98.7245
99.9526
99.9791
98.8419
99.7732
98.8557
99.936
98.4027
99.7959
98.9679
99.271
99.658
99.9234
98.317
99.8726
99.9445
99.9682
98.809
99.9799
99.8411
98.4351
99.9314
98.797
98.7938
99.9005
99.983
98.7543
98.9854
98.7297
99.8181
99.8672
99.9958
99.9936
98.8262
98.6812
98.7757
98.773
99.1342
99.8475
98.6894
98.8049
99.9584
98.7806
99.9651
99.5432
98.772
98.888
98.87
98.7797
99.9084
98.9734
99.0596
99.0303
99.8494
99.8354
98.7709
98.7768
98.8488
99.9804
99.9943
98.7853
99.9402
99.9631
99.9467
99.876
99.0307
98.9999
98.8023
98.7321
99.9735
98.8391
98.805
98.7973
99.0561
99.5989
99.8713
98.8342
99.5364
96.556
99.8174
98.9919
98.8921
99.0536
99.1475
99.9614
98.7492
99.0539
98.7092
98.7703
99.1275
99.9359
98.892
98.9622
98.7896
99.9757
99.8019
99.2941
98.8317
99.006
99.8495
98.9195
99.9362
98.8193
99.1317
99.9119
98.8509
99.8782
99.9856
99.9924
98.9297
98.8459
99.9817
98.9109
99.1061
99.9107
98.8877
98.7416
98.8444
99.8909
98.9798
99.9614
99.9558
98.7303
98.8592
98.589
98.8301
98.4966
98.9379
98.8138
99.0341
99.9681
99.9831
98.8624
99.0267
99.349
98.8889
99.9596
98.8215
98.7848
99.8888
99.9589
99.7669
99.9347
99.0389
98.9849
98.7677
99.9727
99.0415
98.2646
99.9274
98.9548
98.9194
99.8052
99.9343
99.2391
98.952
99.9749
98.7844
98.828
98.7995
98.962
99.9918
99.0535
98.7392
99.9961
99.8065
98.9236
99.9027
99.6862
98.9222
99.9946
99.783
99.9616
98.9152
99.4661
99.96
99.9824
99.9474
98.7652
99.9391
99.8466
98.7116
99.9597
99.8526
98.7178
99.0218
99.0676
99.8547
98.7379
99.7971
98.6933
98.9763
99.8343
99.9522
99.203
99.9312
99.9636
99.8308
99.8219
99.0232
99.969
98.787
99.0963
98.8083
98.777
98.9161
99.0816
99.8758
99.1173
98.7791
99.9669
98.7991
99.8849
98.7023
98.7967
98.7963
99.0773
98.8079
99.7865
98.9149
98.762
98.8862
98.9557
98.2479
98.7492
98.878
99.8912
99.967
99.9445
99.8106
99.8389
98.7703
96.5326
99.9927
99.9785
98.9394
99.7707
99.8195
99.3281
98.9254
98.7806
99.9599
98.712
98.8921
98.8599
98.7175
99.9483
98.9627
99.8969
99.8612
99.9942
98.2899
99.1251
98.9679
99.0672
98.3966
99.9796
98.7758
99.8731
99.9955
99.3515
98.9249
99.8364
99.7878
99.9907
99.764
99.9471
99.9542
99.8922
98.8952
99.9374
96.6082
99.7734
98.9048
98.7463
99.9008
99.9732
99.0627
96.5392
99.9199
99.8757
98.873
98.9569
98.9899
99.8082
99.9851
98.8602
98.8508
99.0245
98.945
98.983
98.7487
99.994
99.9631
99.9923
99.0377
99.0423
98.8315
99.9636
99.9526
99.8015
98.8336
98.4085
99.9826
98.8149
99.6936
99.8234
98.9767
99.9738
98.7722
98.764
98.8046
98.7399
98.7873
99.9019
99.8473
99.8925
98.7215
98.8335
99.9579
99.7558
98.7223
98.8968
98.7983
98.8506
99.955
99.9949
98.9398
99.2103
99.8733
98.8659
99.9616
96.6011
99.0587
99.8809
98.6103
98.8074
98.895
99.9684
98.7682
99.4007
99.9829
98.9492
98.7088
98.8665
99.9319
99.8304
99.9456
98.9973
99.6847
99.9562
99.7959
99.9233
99.045
99.9362
99.9657
98.8877
98.8924
99.0403
99.1506
99.9217
98.6564
99.5001
98.9837
99.0219
98.2361
98.6802
99.048
99.806
99.9913
99.9621
98.69
99.0627
98.6767
98.2552
98.7372
99.9522
99.7981
98.648
99.8834
98.4326
98.8894
98.7037
99.8822
99.0156
98.8773
99.0009
98.6106
99.0545
99.835
99.9927
98.8394
99.8947
99.9948
99.9741
99.9743
99.0623
99.9604
99.9306
99.0266
99.8063
99.9676
98.7866
98.6823
99.0026
99.8643
99.7733
99.0304
99.7853
99.9831
98.9253
98.9901
98.2448
99.8691
98.9653
99.9266
99.7937
99.9637
98.9645
98.2962
98.6789
99.8179
99.9774
98.9388
99.9636
99.1394
98.9398
99.8925
99.9704
99.9785
99.0268
98.248
98.3859
99.7321
98.3429
99.9973
99.9642
99.0729
99.9838
99.96
98.7725
98.9513
98.9398
99.9907
98.7675
99.9629
98.7245
98.8216
98.7295
98.8836
98.888
98.791
99.2479
98.7262
99.9603
99.0662
99.8079
98.7942
98.9727
98.8752
99.949
99.0147
98.9855
98.8296
99.9491
99.9457
98.9971
99.0266
98.9847
98.8246
98.7326
99.7489
98.7831
99.0683
99.8979
99.292
98.4222
99.0591
98.9985
99.9796
99.8849
99.9965
98.8641
98.9756
99.926
98.8734
99.9591
98.7399
98.6099
98.798
99.9448
99.0436
98.8246
98.2596
98.3604
98.3102
99.9553
98.9543
98.7199
99.015
98.9623
99.8805
99.6459
99.8946
99.9342
98.7208
98.8444
98.895
99.8381
99.7177
99.6087
99.9731
99.5248
99.0232
99.5183
99.011
98.7215
99.9956
99.9538
99.9829
99.0006
98.7578
98.8466
98.987
99.9119
99.1342
98.6813
98.9711
98.7286
99.9935
98.758
98.9098
99.9254
98.7727
98.7304
99.7472
99.8891
99.5509
99.8901
99.9245
99.727
99.8034
98.8398
99.1227
99.9489
99.9739
99.1262
99.7472
99.6998
98.3761
98.8529
99.9814
98.7462
99.9961
98.2917
98.8625
99.9017
98.7125
99.976
99.9634
99.9044
99.9649
98.9925
99.2294
99.8293
98.9633
98.3985
99.9156
99.0993
99.9937
99.9341
99.8465
98.6988
99.9549
98.7213
99.8635
99.7566
98.9398
98.292
99.4661
98.7738
99.0692
99.9883
99.9535
98.6132
98.8203
99.9454
99.8022
99.0112
99.9636
99.9236
99.9592
98.8028
99.6164
98.9475
98.7174
98.8748
98.8732
99.3094
99.0194
99.5828
98.3968
98.933
99.9632
99.9467
99.0499
99.0446
98.8954
99.0406
98.6675
99.0291
99.0616
99.7545
98.7171
99.0194
98.8901
98.7693
98.9026
98.6945
99.9421
99.452
99.1379
99.0036
99.8579
98.9531
99.918
99.9435
98.7537
99.0774
98.9473
98.7004
99.8753
98.9098
99.9962
99.6154
99.9723
98.8627
98.6831
99.9511
99.9869
99.1916
99.9951
99.8933
99.2401
98.8342
99.927
98.9168
99.0514
99.0528
98.6964
99.0322
99.8776
98.7755
99.8339
98.8735
98.9221
99.9564
99.9604
99.9662
98.8693
99.996
98.3218
99.9639
98.6978
99.9423
98.8804
98.8253
98.9792
99.8948
99.8281
98.9992
99.8415
99.8076
99.7221
99.8922
98.9243
99.988
99.9183
98.6823
99.0203
99.08
99.961
99.9606
99.0912
98.9818
99.9464
98.9985
99.9621
99.8963
96.5802
98.7535
98.6632
99.8435
99.0709
98.9552
99.0228
98.6833
98.7724
98.805
98.7089
98.9625
98.874
99.976
99.7494
98.9518
99.9485
98.884
99.772
98.8274
98.8498
99.7453
99.9768
98.8848
99.9672
98.7153
98.9199
99.1893
99.9813
98.8669
98.8475
98.9436
98.8298
99.8237
99.7759
98.9726
98.6772
98.7685
98.9733
99.9943
98.9104
98.8506
98.9868
99.9778
99.9733
99.2684
98.8077
99.0233
99.9343
99.9643
99.8663
98.6765
99.0404
99.0687
98.7027
99.9461
99.9389
98.2841
99.9834
99.9209
98.8051
99.056
99.9456
99.2734
99.9982
98.8526
99.8706
98.9321
98.9476
99.7983
99.6861
98.9323
99.932
99.7588
99.7541
98.961
99.8696
98.8355
98.6376
98.9199
99.8772
98.8253
99.9146
99.8673
98.9864
98.8307
99.9048
98.7922
99.991
99.0342
99.001
99.3791
99.0457
99.1671
99.9951
99.0464
99.9232
98.6706
99.8707
99.0512
98.8489
99.1417
99.0169
99.9474
99.0387
98.622
96.7498
98.6294
99.9541
99.7791
99.8364
98.7571
98.7048
98.8229
99.8195
99.4956
98.628
99.9639
98.9142
99.9616
99.8572
99.7611
99.9418
98.8885
98.8602
99.9225
98.8737
98.9645
99.8979
99.9595
99.9624
99.8882
99.9611
99.9993
99.68
98.9503
98.67
98.9718
98.9642
98.8845
99.0523
99.9795
99.9123
98.7468
98.9819
98.383
98.8637
99.7741
99.2585
98.8565
98.9184
98.798
99.0601
99.972
98.9913
99.9553
99.0048
99.0349
98.601
99.9911
99.9338
98.8492
99.0616
98.7726
98.9645
99.9351
98.7767
99.9245
99.875
99.9718
99.002
99.8
98.8866
99.96
99.5137
99.9118
98.7567
98.7724
99.9327
99.9504
99.8186
99.0471
99.0883
98.7411
99.8994
99.718
98.7986
98.8831
99.9578
99.0572
99.588
99.9553
98.7226
99.0233
98.7166
99.5086
99.0521
98.3808
98.7944
99.3208
98.6984
98.7482
99.1368
99.9666
99.9407
98.6964
99.8007
99.9685
99.1417
99.9893
99.9537
99.925
98.9801
99.8317
99.9976
99.9138
99.8691
99.7374
98.9646
99.869
99.9404
96.6095
98.854
98.6358
99.9077
98.8962
98.8904
99.0056
98.2917
99.0219
98.893
99.9625
98.9142
99.6971
99.0794
98.9094
99.8643
99.8688
99.9051
99.9959
98.8291
98.7289
98.8436
98.7403
99.0318
98.7576
99.7454
99.5811
98.714
98.9327
98.4108
99.9416
98.6453
98.8811
99.9454
98.9597
98.897
99.9181
98.7946
98.7089
98.998
98.6993
98.915
99.9475
99.0619
99.961
98.7433
98.674
99.9892
99.8679
99.9823
98.3985
99.0341
99.0159
99.9431
99.037
99.9527
98.9853
99.9483
98.8863
99.5188
99.9865
98.7057
98.7978
99.2699
99.9217
99.9206
99.969
98.3829
98.4351
99.9594
99.7584
99.0362
98.9655
99.9698
99.8205
99.8635
99.011
99.9444
99.9457
98.7661
98.8216
99.0672
99.955
99.9567
98.294
99.0769
99.9546
98.9416
99.048
98.7914
98.3895
99.7819
98.9856
99.9061
98.6193
98.8665
99.7865
99.9345
99.7855
99.7002
98.9152
99.9632
98.5901
98.6661
99.8385
99.0639
99.9753
99.8733
98.6544
99.9532
99.952
98.8217
99.7319
98.8242
99.8655
99.9137
98.9475
98.7746
99.9406
98.9811
99.8818
98.8013
98.9057
98.7463
98.4886
98.7345
99.9773
99.9747
98.2899
98.9028
98.236
99.9626
98.6949
99.1227
99.8571
99.0774
99.9686
98.7127
98.9597
98.9503
99.8842
98.7985
96.6004
98.763
98.6965
99.1227
98.9987
99.7776
99.7266
98.8809
99.9838
98.8775
99.0888
99.0501
98.9389
98.6867
99.9839
98.916
98.7592
98.705
98.6294
99.9584
98.9043
98.9082
98.9807
99.5168
96.7723
99.9367
98.7423
99.9566
98.9479
99.0558
99.1368
99.999
98.7208
99.9954
99.8381
98.9474
99.9325
99.9954
98.7903
99.8771
98.873
99.938
99.6182
99.8953
98.295
98.7663
99.9359
99.7804
98.7267
99.9629
99.9181
98.912
99.9485
99.913
98.3631
98.932
99.9629
99.0587
98.3854
99.8612
98.9963
99.0341
99.9682
98.7211
99.0407
99.7195
98.9455
98.7143
99.8384
98.7997
98.8154
99.9078
99.7774
99.1227
99.8296
98.6945
98.6963
98.2635
98.873
99.869
98.6598
98.717
99.9719
99.995
98.8471
99.7985
99.0514
96.5378
99.996
98.8901
98.9945
99.0543
99.0761
98.808
99.976
99.0585
99.8523
99.7945
98.9443
98.8625
99.131
98.9512
99.9803
99.794
99.9119
99.9774
98.7093
98.8856
98.8978
99.0774
99.0002
99.9181
99.6448
98.931
98.9879
98.7427
99.8953
98.8696
99.8143
98.7383
96.5405
99.2273
98.7714
99.1502
99.8076
98.761
98.9435
98.8983
99.0657
98.9117
98.7443
99.9628
99.8921
98.6341
99.7978
99.9161
99.9402
99.9783
99.0169
99.0571
99.951
99.1479
99.8149
98.8184
99.6469
98.6769
99.9233
98.7899
99.977
99.9267
98.8205
99.9803
99.0321
99.612
99.9566
98.6844
99.1368
98.7224
99.9221
99.7708
99.951
99.8949
98.7726
99.9613
96.577
99.9906
98.745
99.9932
98.2841
98.3538
99.9629
99.9596
99.0352
99.7005
99.8534
98.8407
98.9648
98.8374
99.9635
98.8791
96.6027
98.8022
99.9769
98.8636
99.9274
98.7219
98.9711
99.9238
99.0989
99.9814
98.8809
98.7672
98.3411
99.7682
98.9313
99.9406
98.9192
98.9798
98.901
99.86
98.8794
96.5382
98.751
98.9864
98.8262
99.0827
98.8256
98.3429
99.8632
99.8668
98.786
98.7756
99.9121
98.7313
98.8565
99.953
99.8275
99.8395
99.941
99.9465
98.6456
99.9929
98.9721
98.261
99.0546
98.9666
99.3136
99.9756
99.9602
98.9622
99.0147
98.3011
98.7399
98.7752
99.6508
98.2703
99.9681
98.8272
99.7826
99.908
98.8148
98.8019
99.103
98.8566
98.9358
99.9674
99.9948
98.8283
98.8289
99.9823
99.0674
98.7689
98.8735
98.9066
98.7949
96.5372
99.9838
99.8415
99.0052
98.7738
98.8323
99.9425
98.9919
99.9517
99.0169
98.8013
98.9643
99.959
99.9714
99.9692
98.7404
99.0697
98.7876
98.7065
98.9849
98.8912
99.9203
99.9344
99.7897
99.9678
99.8812
99.043
98.7558
98.7767
99.9051
98.8364
99.7674
99.8494
99.8988
99.1886
98.9623
99.9799
99.8023
98.589
98.7627
99.9686
98.9202
98.8077
99.9595
99.954
99.8012
99.9277
99.0709
98.9907
98.8654
99.8722
98.7848
98.949
99.0364
98.932
98.6628
99.942
99.8408
98.2922
99.9868
99.7465
98.7189
99.9489
98.7755
99.8247
99.9324
99.8275
99.074
99.941
98.7383
98.8734
99.9731
98.9875
99.8293
99.856
99.9586
99.9672
98.7275
99.7937
99.8457
98.6678
99.8248
99.6514
99.9412
99.9744
99.0352
98.6769
98.6488
99.6795
99.9511
99.2406
99.0521
98.7922
99.7674
99.7354
99.7637
98.8936
99.7852
99.0075
99.9814
96.4899
99.109
98.9117
96.5734
98.7757
98.7211
99.8479
99.951
98.8848
99.846
99.9415
98.6597
99.0618
98.7753
98.9855
99.0731
99.6569
99.8519
99.9395
99.9813
99.8773
98.8093
99.1379
98.8259
98.9901
99.8097
98.6786
98.805
98.9876
99.8703
98.735
99.9893
99.0286
99.872
99.7798
98.6841
98.721
98.8579
99.9837
98.805
99.9061
98.9344
99.9558
99.9816
99.8381
99.0524
98.9921
98.9648
99.9266
98.7694
98.8922
98.7682
99.1188
99.7026
99.9433
99.6603
98.7144
99.969
98.7769
99.9422
98.97
99.0142
98.7673
99.0491
99.7753
99.9741
98.8241
99.067
99.0043
99.8701
98.9102
99.7848
99.8638
99.9362
98.6488
99.0888
98.9469
99.0282
98.8458
99.9105
98.8676
99.0296
98.7846
99.9983
99.0179
99.9121
98.7316
98.2899
98.8882
99.025
99.939
99.9573
98.7663
98.7613
98.7983
98.8699
98.7963
99.6861
99.9956
98.7448
98.9973
99.7465
99.9509
99.8196
98.7876
98.8976
99.9555
99.9523
99.7956
99.1061
99.9951
99.9581
99.9776
99.094
99.9699
99.934
99.1331
98.7631
98.7222
99.9508
98.7699
99.9201
99.128
99.5151
98.962
99.0176
99.9312
98.8676
99.1886
99.887
96.5598
99.9365
98.8734
98.8179
98.4434
98.7721
98.7341
98.7802
99.8979
98.4386
99.7472
99.5517
99.8167
99.891
98.8217
98.9644
99.9592
98.9382
98.8997
99.7935
99.9535
99.8833
98.6627
98.807
98.8531
99.9691
98.7909
99.0118
98.9731
99.9604
99.967
98.2147
98.2646
98.9028
99.9775
99.8706
99.9881
99.9487
99.8789
99.8044
98.873
99.018
98.727
98.9974
98.9999
98.9685
98.937
98.7672
98.7435
98.9665
98.8412
98.8442
99.9453
98.6901
96.4898
98.7941
99.9932
98.8199
99.8507
99.3208
99.7308
98.7245
99.9217
99.9685
99.9756
98.9627
98.9613
99.89
99.8395
99.8733
98.7662
99.132
98.9938
99.8234
98.367
99.8863
99.0302
98.3854
99.1071
99.9429
98.8916
99.526
99.9657
99.6159
98.84
99.1509
98.248
98.8011
99.9924
99.5509
98.9985
98.9399
98.944
99.9701
98.9149
98.9222
98.9625
99.9688
99.8989
99.257
98.8412
99.9429
99.9319
99.9967
98.8122
99.9682
98.9867
99.9951
99.9389
96.4753
98.8863
99.8796
98.7121
99.9692
99.8116
99.9268
99.9693
98.2899
98.6957
98.911
99.1028
99.8034
98.7561
98.669
99.8405
99.7629
99.0733
98.8671
99.5659
98.8936
98.8822
98.8396
99.7733
99.0479
99.7677
99.9151
98.7311
98.8262
98.8172
99.0512
99.0424
99.7476
99.8122
99.8184
98.7536
99.684
98.7769
98.9241
99.9369
99.0819
99.0539
98.9748
98.8584
99.8082
99.0077
99.9952
98.9792
99.9207
99.9969
96.6744
98.7625
98.9433
99.7489
98.8815
98.8395
98.7034
98.9214
98.6569
98.6417
98.714
98.6901
98.9992
99.9578
98.7682
99.0376
99.042
98.251
99.9657
99.0492
98.8071
98.7897
99.2171
99.8937
98.8242
98.9077
99.944
99.8328
99.9107
99.9119
98.7597
98.8128
99.5357
99.973
99.9598
99.2585
98.8519
98.4971
98.8694
99.036
99.9554
98.9077
98.7678
98.8466
98.7828
99.6206
99.95
98.6358
99.5937
99.9723
98.8274
99.8411
98.9992
99.0173
99.8167
98.7069
98.7322
99.6175
99.0692
98.9967
99.9482
98.3372
98.7238
98.7366
99.9345
98.9434
99.012
98.8254
98.966
98.9595
99.7541
98.4351
99.9804
99.3099
98.8699
99.9508
98.8967
99.9563
98.6786
98.8519
99.8889
99.132
98.8957
99.8523
98.8829
99.9402
98.9353
99.8237
99.9951
99.044
99.9674
98.8954
99.9107
98.9763
99.7852
99.0748
98.9194
99.7303
99.9233
99.9379
98.7927
99.023
99.9951
99.935
98.7742
99.6159
99.9892
99.9737
99.9114
98.7769
98.8181
98.7537
98.7726
98.6906
99.759
99.0786
98.9364
99.0362
98.7497
98.8272
98.9317
99.1701
99.983
99.8953
98.6727
98.8071
99.9765
99.7945
99.1161
98.9945
99.9479
98.2741
99.1227
99.9596
99.9086
98.9779
98.7282
98.6957
99.9651
99.0445
99.0963
98.998
98.8496
99.8503
99.9893
99.0585
98.8363
99.9043
99.7791
99.8293
99.9374
98.9053
98.8775
98.8401
99.873
98.9725
99.1127
98.8709
99.9589
99.7799
98.9452
96.5298
99.8079
99.0976
99.9631
98.8376
99.858
99.9541
99.951
99.5248
99.8888
99.0398
98.7712
98.973
99.7458
99.0934
98.9041
99.0516
99.8741
99.8067
99.0451
99.9334
99.1619
98.7408
99.925
99.9812
99.023
98.2899
99.9222
98.8565
99.6936
99.011
98.9394
99.9541
99.976
99.0321
99.0669
99.84
99.97
99.8182
99.8444
99.7943
98.7067
98.7175
99.7554
98.8018
99.7796
99.913
99.0085
99.4209
98.9227
99.0349
99.9599
99.9976
98.8367
99.7765
98.7251
98.8337
98.798
99.9579
99.0692
99.5718
99.0042
99.771
98.941
98.9781
98.7458
98.9492
99.8923
99.0944
99.9898
99.9704
99.034
99.9099
96.5326
99.9963
99.9567
98.9253
99.8076
99.0067
98.6948
99.9796
99.942
99.9567
99.9473
98.8845
99.8842
99.9613
98.8978
98.7568
99.964
99.0575
99.6739
99.7884
99.0372
98.7067
98.7004
99.9341
98.8913
98.856
98.8317
99.9351
99.745
99.8186
99.1105
99.094
99.9629
98.3631
99.9861
99.9445
99.9213
99.053
96.6005
99.0402
98.8319
99.9371
99.9535
98.9028
99.2684
98.9625
99.8901
99.9912
99.2983
98.898
98.933
99.0807
98.8849
99.1317
98.7116
99.1215
98.8003
98.8169
98.9595
98.7492
98.7461
98.8145
99.9769
99.1314
98.9511
99.8659
99.9044
99.993
98.9296
96.5692
98.883
98.9782
99.8442
98.8907
99.9957
99.9956
98.7144
99.9529
99.0025
99.9688
99.9695
99.9018
98.6627
98.9646
99.9659
99.8937
99.0601
99.9618
99.0451
98.8794
98.8958
98.8944
99.9712
98.9905
99.8519
99.6557
99.9682
99.0543
99.8481
99.9292
99.9628
99.9931
99.9552
98.7637
99.9602
98.7821
99.7777
99.8812
99.0616
99.9209
98.7408
98.9438
99.7853
98.9268
99.4897
98.8432
99.0904
99.0766
99.5226
98.7682
98.8169
99.8706
98.9439
99.9504
99.0194
98.874
99.848
98.8887
98.7657
98.9049
99.9463
99.991
98.8954
99.0621
99.9142
99.3332
99.0657
98.8205
98.9439
98.7903
99.6087
99.9455
98.8046
99.1232
99.2779
98.3444
99.9168
98.8636
99.7798
99.9465
99.8571
98.6848
99.6087
99.7862
99.9103
99.8776
99.5909
99.8845
99.0275
98.7914
98.6693
99.7664
98.7489
99.9722
98.7777
98.8485
99.9657
99.0822
99.0387
99.9295
99.025
98.9705
99.9314
98.7793
98.7893
99.9254
98.8748
98.8952
99.6986
99.7411
99.8196
99.8724
99.7548
98.8199
99.9611
99.0574
98.9014
98.9898
99.0807
99.9457
99.9497
99.7527
99.5964
99.9937
99.9196
98.9521
99.9725
99.1916
99.9515
98.3897
98.8562
98.8135
99.9179
99.8871
99.92
99.9796
98.8005
99.7844
96.5392
98.8597
99.7944
99.9557
99.7665
99.7303
98.6665
99.7927
98.9683
99.047
99.9493
98.9627
98.6597
99.5674
99.9431
99.9776
99.9642
98.8957
98.9625
99.7493
99.9611
99.9452
99.0772
99.9653
99.7544
98.6658
98.2948
99.9807
99.97
98.782
99.9592
99.9749
99.9742
99.2941
99.7458
99.094
98.9062
99.9881
98.7555
96.6092
99.9136
99.1771
99.9764
99.9848
98.9661
98.8701
99.9736
99.9657
99.8763
98.8227
96.6203
98.7944
99.9316
99.986
99.3208
99.0362
99.9185
99.9778
99.9896
98.8459
99.9628
99.9659
99.1315
99.9437
99.8389
99.8771
98.7672
98.6966
99.8522
98.826
98.6191
99.9594
98.9819
98.8029
99.2316
99.6182
98.848
99.9687
98.3744
99.9246
98.8437
98.4027
99.9476
98.295
99.8679
98.7597
99.0794
98.6658
98.2994
99.7769
99.9589
98.8566
98.9026
98.9623
99.715
98.6893
98.7885
98.9134
99.9362
98.9634
99.9666
98.8123
99.9017
99.8784
98.9777
96.5667
99.4765
99.0757
99.874
99.1664
99.7953
99.8405
99.9561
99.0078
98.9663
99.9532
98.9792
99.8176
99.9837
98.7037
99.9628
99.0959
99.0253
98.7639
99.9505
98.9017
98.8968
99.84
99.7909
99.9927
99.9429
99.9285
99.6511
98.9558
98.9978
98.8941
99.9908
98.4853
98.7718
99.9675
99.9195
99.7186
98.6492
99.6971
99.9101
98.8676
99.942
99.9078
98.8394
99.7925
99.9411
96.6059
99.5612
99.9813
99.9639
98.8074
98.7413
99.8749
96.6744
99.7558
98.6368
99.9695
98.9795
99.9938
99.7789
98.9995
99.9613
99.9884
98.7831
98.9504
98.9995
99.9929
98.7411
98.7166
99.8901
98.9543
98.6936
98.8363
98.9597
98.7124
98.9474
99.5937
98.7413
99.9938
98.6923
98.798
98.9156
99.9892
99.9598
98.7236
99.0689
99.1342
99.0218
99.9567
98.9797
98.8138
99.0046
99.953
98.7086
99.0959
98.8159
99.0399
99.5514
99.8638
98.9847
98.7934
99.7709
99.9538
99.0415
98.9211
98.7436
99.8366
99.7865
98.4365
98.8342
99.067
99.0807
99.0774
98.7198
98.8547
99.9968
99.9578
99.0989
98.9778
98.744
98.7069
99.9901
99.9693
99.6797
99.0786
98.9163
99.908
98.2874
99.977
98.7722
98.3168
98.8242
99.9455
99.779
99.9872
98.8977
98.9246
98.7873
98.339
98.7226
98.9917
98.8199
99.4508
98.7473
99.9503
98.7208
98.7673
99.9206
99.7321
99.9799
99.9044
98.4971
99.9266
98.8086
98.8331
98.7155
99.3315
98.8308
99.8381
98.9175
98.9475
98.7533
99.0592
99.0075
98.8166
98.6973
99.8989
98.8333
98.9763
98.6465
99.349
98.8529
98.9992
98.7822
98.7704
99.8822
98.9818
98.9447
98.935
98.4316
99.9797
98.9784
99.835
99.9403
99.7956
99.899
98.8377
99.8862
98.9062
98.893
99.7894
99.8405
99.7454
98.8254
98.2646
99.0899
99.9258
99.8707
99.7992
98.9837
99.9252
99.7733
99.8621
98.6726
98.7956
98.843
99.2094
99.08
99.8209
99.0211
99.0251
96.5477
99.9175
96.7498
99.9201
99.0032
99.9822
99.0027
99.7894
98.9197
99.9144
99.0655
98.6501
99.9928
99.8633
98.7834
98.8179
98.6841
98.3797
98.9668
99.995
98.8937
99.884
99.9505
99.9567
98.6977
99.9526
99.8408
99.856
98.7175
99.9598
96.5604
99.7896
98.2552
99.9881
99.0523
99.016
99.9951
99.827
99.0418
99.8799
99.9718
99.9012
98.9515
98.7651
99.9741
99.825
99.0585
98.8335
99.1588
98.734
99.9541
98.9337
99.9497
99.0816
99.75
99.9949
98.7752
98.7659
98.9229
99.0624
99.9825
99.9711
99.9563
99.9345
99.9515
99.0347
99.0662
98.7796
99.9
99.9889
99.0999
98.8831
98.7641
98.8643
99.0363
98.9821
98.84
98.7399
99.1036
98.9373
98.8845
99.6035
98.7625
99.8691
98.8162
98.7471
99.0348
99.9019
98.9562
98.8952
99.7418
98.3854
98.8033
99.9831
98.7995
99.0041
98.9167
99.0307
99.0963
99.9927
98.7543
99.4508
99.026
98.2518
99.8621
99.9775
99.0398
99.9052
99.0565
98.9592
98.3859
98.7815
98.9544
99.9959
98.846
99.8681
98.4231
99.8747
98.6564
98.8567
98.6803
98.8061
99.9019
99.0195
99.9295
98.8342
99.7794
98.9646
98.8907
98.2713
99.9552
99.0934
99.8228
99.9567
98.7632
99.9676
98.8636
99.9685
98.9167
99.9222
98.8392
98.8562
98.3218
99.5341
98.9525
99.8663
99.978
99.9687
99.9541
98.9098
98.3058
98.7454
99.0779
99.8677
99.8604
98.7725
99.9803
98.8974
99.0047
98.7475
99.8544
98.8316
98.77
99.913
99.8177
98.7418
99.8494
99.932
99.8747
99.967
98.7285
99.026
98.7734
99.9312
99.7878
98.8916
98.7053
98.9926
99.9563
98.7418
98.9028
98.4479
98.8741
99.9565
99.0432
98.8519
99.7277
98.2608
98.7267
98.8732
99.0432
98.7717
99.8765
99.9436
99.5807
99.6557
98.7575
99.8979
99.0173
98.8102
98.7492
98.7152
98.6881
98.9529
99.8965
99.8045
98.7253
99.023
98.7382
98.8887
99.9649
99.946
99.9062
99.9201
99.77
99.9586
99.8953
98.8652
98.6661
99.8687
98.9377
98.8519
99.814
99.6433
99.0688
99.9828
96.6608
99.0358
98.9366
99.9463
99.8415
99.9681
99.9351
99.9546
99.954
99.7983
98.967
99.783
99.7912
99.5036
99.6707
99.8411
99.8668
98.6919
99.1612
98.8777
98.8013
98.8719
99.9659
99.1314
98.2409
99.9639
99.0648
98.6408
98.3544
99.9497
98.7458
99.7667
99.9123
98.8229
98.9856
98.8735
99.9646
99.9515
99.9441
99.9103
98.7578
99.9358
99.8832
99.6281
99.9019
99.9853
99.9252
99.9432
98.9039
99.3607
99.0471
99.6087
98.6578
99.7177
98.8181
99.0286
99.7137
99.08
98.3544
99.9538
99.9674
99.8045
98.4954
99.9954
98.4316
98.7999
99.0043
99.9445
99.8065
99.8019
98.9146
98.8314
99.0411
99.9324
99.0574
98.8189
99.8849
99.9553
99.9685
99.0978
98.8542
99.9689
99.9848
99.994
99.9179
98.9913
98.7606
98.983
99.0624
99.9559
99.9926
98.8161
99.0899
99.9736
99.9051
99.7194
98.9921
99.9738
99.9602
99.7301
98.708
98.8477
99.3214
98.9305
98.7758
98.8135
98.8785
99.7852
98.3543
99.1238
98.7387
99.9306
99.8915
96.6238
99.8045
98.9622
99.9542
99.0327
98.8045
99.9838
98.7118
98.7419
98.9065
99.9281
99.2495
99.9486
99.0482
98.238
99.9107
99.2215
98.2147
98.7408
98.8063
99.9838
98.8658
98.7498
98.7742
99.032
99.4508
99.9684
98.7436
98.9711
99.9047
99.0383
98.7663
98.7435
98.7219
98.8569
98.8479
98.7355
99.8184
98.8526
99.2916
99.0056
99.9915
99.9677
99.5032
98.805
99.0683
99.9394
99.6156
99.8633
99.8019
98.7366
99.8588
99.5159
99.0198
98.774
99.872
98.2785
99.9616
98.9436
98.7473
99.2103
99.9372
98.7199
99.9433
99.9703
98.856
99.8709
98.7554
98.8401
99.9685
99.0514
98.6963
99.7903
99.8732
98.7155
98.7967
98.8298
98.9313
99.5001
99.9704
99.9612
98.8404
99.9946
98.8734
98.8696
98.6636
98.7279
99.8617
98.4686
99.8796
98.86
98.7291
98.9789
99.7745
98.8061
98.7956
99.0621
99.9273
99.0542
98.8101
98.9297
98.8045
99.9703
98.9242
98.764
99.7301
99.9532
99.9555
99.8195
98.6855
99.9695
98.9908
99.4956
99.8842
98.9476
98.8199
99.9416
99.8185
99.9388
98.9418
99.9456
98.6964
99.9116
98.774
99.9369
99.8703
98.8338
99.7119
99.5036
99.3331
99.0401
96.6011
98.8395
99.7588
98.9618
99.0311
99.8381
98.7244
99.4968
98.8526
99.0144
99.0403
99.0574
98.7626
98.755
99.9865
99.76
99.0627
99.8339
99.048
99.0564
98.8028
99.9862
98.7946
99.9343
98.833
98.9394
99.0387
99.9678
98.871
98.9584
98.7404
99.9869
99.9162
99.7923
98.8405
99.9636
99.8609
99.8617
99.9945
98.2556
98.7846
98.9582
99.9965
96.5288
99.8791
99.9303
98.4524
99.1163
99.0106
96.6092
99.0387
99.1252
98.884
99.9599
99.3332
98.8839
98.813
98.9349
96.652
98.9048
99.7982
99.8223
98.8809
98.3335
99.9275
99.9612
99.0078
98.972
99.3114
99.9007
99.7845
99.8783
98.8264
99.5183
99.8556
98.8569
99.9612
98.8253
99.9626
99.1061
99.5109
99.9511
98.6894
96.5113
99.8747
98.9856
99.0417
98.7092
99.0196
99.9686
98.9077
98.4419
99.0883
99.9497
98.236
99.7716
98.787
99.051
99.0501
99.9976
99.1296
99.7308
99.9414
99.9559
99.6159
98.7301
98.8583
99.8787
99.9954
99.0999
99.9473
99.9562
99.8102
98.7722
99.8561
99.973
99.9201
98.7886
99.7591
96.7723
99.9482
98.7938
98.8538
98.9591
98.7705
98.9414
98.865
99.9856
99.2916
99.8823
98.3759
98.8331
99.8687
99.9868
98.7153
99.0709
99.131
99.9776
98.9145
99.9081
98.9893
99.2872
98.8899
99.0464
99.9796
99.0195
99.7362
98.7876
98.2402
98.7146
99.2428
99.8126
98.7561
98.8773
98.7982
99.9316
98.8877
98.8333
98.721
99.955
98.7777
99.8906
98.8128
99.3315
98.9266
98.8704
99.0052
98.7882
96.6291
99.9489
99.9568
99.8611
98.7217
98.9622
99.9611
96.7732
98.8783
99.5259
98.8944
99.0189
98.7854
98.2609
99.9879
99.9077
98.71
98.9629
99.0643
99.9915
98.4354
98.7733
99.9529
99.8809
98.7175
99.9557
99.9684
98.9752
98.8147
99.875
99.5745
98.8402
99.6028
98.6906
98.843
98.7808
99.0251
98.855
99.9488
99.995
99.9679
98.9259
98.8949
98.8548
99.0664
99.9565
99.8841
98.7562
99.7851
99.9209
98.6473
99.935
99.9785
98.938
96.537
98.7309
99.9239
99.1998
99.9746
99.7868
98.9659
99.9614
99.9819
98.7035
99.0462
99.9482
99.6078
98.9737
99.8007
99.7943
99.869
99.8906
99.9538
98.9004
99.938
98.7632
99.9833
99.9478
98.7559
99.9991
99.0051
98.9803
99.9497
99.9837
99.9302
98.8891
99.9794
98.7091
99.8316
99.959
98.3797
98.8144
98.836
99.257
99.9616
99.7631
98.6817
98.9102
99.7865
99.7652
99.8691
99.7009
99.9962
98.7155
99.954
98.9982
98.6803
98.8336
98.8096
99.9796
96.5783
98.9642
99.9727
99.744
98.7129
96.5189
98.8863
99.0745
99.6469
98.9625
98.7332
99.8366
99.9835
98.9529
99.9738
99.9562
98.2437
98.8815
99.0275
99.6736
98.9634
99.7897
99.9546
99.8985
98.9394
99.9696
99.8749
99.7958
99.9447
99.0189
99.7548
98.981
99.7746
99.9394
99.9955
98.7435
99.9436
99.9686
98.796
98.7129
96.5383
96.6369
98.9184
96.577
99.4765
99.9632
98.7148
99.8846
99.7716
99.7757
99.8199
99.8637
99.7009
99.9475
99.8757
99.9522
99.759
99.9531
99.79
99.7958
96.6082
99.8437
99.9666
99.0597
99.8554
98.9489
99.9269
98.8837
99.977
98.2669
99.7355
98.8188
99.3148
99.9854
98.6661
99.7798
99.8668
99.8248
98.7008
99.8985
99.8013
99.0289
98.7685
98.9995
98.3046
99.8715
99.8224
99.806
99.0219
99.9639
98.7831
99.6986
99.8012
98.9419
99.8034
99.0624
98.8221
99.5259
99.9973
98.2661
98.7794
98.9181
99.9955
99.973
99.8783
99.9389
99.1495
98.8807
99.1509
98.8921
98.8894
98.9112
99.9951
98.8701
99.8742
99.9766
99.7819
98.8233
98.7963
98.8393
99.0757
98.9613
99.8102
98.6831
99.9445
96.5839
99.8766
98.9679
98.7939
99.9443
99.8415
99.9141
98.83
98.9483
98.9952
99.9664
98.9973
99.0023
99.9629
98.7224
98.8765
99.0124
99.5252
99.0469
98.7223
98.8528
99.8169
99.0431
99.9954
99.748
98.7661
98.8342
98.6594
99.8006
99.9961
98.967
98.8574
98.7051
96.7498
99.9686
99.9962
99.9123
98.8797
99.9599
99.1612
99.0286
99.9838
98.3543
99.7776
99.1479
99.9951
98.9048
98.9748
99.9883
99.8907
98.8045
99.8836
98.7379
99.0764
98.8529
99.9954
99.9629
98.9772
98.7446
99.9604
99.0295
98.8506
99.1506
98.9041
99.9167
98.9862
99.9437
99.7946
98.7797
98.9052
99.9606
99.9278
96.5598
98.8653
99.9424
99.9303
98.7724
99.1658
99.1418
99.9036
98.8094
98.9708
99.5654
99.9119
99.9299
98.7245
99.9263
99.0077
98.9404
98.8214
98.7769
98.6492
99.7925
99.8308
98.7714
99.9511
99.2479
99.8143
99.0075
99.9654
99.9814
99.9362
98.2871
98.8572
99.8518
99.8921
99.9225
98.967
98.7301
99.5364
99.7952
98.7831
98.9355
99.8849
99.9511
99.9561
98.7243
99.8971
99.9291
99.7909
99.859
99.9578
98.9764
99.9817
99.1227
99.9884
98.9752
99.8731
98.768
99.9851
99.014
98.8849
99.8179
98.7836
99.9694
98.8713
99.1173
98.97
98.7431
99.0411
99.0179
98.3725
99.3029
98.9033
98.7281
99.0137
99.9554
98.2741
99.869
98.8807
99.9243
99.9602
98.9156
99.7407
99.9493
99.9469
99.9689
99.9349
99.9865
99.0655
98.8654
99.8932
98.2917
98.8055
99.9145
99.8862
99.7796
99.8462
98.2635
99.8446
99.9541
99.0144
98.779
98.941
99.9819
98.8395
99.025
98.758
98.8978
99.2552
99.5252
99.879
99.9474
98.7383
98.8807
99.9852
98.9801
98.6851
99.0543
99.9217
99.9538
99.959
99.7663
99.7283
99.79
98.7075
98.9266
99.8389
98.9102
98.6907
99.0923
99.9776
99.9061
99.9702
99.9581
99.1701
98.9097
99.9217
99.6847
99.9664
99.8491
99.653
99.9827
99.0534
98.7217
99.7575
98.8635
98.2728
98.9305
99.9794
99.9538
99.9258
99.8237
99.7901
99.8022
99.0153
99.9924
98.9945
96.5456
99.6391
98.878
99.8877
98.8259
98.6807
98.9373
99.9578
99.9958
99.8674
99.9741
99.9334
99.0986
99.0677
98.9867
99.8655
99.9471
99.9694
99.9963
99.024
98.8619
98.7597
98.3637
98.8217
98.7839
99.84
98.658
99.9191
99.7008
98.5952
99.067
99.8466
98.9337
99.5805
98.7291
98.3218
99.9632
99.0259
99.0514
99.8171
99.7374
98.8862
98.9585
99.9577
99.7088
98.9266
98.9809
99.0405
99.047
99.0601
99.9204
98.8557
98.7604
99.9505
99.7759
98.856
99.9376
99.8391
98.32
99.9667
98.7502
99.0268
99.9375
98.8621
99.0581
99.7546
99.9229
98.8424
99.7958
98.7586
99.7363
98.8401
99.993
99.6078
96.7908
98.9076
98.947
98.7956
99.0399
99.9776
98.9434
99.0303
99.9949
99.9146
99.9928
98.7199
99.0683
99.9554
99.0479
98.9483
98.858
99.1407
99.7741
98.3808
98.9249
98.8968
98.7492
98.8006
99.9954
99.0402
99.9202
98.6899
98.758
99.9273
98.947
98.9869
99.7958
99.8779
98.8206
98.7923
99.5113
99.0819
99.9722
99.8882
98.9557
99.0355
98.9436
99.9264
99.8971
98.746
98.8537
98.7663
98.7806
99.0133
98.6985
99.9757
99.0792
99.7121
99.0373
99.81
99.8484
99.9533
99.8219
99.932
99.023
99.8778
99.336
99.976
98.7473
98.902
99.9588
99.6634
99.7852
98.3544
99.8343
99.9703
99.9291
98.3444
99.8621
98.7381
99.7554
99.9255
99.9576
96.8504
96.5734
98.9197
98.7211
98.8125
99.0816
99.0047
96.6744
99.9688
99.9072
98.9366
98.6643
99.0509
98.7703
99.9341
99.9604
96.6116
99.7709
98.8043
99.9961
98.8424
99.924
98.7996
99.9501
98.8065
98.7062
99.0197
98.7475
99.7675
98.9876
99.7754
99.968
99.7798
99.0217
99.9582
99.3681
98.8261
98.829
98.858
98.4085
99.7641
99.9555
99.7473
99.9483
98.5667
98.7876
99.003
98.9469
98.9269
96.6085
96.7278
98.7262
99.9682
98.7223
96.557
99.986
99.8979
99.9526
98.4971
99.958
99.7624
99.9183
99.0915
98.8222
99.8329
99.9931
98.7632
99.9217
99.9314
99.913
98.9623
99.9037
99.997
99.0442
99.0342
99.0511
99.9051
99.7647
98.7804
99.7476
99.0498
99.0868
99.3288
99.5001
96.5854
99.9657
99.9477
99.1338
98.8408
99.8673
99.8763
98.8504
99.9546
98.9722
99.9695
99.9396
99.9365
99.9149
99.7985
98.819
98.7105
98.7153
99.8512
99.9954
99.9978
99.736
98.7323
99.9136
98.7143
99.9322
98.8913
98.874
98.8937
98.9798
98.4854
98.6944
99.9232
98.8574
98.775
98.7592
98.8262
98.8466
99.0876
98.8479
98.7932
98.8878
99.9951
99.0899
99.7923
99.8275
99.0243
99.9338
99.836
99.9173
99.1379
98.9995
99.3214
96.5703
99.9436
98.7823
98.9793
99.9275
98.8927
99.9695
98.8461
98.8524
99.9918
99.9651
99.9236
98.7178
98.2782
99.9595
99.9126
99.8579
98.6862
98.9476
99.9944
99.9299
99.955
99.9233
99.8065
98.8718
98.7597
99.9489
99.8497
98.8831
98.4886
99.9814
98.8845
99.9493
98.7726
98.9859
99.926
99.727
98.7779
99.9352
98.807
99.5188
99.7944
99.9936
99.9419
99.0792
99.6452
99.8708
99.9746
99.9697
99.0153
99.085
98.6949
99.848
98.4479
99.9266
99.8081
99.9792
99.0076
98.7267
99.1949
98.8944
98.7545
99.8738
98.8029
99.0167
98.9516
98.987
98.9229
99.9103
99.8569
99.002
98.8336
99.7171
98.7797
99.0652
98.7824
98.9657
99.0786
98.8444
98.955
99.9431
99.0259
98.9013
98.884
99.9183
99.9337
98.7745
98.777
98.7674
99.8701
98.7243
98.7535
99.9905
98.685
98.8051
99.927
98.827
99.067
99.9404
99.0302
98.8901
98.736
99.0289
98.8391
99.9072
99.942
98.8507
99.0296
99.104
98.8813
98.7656
99.7774
99.7176
98.7443
96.6027
99.179
98.953
99.025
98.9301
99.759
99.09
99.9896
98.927
99.7302
98.8881
99.8495
99.1493
99.0881
98.9653
99.9659
98.7876
98.7458
98.7914
96.5298
99.8963
99.3148
98.2782
99.9138
96.5734
99.9521
99.929
99.0672
98.8238
99.951
99.9712
99.0174
99.7974
99.908
98.8439
98.8595
99.9626
99.9889
99.9601
98.797
99.9133
98.9469
99.5718
99.942
99.9876
98.9993
98.8595
98.8479
99.9585
98.8268
99.2941
99.9164
99.0124
99.9138
98.9711
98.7721
98.84
98.9718
99.9257
99.2585
99.9486
98.9553
99.735
99.9673
99.9925
99.0415
99.8963
98.9435
99.8173
99.9264
99.5109
99.8468
99.8627
98.7399
99.7158
99.0347
96.6059
98.9522
99.1127
98.7556
99.9862
99.8602
99.9794
96.5298
99.948
99.7921
98.8694
98.8259
98.8943
99.9577
99.9693
98.7996
99.9803
98.3668
98.9816
99.9827
99.9464
98.6867
98.965
99.0739
99.9613
99.0661
99.8624
99.9691
99.9963
98.8641
99.0925
98.8801
99.9246
98.7198
99.018
98.3968
98.9297
99.7708
99.0424
98.8408
99.8191
99.8805
99.7522
98.9751
99.1028
98.8589
98.6424
99.7719
99.5503
99.63
99.9699
98.8752
99.8228
98.9964
98.992
96.4833
99.9757
99.759
99.9222
99.9229
99.7971
99.9078
99.0758
98.8797
98.8694
98.9549
99.9458
99.8637
99.0165
99.9065
99.0142
98.8283
98.7934
99.0327
99.9722
99.7983
99.7695
99.1342
98.7725
99.9136
98.8769
98.7389
99.0786
98.8027
99.9701
98.6404
99.9483
99.9637
98.9394
99.8185
99.9512
98.8863
98.919
98.303
99.0106
98.7053
98.8813
99.9253
99.9837
99.8398
98.7335
99.8907
99.0634
99.9692
96.5024
98.9741
98.7907
99.8523
99.7669
99.048
99.9544
98.972
99.9686
98.8319
99.1088
99.1275
99.0195
98.9111
98.7992
98.9843
98.83
99.9826
99.9766
96.6369
99.9376
99.7308
98.9437
98.9657
99.0821
98.9849
99.935
98.7086
99.9677
98.7427
99.7791
98.9999
98.7992
99.9489
98.8548
98.6424
98.8254
99.8627
99.0406
99.8686
98.8528
98.7986
98.792
99.0013
99.011
99.8178
98.8849
99.9914
98.8629
98.8508
99.0528
98.7146
98.7706
98.9506
98.8899
98.9781
98.8213
98.7959
98.8062
99.9946
99.9101
98.9331
99.9116
99.9554
98.4715
98.8407
99.9322
98.7322
99.0662
98.8436
99.0508
98.9881
98.6954
99.9603
99.0268
99.0155
99.0738
99.9762
98.339
99.5032
99.023
98.8395
99.0413
98.9636
98.9586
99.8143
98.9516
99.9701
99.0534
98.9486
99.5248
98.8421
99.873
99.9217
99.959
99.0289
98.9117
99.973
98.7961
98.9619
99.92
99.0585
99.9403
99.9961
98.8758
99.0846
99.8181
98.7548
99.9618
99.7944
99.9578
99.918
98.7313
99.042
98.9864
99.9945
99.968
98.8751
99.9337
99.9812
98.7821
98.8643
98.9515
96.7908
99.0208
99.7745
99.9739
99.995
98.7267
99.9385
98.9648
98.8856
99.0761
99.8572
99.0142
99.1317
96.4898
99.0766
99.6847
96.4898
99.0471
99.9277
99.7566
99.0295
99.9443
98.8887
98.2956
98.6417
99.7757
98.8751
98.6213
99.9201
99.9467
98.8317
99.0318
99.7707
99.7693
99.8192
98.8592
99.7791
98.2316
98.9585
98.236
98.8291
98.3741
99.0049
99.9145
99.9553
99.0546
99.9518
98.6767
98.5051
99.9343
98.8583
98.3829
99.0338
98.7738
99.0775
99.7659
98.7884
99.9938
99.9607
99.779
99.0253
99.0398
99.072
98.9703
99.886
99.9928
99.5269
98.6993
98.9834
98.7727
99.9627
98.7382
98.826
99.6433
99.9458
99.7255
99.8455
99.967
99.8719
99.1299
99.0342
98.9481
98.7794
98.8732
99.062
99.8719
98.6766
98.8161
98.8632
99.952
99.7666
98.8508
99.9275
99.3714
98.7939
98.9536
99.9323
99.973
99.9649
98.8343
98.982
99.0819
99.7043
98.7516
99.9345
99.944
99.8405
98.9938
99.9389
98.7215
98.6843
98.7559
98.7066
98.6583
99.9651
98.7208
98.8045
99.9315
99.9649
99.9682
98.8162
99.9547
99.9493
99.7975
99.8484
98.9314
99.1916
99.0592
99.6996
99.9604
98.7869
99.9236
98.8809
98.8358
98.6497
99.9839
98.2575
99.271
96.6939
99.6522
98.8469
99.9576
99.3332
99.8675
99.9518
99.969
99.8853
98.8441
98.7051
99.9655
96.5604
99.1322
98.7402
98.9066
99.6998
98.7985
98.8715
98.69
98.7787
99.8012
98.9905
99.8977
99.8228
99.0376
98.7696
98.7127
99.0003
98.7502
98.7515
98.6132
99.9643
98.7751
98.8211
98.9625
99.9559
99.0173
98.8587
99.7868
98.8784
98.9149
98.8877
99.766
99.959
98.4434
99.7008
98.737
99.9967
98.7942
99.8034
98.7286
99.9827
99.9693
99.8183
98.9399
98.8843
98.8962
99.0017
99.9688
99.6955
99.9825
98.8752
99.9596
98.3291
99.9209
99.0286
98.6944
98.7624
99.2406
99.9626
99.9537
99.9496
99.8487
99.977
99.9371
98.942
96.5149
99.0091
99.9929
98.8895
98.669
99.9628
99.8512
98.9578
98.8507
99.0043
99.7757
98.9977
98.7631
99.1608
98.8868
98.6831
98.8507
99.9498
98.9312
98.7625
99.2215
98.7718
98.9898
99.9539
98.7213
99.9738
99.9559
98.8519
99.5937
98.7661
99.0333
98.8493
99.7176
98.7844
99.1493
98.2917
99.9897
99.0934
99.8254
98.9556
99.7759
98.8531
99.973
99.9266
98.7764
99.9865
98.9917
99.9437
99.9391
99.14
98.661
98.725
98.7525
98.928
99.9699
98.9731
98.9751
99.8755
98.846
98.3096
98.6501
99.954
99.8083
98.9026
99.9847
98.8165
99.9483
98.9621
99.9084
98.9275
99.7544
99.9629
98.8831
98.9536
98.7963
98.9672
98.7273
98.6584
98.8627
98.9768
99.9589
98.7872
99.0161
99.0794
98.8129
98.8416
99.8171
99.9482
99.0593
98.9214
98.4354
98.7738
99.1005
99.8669
98.9697
99.7986
99.9603
99.9704
98.8796
98.713
99.9681
99.9169
99.9695
99.9949
99.92
98.6978
99.0975
98.8298
99.7608
99.9371
98.9489
99.9695
98.8457
98.775
99.6316
96.5703
98.7922
98.7322
98.6755
99.8181
98.8116
98.9952
99.9908
99.9533
99.8693
99.9491
96.5821
98.8466
99.7745
99.0477
98.9077
98.8913
99.89
98.9434
99.8609
98.2409
98.8105
99.0301
99.9304
98.8542
98.8185
98.9181
98.4454
99.8169
99.9004
99.8749
99.9974
99.7946
99.939
98.7155
99.9965
99.872
98.8378
98.884
99.9485
99.9686
99.9143
98.7524
99.952
99.9589
98.7273
98.7914
98.9083
99.9935
99.9532
98.8268
98.9688
99.9716
99.7281
99.9306
98.8335
99.9522
99.2054
99.9799
98.928
98.8561
99.8983
98.6876
99.8174
98.7982
98.9371
98.9792
99.006
99.9973
98.9249
98.8694
99.0118
98.8813
99.9803
98.7423
99.9581
98.952
98.4141
98.8764
99.9479
98.8952
99.9338
99.9365
99.0819
98.8259
99.0242
98.6765
98.2341
99.8763
98.9718
99.9934
99.9334
98.6254
98.7592
99.9701
99.0173
99.0156
98.8061
98.805
99.9546
98.7732
99.7958
98.8147
99.9736
99.9803
98.9967
99.7124
99.179
99.9601
99.8788
98.7217
98.7706
98.7591
99.9107
99.7935
99.9183
98.8199
99.9951
98.9098
98.8626
98.7183
99.9227
98.6906
99.7301
98.6903
99.8158
98.7214
98.8294
99.7724
98.7608
98.9834
99.9704
99.9686
99.0138
98.292
99.8852
99.072
99.9905
99.0286
99.7632
99.9674
98.8282
99.8702
99.9778
99.9642
99.9227
99.9048
98.6294
99.9484
98.7817
99.7893
98.7777
99.9897
99.8353
98.7521
98.8199
99.9384
99.0418
98.9457
98.9661
99.349
98.3728
99.0097
98.6851
99.9945
98.7837
99.9596
98.9471
98.238
98.4085
99.9733
99.9175
98.905
99.9624
99.9201
98.7578
99.024
99.9369
99.9541
99.091
98.9511
99.7791
99.9401
99.9983
99.8192
99.1238
99.8383
99.9579
99.9051
99.9657
99.9314
98.7501
98.7388
99.9599
99.097
98.8665
99.9467
98.6665
99.9686
98.6368
99.8171
98.7309
98.3168
98.8851
99.6433
99.7568
99.0419
98.9312
99.9232
99.0539
99.9346
99.686
99.9335
98.2361
98.7489
98.2761
98.6698
98.9854
98.745
99.9628
98.7645
99.7195
99.9646
99.9473
98.7081
99.9276
99.8183
99.0546
98.7379
99.63
99.7458
98.7416
98.7897
99.9594
98.7507
99.9415
98.8697
98.8726
99.042
99.9478
99.77
99.9032
99.0473
98.7958
98.8423
99.7472
99.9572
99.7774
99.7934
99.9447
98.9439
98.6891
99.9728
99.9269
98.7199
99.9234
99.9274
98.8215
98.8384
98.809
99.0128
99.7584
98.7267
98.8404
98.9437
99.9237
98.8401
99.8839
99.9831
99.8137
99.9483
99.996
99.9367
98.6874
99.7362
99.9629
98.762
98.7967
99.962
99.1377
99.9972
99.9268
98.9623
99.942
98.9569
99.9774
99.9103
99.96
99.9462
99.7139
98.8715
99.7568
99.7124
98.7872
99.8392
99.9862
98.238
99.8637
99.9417
99.0098
99.9092
98.3667
98.7522
99.7982
99.987
99.8143
99.2495
98.8726
99.9592
99.0788
99.982
99.8841
99.0779
98.8291
98.9621
98.9907
98.9097
98.8198
99.9769
99.7674
99.9656
98.2223
99.9816
99.9701
98.8644
99.0347
98.6099
99.8997
98.928
99.8651
99.959
98.8316
98.6997
99.0508
98.6872
98.901
99.0696
98.7222
99.9017
98.7366
98.9586
98.8093
99.9012
99.9862
99.9485
98.7927
98.6741
99.9923
99.9741
98.8773
99.9935
98.6765
98.7732
99.8479
98.7899
98.8851
99.7704
99.9121
98.8254
98.4352
99.0219
99.8983
99.913
99.955
98.7759
99.9639
98.9399
96.5749
99.5183
99.0349
99.0511
98.912
99.9788
99.165
99.9573
98.8065
99.6391
99.8554
99.949
99.9464
99.9081
98.9827
99.5966
98.843
99.0624
98.9267
98.7236
98.8469
99.085
98.7661
99.9687
99.0127
99.9233
99.0672
99.9285
98.8654
98.9344
99.8237
98.9665
99.0168
99.9496
99.9727
99.99
99.7757
98.6976
98.7372
99.2941
99.9924
99.1473
98.8713
98.2948
98.8714
99.9528
98.9168
99.3288
99.9457
99.0953
99.9359
99.9103
99.9919
98.7914
99.9058
98.8312
99.9518
98.7837
99.9524
98.6772
98.7355
98.9691
99.0669
98.7899
99.9299
99.7819
98.4386
96.5821
98.9691
98.826
99.8678
99.9298
99.7935
99.9649
99.8675
99.0936
99.9498
98.3897
98.6474
98.7833
98.8458
98.7684
99.9179
99.9599
99.9803
99.8048
98.9094
99.074
99.8691
98.3096
98.3046
98.8884
98.8004
98.3637
98.9376
99.0067
98.7225
99.0077
99.0692
96.6027
98.7787
99.7326
98.9516
98.7794
98.9803
99.8023
99.6955
99.8023
99.9308
98.8749
98.8587
99.9572
98.8278
98.8907
99.7827
98.9803
98.8974
99.6183
98.9907
98.2556
99.9258
98.9935
98.8877
99.9901
98.9837
98.8732
99.3332
99.2094
98.8526
98.9353
99.9635
98.7051
99.4646
99.8784
99.0053
99.9526
99.9719
98.7985
99.9553
99.8711
99.922
98.7622
98.7815
99.0422
99.0163
98.758
98.8831
98.7842
98.9864
98.8728
98.7521
99.106
98.8172
99.9853
99.0465
98.7777
98.7466
99.8983
98.9364
98.9671
99.6514
99.823
98.8024
98.8272
98.9236
99.6861
99.0819
99.0894
99.9202
98.873
98.8949
98.3797
99.9429
98.7214
96.5734
98.7659
99.8805
99.9775
99.9625
99.9556
98.7123
99.9411
98.7314
99.8489
99.9078
98.8901
98.8241
99.9777
99.6154
98.9242
98.7696
98.2741
99.3288
99.8641
99.8719
98.8927
99.9698
99.8989
98.8228
99.9699
99.0423
99.0621
99.9503
99.9443
98.7622
98.7575
98.8949
96.6291
99.4968
99.9477
99.2109
99.0518
98.7733
99.9949
98.7153
99.9411
98.8034
98.9043
98.867
99.6743
99.9245
98.9912
99.056
99.939
99.9586
98.7941
99.803
99.9736
98.9269
99.9373
98.4063
99.069
99.0293
99.7745
99.0772
98.6583
99.9471
99.9965
98.8407
99.5195
98.7223
98.8577
99.5168
99.9691
98.8043
99.9473
99.934
99.9648
99.8039
98.6325
99.0607
99.9948
99.0543
98.8919
99.7659
98.7841
99.9509
99.8427
98.7973
98.7246
99.0407
98.2596
99.982
98.9149
98.8924
98.7219
99.9655
99.0289
98.6537
98.857
99.991
98.9353
99.951
99.0156
98.8835
98.8557
98.8323
99.3099
98.9305
98.9821
99.9024
96.4833
99.8809
99.0854
99.7552
98.818
99.9532
98.6795
99.7896
98.7164
98.367
99.7565
99.9577
99.8617
96.537
99.7418
99.875
98.6191
99.9474
99.9018
99.7177
98.9928
98.7257
99.7709
98.972
98.8572
98.7146
98.9733
99.9458
99.9103
98.6474
99.7981
96.4833
98.7416
98.6326
98.7961
99.8811
99.1436
98.7112
98.9267
99.9905
96.5703
98.8625
99.9612
98.7498
98.7034
99.8569
99.9433
99.9824
99.9961
99.982
99.9563
98.7985
98.3375
99.9217
99.8415
98.7818
99.0903
98.8343
98.7882
99.9345
99.9888
96.7258
98.6598
98.8574
99.7667
98.9945
99.9431
99.7445
99.5183
99.748
98.9145
98.8208
98.9434
98.7682
99.9276
99.2401
99.6549
99.9857
99.9656
99.0627
99.93
98.8689
98.818
99.9698
99.9803
99.9517
99.1394
99.103
98.734
98.8203
99.9944
99.7707
99.0233
99.7372
99.9478
98.3759
99.7852
99.9553
98.9651
99.954
99.037
98.967
98.7735
98.8246
99.9214
99.9712
99.9896
99.0119
98.8233
98.7233
98.9404
98.8104
99.9595
99.0196
99.7708
99.822
