99.7563
99.8418
99.8564
99.8058
99.7068
97.6586
97.6522
99.8441
97.7404
99.9096
99.7352
99.7583
99.9058
97.672
99.7278
99.89
97.6454
99.9116
99.8331
99.8932
97.5926
99.9127
97.5307
97.653
99.7548
97.6823
99.7796
99.865
99.8313
99.8733
97.7517
96.8422
96.6224
97.7819
99.7544
97.6311
97.7024
97.6944
97.6388
97.6906
96.6092
97.9103
99.6025
99.8739
97.6654
97.6244
98.1411
99.8365
99.7857
99.9698
99.931
97.7498
96.6661
99.8966
97.6786
98.5357
98.2285
97.841
97.6594
97.7169
99.6991
99.8468
99.6934
99.6412
99.9033
99.4969
96.7105
97.5735
96.7497
97.6777
99.8466
97.6634
96.606
97.6944
96.8754
99.8715
97.7123
96.8164
99.8641
97.5142
99.8917
97.7345
97.7045
96.5843
99.6156
99.8864
96.646
96.684
99.8741
97.6294
99.8692
96.6803
97.7403
96.6505
99.88
99.658
97.5987
99.9114
99.9131
99.6343
99.7934
97.8145
99.7904
97.6581
96.6272
99.8959
97.6514
98.3395
99.8193
99.8335
99.9325
99.6517
99.7685
97.6184
96.7762
98.6003
99.8742
97.7347
97.6972
97.6629
97.6398
97.7635
96.531
97.5918
98.1086
97.7351
97.7081
97.7275
99.9236
97.5812
99.7658
99.7291
96.5804
99.8565
99.7906
98.2356
99.6929
97.7416
99.8451
97.621
99.901
96.803
99.874
99.8696
96.5878
99.9168
99.6316
99.852
96.6863
97.6505
99.8366
99.8142
97.7246
97.5862
99.6991
99.5358
99.8263
97.6973
99.7152
99.8857
98.3495
99.9091
97.7001
99.9026
99.1406
99.8514
97.7689
99.883
97.675
97.6715
97.6692
99.8514
99.8454
99.742
96.7764
98.2535
96.5334
97.7051
99.8381
99.9823
99.8099
99.7664
99.9193
97.7819
99.713
97.7045
97.7436
98.446
97.65
99.8702
97.7765
97.6351
99.6794
99.9502
99.9494
97.6427
99.6156
99.8708
99.7853
99.8531
99.7044
99.9795
99.615
97.7692
99.8981
99.9587
96.7772
99.893
99.8754
99.6027
97.7765
99.8524
97.6995
97.6994
99.8851
99.8668
97.7313
99.66
99.6997
97.7551
98.2878
99.8663
97.7689
96.5426
99.8282
99.9582
97.7298
97.6845
99.8247
99.9566
99.7197
96.627
97.6412
99.8458
99.9818
97.7519
99.6953
96.7459
97.6892
97.7632
99.879
96.6817
97.6828
97.904
99.616
99.827
99.879
99.7976
96.6197
99.8999
96.7515
97.6934
99.8194
99.8866
97.7238
97.6739
99.8854
96.7417
97.6839
97.6859
99.7
99.8048
97.5688
97.7001
99.889
99.8165
97.6609
99.6511
96.6566
97.8449
99.5951
99.9134
97.6203
99.8785
96.5907
96.7459
99.9196
97.5783
96.8489
96.6785
99.8556
99.8303
99.8858
99.6813
99.5841
99.8487
99.682
96.5352
96.6047
97.6214
96.5972
97.7447
96.6361
97.7
99.7001
99.88
99.544
99.8382
99.8823
99.8949
99.6635
99.8949
99.7922
99.6622
99.9007
99.8557
99.8414
97.5018
97.6577
99.8934
97.6362
96.6386
99.8495
99.5414
97.7311
99.8971
97.6815
99.923
99.8821
99.8555
99.8289
97.6968
97.7207
97.7173
97.7494
99.8973
99.6471
97.6762
99.8091
99.8197
99.7284
96.7016
96.789
97.5688
99.907
97.4904
97.6678
97.7707
99.7045
99.8867
99.6324
99.8023
99.612
96.6607
99.8253
99.6324
99.9114
97.6691
96.7567
97.6969
97.7527
99.8919
97.6257
99.888
99.9862
97.6669
97.6131
97.7664
99.9271
97.6352
96.6417
96.7309
97.7716
97.6741
99.9285
97.8112
99.9472
99.9212
96.5809
99.9021
99.8692
97.9102
97.723
97.923
97.666
97.6382
99.6591
97.7061
97.6678
99.9233
96.7425
96.6225
96.6365
99.9358
99.8869
99.5016
97.6531
98.2571
97.7393
99.8695
97.6881
99.6718
99.6418
99.7743
96.6607
99.7653
99.7686
99.8451
97.5889
99.9054
99.8571
99.7636
96.6462
99.8798
99.7189
96.7967
96.7767
99.8891
96.683
98.6394
96.7016
97.6954
99.8186
99.848
99.9116
99.9246
99.7284
97.6433
97.5628
96.6146
97.6805
97.7548
98.522
99.8579
97.7141
97.7334
97.5642
97.6754
99.9601
97.6898
99.7813
96.512
97.6671
96.6817
99.9994
97.8492
99.8832
97.6691
99.7556
97.9091
97.6111
97.6596
97.6455
97.7274
96.6684
96.7344
99.8146
97.7945
99.8838
97.653
98.2976
97.7124
97.7209
97.8878
98.202
99.9305
97.7079
99.8327
99.8256
97.6626
99.7715
99.7653
99.9174
96.4999
97.6199
97.6116
99.5652
99.8737
97.6589
97.7863
96.5873
97.6231
96.6146
99.8722
99.8464
99.8952
96.7648
97.6125
97.6744
99.0769
97.7019
97.7465
99.9311
99.9472
99.5444
99.9988
99.9155
99.8422
99.8539
99.8707
99.9495
97.742
96.4562
96.4532
97.7505
99.8546
97.7408
96.7194
99.6703
97.6423
97.6789
97.7198
98.2074
98.2169
98.2315
97.7242
97.7006
99.8472
97.6944
99.9301
97.8079
99.79
99.8981
97.5934
97.6178
97.6412
99.0767
97.699
97.6667
97.7934
97.7414
96.6616
99.8854
96.8126
99.6788
99.6247
97.6552
97.7585
96.7336
97.6377
99.8684
99.868
96.6827
99.8961
96.8605
97.5378
99.7893
99.6923
97.6784
99.6047
99.9071
97.7078
99.8966
97.7537
99.9231
99.8403
97.6379
97.7844
99.744
96.6307
99.7715
99.5763
99.8684
97.6927
96.6699
97.6407
99.9358
99.8797
99.8365
99.9685
97.6898
97.7168
99.7772
97.7124
97.674
96.714
97.7013
99.8698
97.5797
98.5627
96.6802
96.6061
99.8496
99.5189
96.7887
98.2131
96.5602
96.5524
99.8745
97.9096
97.6793
99.6853
99.86
99.9267
97.6585
99.8285
98.2295
99.8692
96.551
99.8406
97.627
99.7325
99.7973
99.9285
99.9183
96.7781
99.8627
99.9789
96.5352
99.2275
96.5621
96.758
96.5138
98.3272
97.5245
97.6328
99.8342
99.7304
97.76
98.2113
99.7024
99.6535
97.5288
99.9476
99.8786
97.6944
99.631
97.8232
98.342
97.6119
96.8016
97.5288
97.6873
96.6456
99.6841
97.5712
99.9457
96.7993
97.6713
97.67
97.8159
99.9061
98.1998
97.6741
97.7002
99.8547
99.8357
96.7735
99.8437
96.6638
99.733
97.6152
97.7485
96.8069
96.7658
96.8
99.7309
99.8633
99.8584
99.8594
97.641
97.6621
97.6218
97.7419
97.5288
97.6065
97.6257
97.578
99.8892
97.6661
97.6185
99.8291
99.9116
97.8209
99.8191
99.8188
97.7012
99.8963
99.8961
99.817
97.6706
99.8497
97.6392
99.8303
99.6975
99.7899
96.5371
99.6047
99.992
97.7526
97.6572
99.7152
96.7367
99.7419
97.8531
99.8216
97.6814
99.8889
99.7731
98.3629
97.6654
99.7167
97.6933
97.8835
97.6715
99.9759
99.8202
99.7855
99.8203
99.9107
99.8454
99.8817
99.8354
97.7559
97.5668
99.9457
97.7635
99.872
97.5735
99.7128
96.7994
99.8974
99.735
99.8194
99.7636
99.9108
99.9171
97.7556
99.8241
97.8035
99.9765
97.8246
99.8609
96.7336
97.7507
99.883
97.6765
99.912
99.8367
99.9318
96.6054
97.6784
97.6195
99.9059
98.3989
99.8902
97.6815
97.9101
99.9102
98.241
97.7076
97.6365
97.6412
96.7099
99.8197
96.6164
96.8025
99.841
99.7241
96.5341
99.9068
99.7602
97.7233
99.6591
99.8421
96.6444
97.8329
99.8198
99.797
96.6676
97.6538
98.1388
99.6413
99.7994
97.6322
99.697
97.9096
99.6804
97.5814
97.5982
97.8354
97.553
99.874
99.9524
97.6663
99.8852
97.6412
99.8702
97.6327
99.865
97.7159
97.7128
96.8111
97.4983
97.6356
98.3417
96.646
99.5356
99.5649
96.5426
97.5703
96.5196
97.6096
99.9131
97.5704
99.9146
99.8411
96.5524
97.6594
99.8101
99.5189
97.7844
99.7128
99.8981
97.6391
97.604
96.5333
97.6814
97.6412
97.6031
96.4137
97.6459
99.9238
99.7412
99.9087
97.5889
97.732
97.6876
99.7028
97.7776
97.6767
99.7922
96.5576
97.6844
99.7203
97.6185
97.7404
97.7291
99.7177
99.9439
98.1476
99.8455
97.6839
99.9153
97.6863
97.5786
99.5931
97.6009
96.4642
99.9281
99.9206
96.7456
97.6743
99.7993
99.5826
96.5238
99.9098
98.1778
96.7551
97.8894
99.7416
99.9052
99.7002
99.7891
97.6514
99.8217
98.3272
99.7929
96.6269
99.5687
99.8883
99.9158
97.7048
99.9645
96.6417
97.605
97.8506
98.2033
99.853
99.6804
97.6501
99.7
99.8961
99.9114
99.8958
97.841
96.5635
97.8433
99.1085
99.6343
99.9685
99.7563
97.6567
97.6145
99.8712
99.8501
96.7664
97.5929
99.7611
97.6473
99.8748
99.9114
97.7449
99.9196
97.6697
99.8505
96.5942
99.8752
99.9021
99.6962
99.9007
99.9707
96.7061
96.6661
96.5666
99.8342
99.8833
99.5826
99.9303
99.6403
99.8146
97.6472
99.8475
97.553
99.869
99.9196
97.5364
97.5797
99.8745
99.5959
99.8301
98.342
99.9752
97.6944
97.6241
99.8944
99.8944
97.8729
96.4809
99.8942
99.9705
97.5788
97.74
99.7435
97.6398
97.6398
96.6868
97.8077
96.6572
96.634
99.6605
99.9555
99.782
96.6361
99.7739
96.7121
97.7378
99.5119
97.7241
97.6089
97.7764
97.7266
97.7217
99.9228
99.7089
98.1649
96.7534
97.8621
99.9994
99.7543
99.8429
99.7174
97.6908
99.8735
99.7496
99.7611
97.6313
99.7162
99.5652
99.6404
98.2069
99.6355
96.6416
99.8291
97.7324
97.7265
99.8629
99.9193
99.7496
97.6916
96.7921
99.9516
99.9429
96.7226
99.7545
99.8243
99.9066
96.6699
99.6936
99.8536
99.6165
96.7516
97.5958
99.7569
97.763
97.7498
99.879
97.7024
97.6405
99.8926
97.6408
99.9243
99.9337
99.6872
99.8541
96.6414
96.6233
96.5064
96.5862
97.5911
99.5414
97.6818
99.7532
99.7704
96.6573
99.2913
96.6378
97.6013
97.7564
97.7263
97.6916
97.5751
99.9138
99.8691
99.8255
99.9311
98.1888
99.8019
99.825
99.6812
99.9389
99.5989
99.8726
99.8285
99.7716
99.8821
99.854
97.6563
96.6723
96.7497
96.7193
99.9186
97.6955
97.6492
97.6339
96.512
97.6945
99.7995
99.8753
99.8594
97.6585
97.6813
99.8647
99.8861
98.2285
97.6998
99.8376
97.8246
96.7676
97.9118
99.9069
99.7104
97.6659
99.7135
97.623
99.8787
96.68
97.6483
99.6732
99.8066
97.6841
99.8804
97.6826
99.8647
96.5317
96.6287
99.874
97.6944
96.7515
99.8699
99.7109
98.3349
97.7943
97.7593
96.5835
99.8722
97.6454
96.6099
97.641
99.6809
99.9172
99.8868
98.1845
97.6295
99.8974
97.697
99.8691
97.7209
97.7351
96.7786
97.6866
97.7591
96.6956
99.9597
97.5966
97.5936
98.2315
96.6254
97.6235
99.8423
98.21
99.8892
97.5959
99.927
99.8469
98.0882
97.6899
97.6752
99.7563
99.8437
99.9457
99.8256
96.7104
97.8168
99.6598
99.9912
97.742
99.8512
99.9198
99.6622
99.8847
97.6505
97.6775
97.6813
97.7048
97.6307
99.925
97.6807
97.818
97.6977
99.9002
97.4719
97.6805
97.6231
96.7978
99.7414
99.8909
97.7508
99.7689
99.7182
96.597
99.7663
99.7853
99.713
97.6828
99.9038
97.6163
99.6382
97.6131
99.5488
97.5934
98.4469
99.9155
97.554
96.5219
99.7848
99.9301
99.8114
99.8544
99.9088
98.241
96.7286
98.1541
97.6717
99.8029
99.9228
97.6533
97.6348
98.2104
97.6923
99.7782
99.6499
99.8918
99.7672
99.9183
99.8227
99.9186
99.8184
99.5663
96.6128
99.912
97.7347
97.6786
99.8647
97.8325
97.8195
97.5934
99.8983
96.643
99.9025
99.5825
99.9634
99.6331
97.6247
97.6524
96.5835
97.7778
99.8638
99.7683
99.8237
99.8722
97.6923
97.6726
97.6754
99.7066
96.6225
98.5393
99.8799
99.9173
97.7763
99.834
99.7508
99.9488
96.6848
99.6881
99.9301
97.6287
97.6963
99.8691
99.8572
99.8902
96.7359
99.9856
99.8512
99.7736
97.5833
96.606
96.7329
99.8437
97.6838
99.1406
97.9132
97.666
99.8722
99.8956
99.9578
97.76
99.8447
97.7382
97.6736
97.612
97.6163
97.683
98.5019
99.8528
97.7943
96.7622
99.7967
97.6596
97.8111
97.8262
99.8613
99.8586
99.9098
96.6409
99.8334
97.6619
97.828
99.8678
99.8726
97.7382
99.7368
99.7679
99.6991
97.7553
99.8248
99.909
96.6763
99.8683
97.841
97.7411
99.8966
99.8146
97.5704
96.7232
99.8863
96.5862
97.7061
96.7226
99.8809
97.6012
97.733
99.9555
96.7729
99.9476
97.6657
97.768
97.7191
99.8761
96.5371
97.6249
99.7182
99.867
97.645
97.6916
99.5865
97.7464
97.6993
96.7796
98.2188
99.6732
99.857
98.3064
99.7716
96.4815
96.679
98.21
99.7909
96.58
99.6686
99.8769
99.8934
96.5666
99.9114
96.7017
99.6068
99.6065
97.6746
97.7106
99.7874
96.5693
99.6942
97.6095
99.8701
97.6955
97.6712
99.6431
97.6898
97.5889
96.7488
97.7167
99.8857
99.7827
97.6428
97.7006
99.697
97.7001
96.5961
96.7037
99.8514
97.7172
97.6576
99.8545
99.8147
97.6876
99.853
99.809
96.7019
97.6884
99.7382
99.2353
97.6468
99.8633
96.6847
99.718
99.868
99.9471
97.8332
99.9582
97.5699
99.8609
99.8795
98.1717
97.763
96.6032
99.8294
97.6494
99.8556
99.8546
97.858
96.6378
96.7445
99.8361
99.8316
99.8429
97.6218
98.3395
97.7658
97.6813
96.7785
99.8497
97.6203
99.8774
97.7274
99.751
99.8294
96.6967
99.8852
99.6833
97.858
99.8054
99.8754
99.911
97.6617
99.8983
96.5456
98.2169
97.716
99.8765
99.8591
98.5241
97.8809
99.7236
99.7374
97.6103
99.9244
99.6526
99.9303
97.7355
96.6288
99.5474
98.3347
99.8238
99.8891
97.5307
97.6422
99.8607
99.901
99.8447
96.634
98.3203
96.7497
98.2684
98.3597
96.6559
99.7055
99.7846
97.6374
97.7233
97.7658
99.8247
97.8631
99.8883
97.6686
97.6363
99.7985
96.6758
97.7764
99.8971
96.6909
96.8001
99.7368
96.5599
98.3385
97.635
96.6745
96.689
97.7266
96.6772
98.4397
99.8604
99.8648
99.7757
97.6944
96.7969
97.8711
99.9047
99.9105
97.6116
97.6235
99.6787
96.5471
97.6916
99.7828
96.6375
99.8692
99.8811
96.7745
97.604
97.4719
96.7799
99.8657
99.8542
97.6963
97.7072
97.7166
99.98
96.5341
97.6594
97.6784
99.7632
99.9303
97.608
99.9273
97.7002
97.7497
99.8619
99.892
99.9354
96.5555
97.6473
97.7053
97.5417
99.7198
99.854
99.8793
97.8332
97.7405
97.6814
97.7151
99.8861
97.5834
99.8702
99.8867
99.978
97.5926
99.8971
97.6116
99.877
97.7553
99.8579
98.3472
96.7203
97.7934
99.9578
97.909
97.6677
99.825
99.8523
99.6958
99.9679
97.6805
97.8848
99.7092
99.8522
99.2237
96.7137
97.6813
99.7793
96.7691
97.6442
99.8684
97.75
99.9447
96.5635
97.6805
97.7076
97.8476
99.8765
99.831
97.6833
97.7006
97.5681
99.6997
98.3611
97.7381
99.9009
99.8576
99.9243
96.6638
99.6929
97.7764
99.7815
99.7853
96.6728
99.6497
96.6032
99.7896
99.876
99.9527
96.7437
97.6083
99.7648
97.6049
99.6214
99.8984
97.5277
99.8013
99.8961
99.8974
97.6405
99.8099
97.7628
97.6844
96.6443
97.7226
99.9098
97.7762
96.7004
99.6421
99.841
99.9456
97.8489
97.5875
99.9167
99.8294
99.6869
97.4846
99.9707
99.8834
98.1388
99.8498
99.8064
97.6765
99.4788
96.6062
98.2504
97.6524
97.6521
98.3593
98.2375
97.6926
98.254
97.6235
97.698
99.7065
96.799
97.6485
99.9059
97.6471
96.6852
99.9109
96.7476
99.8846
96.6235
97.863
97.6063
97.7317
97.6293
96.6629
97.6524
99.6759
99.8313
99.8778
96.7618
96.6272
97.6725
97.8803
99.8845
97.7825
99.8787
99.8291
99.5819
99.713
99.8633
98.2941
98.1965
97.6899
99.9026
99.6437
99.8863
98.3495
99.8321
99.8738
99.6869
97.6895
97.7318
97.6417
97.6394
97.6412
99.8846
99.8974
96.7123
97.6157
99.8715
99.6635
98.6029
97.6752
97.6634
97.7195
99.8475
97.6561
97.5245
97.7079
99.7357
99.5824
99.8876
96.496
97.6551
98.2235
96.7261
96.6113
99.8561
99.8078
97.7087
99.8074
99.7291
99.8811
96.6959
97.5699
99.7028
99.7412
97.7257
96.4694
99.704
96.5783
97.5827
97.6339
99.8942
99.742
99.8845
99.7332
96.68
99.8613
99.871
97.6034
97.8327
97.7593
99.7315
99.9341
99.868
97.7045
99.9005
97.6718
99.8783
97.6983
97.649
96.606
96.7682
96.803
96.6726
97.6351
97.6517
99.8573
99.8977
99.6769
99.9523
99.883
96.733
97.6065
97.6313
96.6128
96.7505
97.6367
98.598
99.9278
96.6241
97.6581
99.8722
97.6844
99.8361
99.7647
99.6718
96.6528
99.8275
99.7563
97.6119
99.9105
99.9373
99.9167
99.8334
99.7986
99.9047
99.8198
96.7245
96.8016
97.5875
97.7187
96.5879
97.6805
97.7458
97.5885
99.897
96.662
97.7429
96.4627
99.7638
99.8837
96.5807
99.9135
96.6317
99.6871
98.5627
99.657
99.8579
97.6831
99.7459
97.7836
99.8334
97.6833
99.6008
99.7311
99.7171
97.6756
99.8465
99.894
97.7165
99.8691
99.927
99.8102
99.8393
99.8882
97.649
97.7172
96.7455
97.5832
97.6931
99.5189
98.2113
96.5427
97.6765
97.6836
99.8868
99.9094
96.8078
99.6343
99.7796
97.7948
99.9134
99.9174
99.6345
99.6974
99.8784
99.8763
97.8357
99.7315
96.6254
96.6016
99.8528
99.8857
96.7377
97.6951
99.7291
99.9582
97.6681
98.3134
99.8586
99.9818
99.8918
99.8649
97.651
96.7576
99.9246
99.5235
99.9121
96.5524
99.8726
96.5807
97.6594
99.8775
99.8808
97.6382
97.6933
97.8159
99.8426
97.7707
99.8526
97.6314
97.6777
97.6823
97.6563
99.9856
97.6339
96.7934
99.6812
99.8525
99.5606
97.6581
97.6696
96.7456
97.6626
97.5264
99.6782
97.6052
97.641
97.6298
98.2057
99.9516
98.2405
97.5189
97.8439
99.6263
96.57
99.7332
99.9293
99.6014
99.8499
99.9175
99.5356
99.8677
96.4431
99.841
99.7197
97.6582
99.9159
99.8971
99.8568
97.7464
97.5264
99.8818
99.8377
99.7493
97.6911
99.8657
97.7593
97.7076
96.4892
97.7819
99.8461
97.6572
96.7181
99.7801
97.6684
97.7309
99.6622
99.8777
99.8643
99.7488
99.8956
99.9057
99.7203
99.6355
99.7712
97.6945
99.9311
97.7151
97.5364
97.7593
99.8845
97.6516
99.6366
96.5374
97.5878
99.8722
99.8797
99.6092
97.7251
99.8258
99.9324
97.5891
96.4539
96.5785
99.9231
99.7632
97.7062
99.9053
99.98
97.5483
99.7271
99.6047
96.5961
99.8139
96.6365
99.8259
97.598
96.4815
96.8025
97.6836
96.5429
99.713
97.6105
99.9519
97.6663
99.8685
96.7437
96.6904
96.4809
96.7873
97.7416
97.6524
97.6664
99.8487
99.8054
97.5277
96.6577
99.9212
99.7647
97.7351
97.6366
99.9632
99.7924
99.7118
97.7571
97.6013
99.9013
99.5989
99.7316
99.7031
99.8686
97.6664
96.6845
99.6882
97.612
99.7655
99.8546
99.9077
99.8951
99.8265
98.3425
99.7859
99.8797
97.6242
97.5975
99.5119
99.9071
99.8837
99.9779
97.6713
99.8545
99.8358
96.568
99.8423
99.871
97.6399
96.722
99.8301
99.9795
99.6406
98.3495
97.8341
99.8644
97.7287
99.9134
99.8398
99.5997
99.8065
97.6737
96.6144
99.843
99.8995
97.6594
99.6488
96.7847
98.2094
98.2643
99.7698
97.9
99.7069
99.9425
99.9047
99.9982
99.4969
99.8684
96.6431
97.6371
99.8497
97.627
97.5834
99.5306
99.8953
97.7764
97.6105
99.9607
97.6516
99.825
99.9471
97.7449
97.8327
96.5983
99.8609
99.9021
96.6491
99.8739
96.7491
99.6535
99.868
98.5757
99.9218
96.8198
99.8568
99.8978
99.993
99.8754
97.732
97.7158
97.5958
97.6744
99.7925
96.7201
99.9069
97.8812
97.5747
99.8783
96.4686
99.9211
97.4817
97.8239
99.635
99.7924
99.6065
99.5488
99.8644
99.7352
99.9091
97.5975
99.9334
97.6572
97.841
97.6865
97.6672
99.6931
99.8262
99.8838
98.0845
96.6087
99.8951
99.8857
96.4765
96.7832
97.7669
98.3417
99.883
97.7012
99.8156
96.5841
99.6482
96.5424
99.878
99.8594
97.7044
99.9776
97.6684
97.7118
97.6447
98.4408
99.8631
99.8535
99.8499
96.6022
99.8701
99.92
97.59
97.6982
99.8643
96.7057
99.9158
99.8729
97.6953
97.5306
97.6134
97.6867
97.6322
96.7906
99.7545
99.9305
97.6477
99.8726
97.6438
99.808
99.6948
97.8209
99.8767
99.8683
98.3135
96.4966
99.8559
99.8683
99.5474
97.7036
99.7346
97.6439
99.831
99.5739
96.7511
99.7368
96.7323
99.8925
97.6978
99.8627
96.6224
99.8417
99.9329
99.6458
96.7764
97.6043
96.5983
97.7263
99.9268
99.8643
99.7716
99.9379
96.73
96.684
99.7925
99.7637
99.8902
99.8664
99.9719
97.6981
99.6168
99.8861
99.5345
99.9682
97.9133
97.6128
96.7004
99.8266
99.8508
99.7002
97.8918
96.6307
97.7175
99.8285
99.8523
96.6433
99.8459
99.8866
99.863
97.7893
97.7239
99.8654
99.8058
99.7525
97.8251
97.8286
99.8915
97.8052
98.2684
97.612
99.859
97.9096
99.7301
97.6337
97.7002
97.6398
99.5944
97.7275
97.7495
99.9218
99.5414
97.6134
99.8451
99.5814
98.1539
97.8929
99.6566
97.8128
97.7736
97.6552
99.8679
99.7835
99.6877
96.8511
99.7918
97.7408
97.6915
99.8817
97.6637
97.7006
99.7283
97.7182
99.7739
96.6745
99.6815
97.5885
96.7402
97.5834
97.7364
99.7412
99.9384
97.7582
96.7956
97.6822
96.4809
97.6694
97.6814
96.7181
99.7714
99.9098
99.8192
97.7384
99.8937
99.8451
97.6707
99.8767
99.8897
96.6989
99.9098
97.703
97.6447
99.6877
99.7727
98.2684
97.6572
99.6265
97.5245
97.7072
99.8846
99.6179
99.878
99.859
99.8777
99.6014
99.8756
99.8568
98.4084
96.6273
99.8729
99.9061
99.9827
99.8496
97.5876
96.7206
96.6387
99.8841
99.9173
96.6848
99.7957
97.4817
99.8522
97.64
99.8821
97.7716
99.8384
99.6953
99.925
99.6799
96.5629
99.8864
97.583
97.7187
97.6539
97.6031
99.8956
97.6438
97.657
97.6586
99.878
99.9337
96.5885
99.7935
99.877
99.9304
99.7635
99.8531
99.8137
96.7762
99.8961
97.6797
97.8159
97.6706
99.631
99.9216
97.4817
97.9101
99.9384
97.672
99.8753
99.6703
99.8576
99.782
96.8001
99.7325
97.6131
99.8569
99.8525
97.7291
97.8569
96.6006
99.7854
99.8568
97.6815
96.7506
99.8609
96.6982
96.7887
97.8722
97.6429
97.7107
99.8184
96.7194
99.9246
97.7628
99.9679
97.6661
97.8977
99.6962
99.9632
99.8821
99.8365
99.912
97.5952
97.7233
99.8685
99.8334
99.893
99.9875
97.9259
99.5826
99.901
99.8531
96.6111
96.7019
99.9544
97.5704
97.6719
98.2878
99.9482
99.7186
97.6831
99.8565
97.6641
97.6145
99.8255
97.6647
99.8886
96.6758
99.7377
99.9195
97.5991
97.6646
96.7456
99.7428
99.8413
99.8888
97.6626
97.7146
99.8886
99.8497
97.612
99.8513
99.8788
97.6334
97.6562
99.8423
97.7429
99.6243
99.7719
97.7077
96.5841
99.7197
99.8858
97.7464
98.2846
97.6844
99.9248
96.6032
99.872
97.6206
99.9395
97.7763
99.8569
99.6487
98.2571
96.6214
99.8461
99.8168
99.9643
99.8835
97.7357
96.6963
99.8317
97.6923
97.6346
97.5925
99.6384
99.852
97.7762
98.2356
99.7489
96.7476
99.8646
97.5454
99.8627
99.9341
99.8818
96.6087
98.2397
97.7568
99.7132
99.835
99.6047
99.8833
99.7969
97.8291
96.7906
97.6601
97.6861
97.6813
97.727
97.6307
98.2638
98.2961
97.603
96.6802
97.9252
97.8234
97.6494
99.8604
97.4704
96.7934
97.6915
97.6232
99.7968
99.6894
99.8256
97.6585
97.7649
97.8574
99.7414
97.7649
99.6569
97.7271
96.6444
99.6701
97.5315
96.7004
99.7096
98.2235
99.9685
97.727
99.7535
99.8568
99.9155
97.8848
97.6244
96.5869
99.8647
99.8758
99.978
97.6983
97.7382
96.6348
98.1794
99.9102
96.6296
96.7261
99.9597
97.7449
99.8686
99.8194
99.9451
98.1086
97.7326
99.751
96.7079
99.8604
96.6384
99.6936
99.9248
99.7068
96.7567
97.6757
96.6956
97.9118
99.9742
97.65
99.9857
97.6777
97.5245
97.7043
99.8013
99.8823
99.8922
97.6681
97.6567
99.7599
98.4079
97.5861
99.8228
96.689
97.7295
96.7178
99.9216
97.5365
96.7607
97.6391
99.7422
96.6272
97.7317
99.8189
97.5409
99.9659
97.663
97.6799
97.7447
97.4719
99.8487
99.9756
97.7517
97.6993
97.6719
99.718
97.7305
97.6429
99.88
97.6551
97.7005
99.6819
99.6036
96.7185
97.7508
96.5807
99.7901
99.9005
99.7704
99.8437
97.7567
99.6718
97.7364
99.9116
97.6896
99.8775
96.799
99.8686
99.8919
97.6637
99.8226
97.7836
99.8857
96.547
99.8951
99.9659
99.6165
99.818
97.7151
97.5086
96.6113
99.7352
99.8081
97.6187
96.6067
99.8256
96.5932
99.8805
99.8325
97.7841
97.7
97.6288
96.5424
97.6838
99.9771
97.7313
99.8889
99.7583
99.9659
96.6573
97.644
96.6444
97.7251
96.6395
99.9634
99.7186
99.9154
99.6929
97.6434
99.6563
97.8476
99.9549
99.8389
99.7742
97.503
99.8719
96.7014
99.9065
97.759
99.8794
97.7377
99.7128
96.6056
96.7934
99.8613
98.2438
97.7104
97.7203
99.8661
99.7271
96.7262
97.6798
96.7455
97.6351
96.606
99.8446
96.7417
99.9762
99.8139
99.6412
96.8628
97.6752
99.5016
97.5277
99.7041
97.6422
97.715
97.7013
97.8479
99.9284
97.6119
99.9242
96.6211
97.7002
99.6355
99.88
99.868
97.6928
97.7452
99.8538
99.9707
99.9982
97.8161
99.8361
99.8732
99.9402
99.9102
99.9214
96.6269
99.8148
97.8357
99.8733
96.4841
97.7658
96.8422
97.7318
97.7992
99.8376
99.8681
97.6338
99.8702
97.5746
97.6273
96.644
97.5139
99.8723
97.6915
99.6008
99.8632
99.8685
97.8028
96.6899
96.5879
97.6391
99.8525
97.5827
97.8569
99.8736
97.7146
99.8877
99.635
99.8995
97.6815
96.7587
99.9371
99.6174
97.6829
97.7158
99.8739
99.8722
97.6551
99.6413
99.8796
99.8254
98.2571
97.751
99.6475
99.8966
99.8521
97.7125
99.5959
96.5238
99.7874
97.666
99.8464
97.7635
97.6399
99.8588
97.7919
96.5804
96.7764
99.5687
99.8876
97.7209
96.675
97.7405
97.7433
99.9091
99.7543
96.7873
97.6294
99.8953
99.9274
99.9216
99.7636
99.6732
99.7655
97.6594
96.6274
97.6521
98.2076
97.7351
99.6486
96.6054
97.6677
99.4969
97.6743
99.8793
99.6929
99.8959
96.5998
99.8523
99.6809
99.7109
99.879
99.8707
97.756
97.6646
99.9964
96.7873
99.9114
97.6597
99.6552
99.7066
99.7225
99.854
96.7367
99.6185
99.6025
99.872
97.7169
99.9177
99.6014
97.7013
99.7712
99.9824
99.7545
98.1845
96.6664
99.7903
99.8168
97.6804
97.6005
99.8779
99.9472
99.8763
99.8564
99.9146
97.7964
97.7645
99.8267
97.665
99.877
97.6677
97.7899
99.7135
97.6339
97.7992
98.2221
99.877
99.7088
99.8774
96.8
97.5712
99.7579
97.6143
96.73
99.7802
97.5979
97.7226
97.6407
99.8787
99.1085
96.4961
96.6776
99.8864
99.928
99.859
96.5435
99.7827
97.5264
97.6569
99.9174
99.8387
96.597
97.6008
99.7495
96.4772
98.2684
97.7203
97.7324
96.741
99.8507
99.8839
99.6833
99.9033
97.6027
96.5959
97.7019
99.8668
97.6947
97.6628
98.1901
99.7197
97.7983
97.5307
97.6847
99.8772
99.7873
99.866
97.6559
99.7822
97.912
97.7334
99.8678
99.7957
97.5703
99.8622
97.6705
97.6713
99.6997
97.7485
99.8854
99.6014
99.8453
99.9578
97.7027
99.8594
97.622
99.927
97.5918
99.954
97.6116
97.7176
99.8941
97.6232
97.6332
97.7361
97.6105
97.7041
97.6027
97.6886
99.9587
99.8749
99.9313
99.7813
99.7853
99.6413
99.8984
98.6407
97.6392
96.7576
99.9633
97.6752
97.7515
99.6475
97.71
97.6687
99.7909
97.7191
96.6676
97.8576
99.8799
97.7274
99.2415
96.7125
99.8197
99.8776
97.6047
99.6598
96.7434
97.649
99.8406
99.5926
96.7422
99.9188
99.8499
99.6869
99.8719
99.965
97.6009
96.597
99.7957
97.6489
97.6183
99.8913
99.793
96.6723
96.5391
97.6722
99.6148
99.8938
99.9101
97.6475
97.7304
98.2041
96.6164
97.7274
99.7483
97.6391
99.9152
99.7292
97.7574
99.8684
99.9696
96.653
99.9685
99.9091
97.6516
99.887
99.8487
99.9516
99.7494
99.8576
98.5639
97.726
97.612
99.8919
97.6023
99.7799
99.926
99.8525
99.9882
99.8652
97.6741
97.8286
97.6567
99.897
97.6758
99.7904
99.8367
99.7903
99.7704
99.884
99.8834
99.8919
97.7505
97.615
99.7779
99.7543
99.9719
96.5196
99.9294
99.8223
97.5763
99.7956
96.6601
98.2412
96.5121
97.5972
97.641
99.8644
99.884
99.8667
99.8691
97.6356
97.569
99.912
99.9601
99.8854
99.8182
96.7201
97.619
99.8864
99.8606
96.6201
97.6612
98.2909
99.7743
97.8017
99.9067
98.3272
96.5231
99.889
97.5998
99.8466
96.6434
99.835
97.7825
97.8404
99.6951
97.8206
99.8523
96.7181
96.4968
97.8035
99.9145
97.9096
96.5723
97.6789
97.6244
99.6936
96.7444
97.6531
97.5751
99.7488
99.8989
98.2057
99.7258
97.7324
99.8841
97.7992
99.9081
99.877
97.7775
97.751
97.7928
99.8823
97.6722
97.669
99.9301
99.6008
99.6403
99.8797
99.9375
97.7569
98.4549
97.76
99.6247
99.8259
97.7172
99.8613
99.6263
99.6557
99.8303
99.8317
98.5813
97.7106
98.3472
97.6681
99.8961
99.8311
99.8715
97.5612
99.7309
99.7815
99.8617
99.6776
99.9259
99.9212
99.8722
99.7436
97.6168
99.8712
97.6126
99.932
97.7789
99.6804
97.7198
99.8662
99.5486
99.9013
96.6211
97.5966
97.6244
97.617
97.7247
97.7836
99.8805
99.9566
97.7498
96.633
97.5499
99.8757
98.2094
97.5365
99.6448
98.2884
97.6757
97.8274
99.7282
99.7065
97.6982
97.6596
96.7852
97.818
99.8311
99.8406
99.7543
99.8661
97.5991
97.6908
97.6341
99.8958
98.2551
96.5998
96.7194
97.6327
97.7168
97.5731
97.8284
96.6794
99.9677
97.6722
97.5998
97.6403
99.8794
99.8995
97.863
96.7847
96.7506
97.6344
97.8165
99.8828
99.8846
99.7128
97.6242
97.7317
99.8663
99.9677
97.7295
99.8385
99.9238
97.6168
96.6963
99.9067
97.6417
99.7686
96.5809
99.8999
97.7561
97.6365
97.6722
97.7071
99.8799
97.6654
99.9301
97.6419
97.6681
99.8241
96.6254
97.6581
99.7066
96.6211
97.6725
97.8341
97.7325
99.8545
99.8487
97.6398
99.8526
99.89
96.7735
97.7449
99.7496
96.5535
97.8232
96.7201
99.8498
97.8938
99.8554
97.7505
99.9293
96.7183
99.8768
96.5064
96.799
96.7183
97.697
96.6505
97.7819
97.6819
96.8111
99.7855
96.7538
97.6719
99.8752
99.6583
99.8609
97.8242
97.7077
99.2391
99.6394
96.5371
99.7203
97.6008
96.5807
97.7965
99.7227
99.7525
99.8745
96.7719
99.8989
97.5803
99.8787
99.8772
99.7481
99.7545
96.5983
99.7635
97.76
99.8682
99.7555
97.733
97.754
97.7072
96.7648
96.6874
99.5751
96.7491
99.8265
97.6786
96.7868
96.6211
99.8866
97.7395
99.9114
99.8125
96.7262
99.8575
99.8838
98.1497
99.8338
99.9955
96.7576
97.5884
97.6741
99.741
97.5763
99.7599
97.6483
99.8642
96.8063
96.7858
97.7298
97.6742
99.9519
97.7299
97.682
97.7251
99.6996
98.04
96.7573
96.7014
99.9196
99.9329
99.8953
97.8531
99.7918
97.6915
99.7486
97.5925
97.5703
97.7565
99.7872
99.8373
97.649
99.8437
99.991
97.593
99.6813
99.8142
97.6392
99.5824
97.661
97.6126
99.9305
99.8367
97.7777
98.3417
97.6896
99.8293
99.9089
99.7659
99.8522
99.8886
99.8561
99.8403
97.6729
99.8795
99.8852
97.6398
99.7954
99.9895
99.9413
99.741
97.7357
99.8951
97.5551
97.5971
96.7534
97.8273
99.6922
99.9316
97.6906
99.8542
99.8021
97.6237
99.614
98.2433
99.8342
99.9145
97.6394
97.6678
99.6651
97.7078
99.8659
97.7013
97.605
99.8818
99.8749
99.8928
99.8012
99.8559
98.3219
99.8864
97.7464
97.6391
97.6982
96.7017
98.2074
99.841
99.9368
97.9118
97.7387
99.8531
99.9248
99.8633
99.8992
99.8908
96.7892
99.859
97.7447
99.9063
96.7445
97.635
97.7053
99.8959
99.9902
97.6932
99.7845
97.7494
99.9282
96.7775
97.7639
99.8343
99.9108
97.6364
96.693
96.6607
96.6017
97.6096
99.8828
97.7263
97.6379
99.713
97.7716
99.9026
96.5635
99.8546
99.8984
99.8366
97.6001
99.6782
99.7366
99.8953
99.8464
99.8854
97.6851
99.8678
97.627
99.7186
97.5704
96.5391
99.8631
99.9359
97.614
99.8741
97.5364
99.7925
99.7483
99.8811
99.9071
97.6681
97.7142
97.6379
98.5627
99.8756
99.8889
99.962
99.8058
99.6256
96.7273
97.6048
96.4907
97.6934
99.8959
99.8897
97.7015
99.9186
97.7044
96.7632
97.7287
99.7798
99.8864
99.6739
97.7408
99.8874
97.7669
99.882
99.8895
99.4905
97.6341
99.7292
99.8293
99.832
99.8086
99.8983
96.6289
97.7001
97.7785
99.7428
99.713
99.8786
96.6016
99.8692
99.8749
99.7721
98.2104
97.6322
96.6964
99.8756
97.6158
97.8477
96.7576
97.6916
97.6377
99.8468
97.601
97.6408
97.7458
99.879
99.6378
99.8436
97.6454
99.6371
96.6501
99.8573
99.8687
97.6945
99.7689
97.7012
99.8116
96.6298
97.8234
97.7
97.7508
99.8614
99.9146
99.8341
99.2237
96.6528
96.5646
99.7278
97.5474
99.6403
97.6808
97.6448
97.718
99.7092
99.6819
99.8137
99.8645
96.6758
97.7209
96.7503
99.9033
96.4676
99.8691
97.6993
99.7929
97.6963
97.6412
99.5473
96.6402
97.737
96.6113
99.6343
99.8926
99.8517
97.6865
97.716
99.8753
99.8385
96.5145
98.4107
97.6295
97.6407
96.6444
96.7057
97.5783
97.7576
99.8303
97.6582
97.7522
99.5736
99.7224
99.9024
97.678
97.7844
97.7507
97.6628
97.5537
99.7435
97.9446
97.6713
97.6434
97.5595
99.9367
98.5549
97.7392
97.7001
99.7314
96.7682
96.7746
96.6317
99.893
99.8952
99.8857
97.6636
99.8421
97.7429
97.7195
96.5972
99.8655
96.5629
97.7503
99.8817
97.6927
99.6881
99.8491
99.7754
99.8244
99.8609
97.5911
96.6289
96.7243
97.7198
97.6786
99.718
97.696
99.8459
99.6833
99.9495
99.8835
99.9779
99.7032
99.9384
99.8376
99.9158
97.6481
97.5704
97.6145
99.7118
97.6844
97.5657
97.6967
97.6392
99.9982
96.5481
96.7347
99.877
96.7329
99.6174
97.7166
98.3219
96.6071
99.7754
98.5393
97.904
99.8857
99.9003
96.6365
99.8649
99.7859
99.9294
99.9707
97.9001
99.9448
99.9358
99.8857
99.8627
98.2551
99.9054
96.6477
96.8754
99.7256
97.5595
99.9057
99.5841
97.9039
99.6355
99.6126
97.7195
99.8263
99.646
98.2397
99.8358
99.9196
97.7722
97.7257
99.7486
99.868
96.5649
99.8526
97.7128
96.7632
98.5098
96.6852
97.6247
99.9779
99.7141
99.8453
99.8546
99.6962
97.55
97.8983
98.098
96.7194
98.5708
97.8108
99.8538
99.8795
96.6505
99.9114
99.7535
97.6303
99.9435
99.857
97.7709
99.7663
99.8737
99.9243
99.8467
99.7856
99.7685
99.2237
99.9587
99.8284
99.7815
97.6581
97.6955
99.9106
96.5602
97.7879
99.954
99.9384
97.6666
99.6421
97.7202
99.7638
99.851
97.7264
99.8294
97.8286
99.6788
99.8821
97.7891
97.6399
97.5925
97.7404
97.6249
99.8983
98.3903
99.8117
97.8234
97.7762
96.7506
98.4397
97.6149
96.6015
97.6594
97.5861
99.7246
96.7261
99.8996
99.8282
99.7083
97.6362
97.7209
97.6785
99.7505
97.6614
99.6841
99.8997
99.8303
99.1586
97.6893
99.7032
99.881
99.9206
97.6031
96.5862
99.6991
99.8643
99.7712
97.7654
99.8815
96.7476
99.0767
97.6763
97.6032
99.8737
96.5424
99.8833
99.9679
99.8544
96.6705
99.9047
97.754
99.9262
99.8475
99.7704
99.8667
99.7182
99.856
99.9057
99.7576
97.7176
97.6619
99.6405
99.9482
99.8867
99.778
97.7576
97.6524
97.6005
97.6594
96.5862
99.7802
98.1582
97.6823
97.7413
97.6623
96.6495
99.5235
99.8702
99.2356
97.7716
97.8329
96.6225
97.6931
98.4469
97.8958
97.5424
99.7683
97.6585
98.5457
96.8333
99.7686
99.9094
99.9188
96.5723
99.8564
97.6915
99.8996
99.8364
97.6531
97.6761
97.6958
97.6782
99.8754
99.8576
97.7632
97.9093
97.713
99.9094
99.6065
97.8206
99.8981
99.8765
99.6529
97.7464
99.9818
99.742
97.6494
99.8776
96.5611
99.7508
98.2076
99.8722
97.5975
97.6422
97.841
99.9845
99.7066
96.5333
99.682
97.7364
97.6596
99.9101
99.8451
97.6845
99.6962
97.8232
99.8541
99.919
97.6582
99.8242
96.7751
97.6105
97.7827
99.5639
99.7556
97.6533
99.5189
97.8065
98.2667
97.5745
99.5554
96.6462
97.6377
99.1834
96.7721
97.6522
97.7269
99.9083
99.7366
99.8767
99.8715
99.928
97.692
96.6274
96.7262
99.8972
97.6888
97.6958
97.8394
97.6363
99.877
97.6417
99.8887
98.1541
99.8102
99.8565
99.9862
97.7324
99.6396
96.7262
99.6991
99.8439
99.8964
97.6551
99.9107
99.7481
99.6165
97.6407
97.7712
99.8332
99.8863
97.6892
99.8168
97.6814
97.6785
97.6837
98.1476
96.7273
99.8104
97.6698
97.6309
99.8026
99.8834
97.6145
97.7123
99.6841
99.9476
97.6128
97.6412
97.5976
99.8521
99.9146
99.9113
97.6353
99.8609
99.6214
99.9198
99.9026
96.792
97.6438
99.8386
96.6501
99.712
99.8875
97.7893
97.7571
97.6355
96.7141
99.8553
99.9211
98.2119
97.5191
97.7776
99.6316
99.6621
97.6709
99.8587
99.6783
97.7024
99.9296
99.8845
97.6388
97.602
99.8756
97.6412
97.6365
97.742
96.6384
97.905
97.6884
97.7159
97.6586
97.5163
99.7493
99.9243
99.6573
96.6472
99.9607
99.8407
99.8793
99.7315
96.6741
99.6345
96.5899
97.7334
97.6338
99.8453
97.6564
99.9108
99.9579
97.5033
99.8437
99.7599
97.7151
99.8256
99.9322
99.7449
99.9287
98.2684
99.9597
97.6896
96.6214
96.6099
99.6881
97.6923
97.6324
99.8503
97.6552
99.7906
97.689
96.7123
99.8803
99.9138
97.6793
99.6135
97.7469
99.84
99.906
97.6654
97.4978
99.8763
97.6722
99.8086
96.7042
99.8678
99.7459
97.7238
99.8653
96.6007
99.9071
99.894
97.6931
99.897
97.6915
99.7182
99.6732
97.5946
96.634
97.5744
96.7243
96.5341
99.6499
99.9316
97.7078
97.7448
97.6945
99.7109
97.8452
99.8525
97.6778
97.6685
99.7495
99.8362
99.8191
97.569
99.6888
97.7366
99.8054
97.7902
97.6757
97.6786
97.6617
99.7082
96.6313
99.8528
99.9579
96.8876
96.8078
99.6962
99.8089
99.7655
97.7326
99.8701
99.8412
99.6085
97.702
99.9191
99.8863
97.8729
96.679
99.9578
99.9009
98.5977
99.8418
99.9243
97.7934
97.6344
98.4074
99.9456
96.6847
97.6654
99.8568
99.9155
97.6313
97.6744
96.6307
97.7748
96.5646
96.5861
97.6145
96.7183
99.8766
97.663
99.8847
99.9488
97.6175
99.8668
97.6447
99.8469
97.7789
99.8932
96.795
97.5483
99.7808
97.8733
97.7519
99.8926
96.5371
97.7364
99.8809
99.7973
97.6805
99.7098
97.6626
97.6482
97.6691
97.6743
97.6574
97.8284
97.6757
99.9597
97.7013
96.6088
99.9108
97.6044
97.6991
96.6181
96.6572
97.6162
97.6671
97.6521
99.9154
99.6448
97.6618
97.7293
97.7928
96.5781
97.5972
99.7139
97.655
99.8609
99.7496
97.678
97.7121
97.6673
96.5958
99.8237
97.6642
98.1717
99.9285
97.7334
99.9471
97.5971
99.8864
97.5955
97.6684
99.6744
97.7918
99.8237
97.7569
99.8576
99.8981
99.7355
99.9071
99.7496
99.6778
97.5985
99.8291
99.7017
97.7159
97.7979
97.7104
97.6404
99.776
99.933
99.7505
97.8242
97.7428
97.7347
97.6881
99.8893
99.8262
97.8287
99.8772
99.8772
99.7855
96.7419
99.8687
99.8575
99.9158
97.6818
97.9132
99.9189
98.2504
99.9135
97.6793
99.8794
99.8265
99.9771
96.7648
99.8928
97.5223
99.8941
99.8827
97.7076
97.6481
97.6131
99.8692
97.5191
99.9024
97.6145
97.5834
99.7724
96.6723
99.8961
99.859
97.6863
97.8234
99.9215
99.8531
97.6813
96.6274
99.7278
97.7097
99.9497
97.793
97.7635
97.6774
99.8576
99.9714
97.6777
99.8951
99.8712
97.7395
99.6421
97.6589
99.9502
99.8312
99.8565
96.7569
99.8573
99.659
99.635
96.7858
97.6206
99.8233
99.8235
99.8983
96.7682
97.6544
99.684
99.9116
99.7723
99.8148
99.9011
97.8262
99.5926
99.9043
97.6694
99.8834
97.6131
97.7215
97.5459
97.6581
97.6819
97.7172
97.6844
97.6561
97.7053
99.9143
97.6466
99.6664
97.7202
97.6642
97.7002
96.7301
98.5098
97.6541
99.8133
97.759
97.7006
97.7827
97.725
99.7867
99.8313
97.7669
99.9244
99.8367
99.9946
96.8333
99.7712
99.8479
99.9964
99.8377
97.6407
99.6975
99.9193
99.8216
99.7246
99.4617
99.8841
96.4878
98.2375
96.728
96.6088
99.7487
97.6519
99.909
96.6532
99.6475
97.8394
97.7497
97.6163
97.6805
97.6707
97.8165
99.8203
99.7673
97.6629
97.7654
97.6718
97.5746
97.6367
99.8959
97.6588
97.8128
99.8593
99.7351
96.8628
97.7042
99.6382
96.7377
96.5899
99.8502
99.705
97.7567
98.2356
99.9456
99.8972
99.874
97.6855
97.6008
99.6794
97.759
97.7481
99.6787
97.6945
99.9338
99.9425
96.6298
97.6852
99.5488
99.7068
96.5694
97.8286
97.6267
99.8786
99.7217
97.5878
98.2557
99.7448
96.653
99.9028
98.4074
97.7392
99.6879
99.7382
99.9215
98.216
97.904
99.9012
98.2362
97.7266
97.6705
99.8776
99.8096
97.7745
99.7945
99.7966
96.7551
99.735
99.8793
97.6744
97.6498
96.6386
99.9655
97.5996
97.6581
96.7193
97.6505
99.825
97.6922
99.741
99.8237
99.833
97.6524
99.9067
99.897
97.7198
97.7202
99.8342
99.8233
99.7857
97.6673
99.6263
99.6799
96.7852
97.6089
97.6483
99.7782
97.6066
97.7566
99.978
98.6148
97.7941
99.8284
99.2353
99.7451
97.6749
97.7044
99.7532
99.9502
99.9176
97.754
99.8742
97.6857
97.6947
97.6702
96.5184
99.8575
97.6199
97.6915
99.8422
97.6082
96.465
99.5301
99.7673
99.8139
97.6492
96.8001
97.7827
98.2069
97.6542
99.8715
99.8989
99.8684
97.6731
97.593
99.8354
97.6486
98.5627
99.8311
96.7573
97.7576
99.8437
99.6932
98.1582
99.7274
99.8833
99.8064
99.7276
97.6765
96.6254
99.9301
96.7156
97.6262
99.7727
99.9059
97.7548
99.6511
99.9012
96.7516
97.6719
99.5996
97.7273
99.9091
99.7214
99.8557
99.9032
97.7819
97.6307
97.7453
99.7993
99.8752
97.6736
96.6378
97.7142
97.6539
97.68
97.6132
97.8284
99.8698
97.6931
99.8686
96.5783
99.9946
97.7919
99.8202
97.6056
99.8692
97.702
99.9909
99.8707
97.641
99.713
97.6846
97.5537
99.7542
99.6799
99.9341
99.9769
99.6065
98.1888
99.6174
99.8715
96.789
97.6469
96.7178
97.6199
97.6126
99.5826
97.64
97.7567
96.6096
97.7785
99.8332
97.5906
99.5426
99.8814
99.9827
97.5668
97.6966
99.8527
97.7591
99.6467
99.5488
99.9356
99.7969
97.4093
97.6561
97.6724
99.9148
99.7251
99.8857
99.8109
97.6089
96.51
97.6706
97.775
99.9759
99.9882
96.7406
97.6221
99.8795
99.6239
99.8267
97.6543
99.3052
99.9079
99.8835
97.7128
96.6394
97.6056
99.5616
97.5033
96.6509
97.7001
96.829
97.6806
97.7079
99.8961
96.5429
96.7327
99.6701
97.5985
97.6837
99.8504
99.6801
98.1819
99.8148
99.954
99.8267
97.6955
97.7997
99.8459
97.6878
97.6786
96.6022
97.6247
99.7062
97.4719
99.6953
97.6261
97.6645
99.8712
99.8667
99.8631
99.8103
97.5662
99.8684
97.6637
98.2375
99.8919
97.7411
97.503
97.7027
96.6108
97.6085
97.6725
96.6795
99.6179
99.2237
99.904
97.7498
99.9024
97.74
99.8945
99.7182
97.5264
99.6732
99.7659
99.8973
99.6615
97.6397
96.7301
97.7357
99.8732
97.5761
99.8605
99.7724
99.7412
99.817
97.7273
97.716
98.2362
99.9198
99.7291
96.7232
99.843
97.6958
99.8655
99.7845
97.6808
99.6052
96.819
99.8813
97.6328
98.2021
96.6967
97.7841
97.6103
96.6117
98.3179
96.5184
99.711
97.6298
96.7163
97.6707
99.9862
99.8887
97.6657
99.8868
97.6626
99.6817
99.8839
96.6989
99.991
99.9604
99.7129
96.646
99.8768
97.592
99.7366
99.8285
99.889
99.9071
99.9955
96.5371
97.6822
99.8406
99.9324
97.5891
99.926
99.6156
96.5621
99.5926
98.2375
99.9425
96.6726
99.6448
96.58
97.7819
99.8683
99.6991
99.7351
97.751
96.8736
97.6777
97.6705
99.8146
99.8515
99.8981
98.2522
97.7591
96.6365
99.8291
97.6089
99.5649
99.8822
97.8942
97.5694
99.8311
99.8632
97.6568
99.9391
99.8157
97.7576
99.7011
99.7263
97.6249
97.5378
99.8647
99.635
99.8146
99.8607
99.8974
97.7478
99.9862
97.7668
97.7497
97.6126
99.9009
99.5336
97.6695
96.5698
97.8899
99.8546
99.8995
99.912
97.6048
98.1952
99.7859
97.7289
99.7923
96.7261
99.6409
99.7805
97.9039
99.897
97.4093
97.7146
96.5972
99.879
97.6798
99.8521
96.4166
96.7641
99.9456
99.7136
97.708
97.6893
97.6541
99.893
97.6514
96.6854
96.6133
99.8805
99.7466
97.8077
96.728
97.6815
97.6621
99.9465
96.8628
99.5951
97.6706
97.5642
96.5659
97.654
99.8496
99.7385
99.978
99.8311
96.7125
97.6152
96.6982
96.7781
97.6435
99.8799
97.6951
96.5649
98.6394
97.7416
97.6199
97.6261
99.8321
99.897
97.7713
99.859
97.6981
96.765
97.6302
99.906
97.6567
99.8259
97.6515
97.6096
97.638
97.5537
97.6412
99.7125
97.8392
99.675
99.79
97.6492
97.7205
99.8992
99.7449
96.5524
96.5391
99.9175
97.7121
97.7548
99.8437
99.9146
97.8065
99.986
99.5902
97.6782
99.7241
97.5277
97.7025
97.5731
97.6675
99.879
99.863
99.6421
98.1388
97.7775
97.6625
96.7042
97.775
97.875
99.7045
99.9259
99.6036
96.6233
97.5018
97.7844
99.8436
97.6576
96.5333
97.7205
99.6622
99.6324
99.8752
99.8661
99.7189
99.8498
96.6443
97.6585
97.7106
97.6676
99.8503
99.7203
99.6001
99.9082
99.8999
97.6327
96.6309
99.8544
99.9049
97.7121
99.6598
97.6083
96.5238
99.8282
96.7419
97.6757
99.9138
99.8418
99.705
97.5024
96.477
99.906
98.2405
99.932
99.9061
97.7311
97.7497
97.7492
99.9168
97.7108
99.9268
97.691
99.8684
99.8951
99.7139
96.7832
97.6678
99.8408
99.8239
97.5946
97.6106
99.874
99.8971
97.6692
97.7742
97.7493
99.9624
97.5921
98.1901
99.8625
99.874
99.8317
97.7325
99.8202
99.8684
99.6835
97.6472
98.4074
97.663
99.9952
96.583
96.6361
97.7159
99.9066
97.5968
96.7956
99.9017
96.4841
96.759
97.6681
99.9243
99.8453
99.8784
99.6561
97.7
97.7287
99.8116
97.7151
96.531
99.8778
99.8699
98.5627
96.7261
99.9373
97.9446
99.8396
99.9114
96.6722
99.8839
97.5551
99.9022
99.6869
97.7141
96.6318
97.7133
98.5288
99.9303
96.5666
97.6796
99.7104
97.5688
98.5019
97.6823
97.6637
97.6564
99.6621
99.8415
97.651
99.8426
96.6307
97.6672
97.6969
96.6577
99.9857
96.575
99.8956
96.7003
99.891
99.5488
97.6216
99.947
99.926
99.8023
97.6105
97.6789
97.6221
99.7119
99.8099
97.5803
99.7325
98.2104
99.5336
99.9033
99.8389
96.5842
97.8334
99.9561
96.5024
99.713
99.793
97.6454
96.575
99.8537
97.6648
97.7635
97.584
99.6923
97.8395
97.7591
98.5591
99.907
99.8722
97.5985
99.9246
96.6307
99.7736
99.8699
99.8647
97.6686
99.8575
96.7814
97.6897
99.4969
99.8752
96.5576
96.6664
99.8737
97.688
97.6398
96.6726
96.7891
99.8487
99.7216
99.903
97.6745
99.7141
99.8732
99.9823
99.832
97.7669
96.6629
99.8915
99.9756
99.9909
97.8284
99.826
96.4892
97.615
99.8702
99.615
97.6588
97.6552
97.7943
99.9248
99.8495
96.7027
97.6851
96.7045
99.9707
99.8522
97.7152
99.8772
96.6359
97.7453
97.6239
99.8285
99.8667
97.6805
99.8814
99.7678
97.6586
99.6467
97.5746
97.6915
97.7632
99.6871
97.682
99.8996
99.7593
99.6566
99.8576
96.5635
99.8883
97.627
99.9179
99.8251
97.6964
96.7189
99.8415
99.8644
99.907
97.7819
96.7121
99.8375
99.8547
96.6416
97.6514
99.9549
99.9191
99.7973
99.7509
96.714
99.7632
99.6813
99.8791
99.8184
97.8357
97.4678
97.7384
99.9285
99.88
99.9108
97.7384
99.7805
99.8066
99.8914
99.8077
99.8394
99.9859
99.7422
97.669
99.8403
97.5424
97.8634
97.6978
99.8683
99.8803
96.6119
97.7202
99.9096
96.5317
97.6293
99.8722
99.8918
99.9101
99.9317
97.7278
99.9152
97.5996
97.6992
99.8977
99.9243
99.9723
96.7901
97.7079
97.7187
99.9476
97.6806
97.71
99.8074
97.6575
97.554
97.6638
99.8839
99.6656
99.9155
96.5655
99.8527
97.66
97.7291
99.9982
98.1897
97.6629
99.7466
99.6801
99.7782
99.8066
97.6562
99.8255
96.596
97.8929
99.8832
99.6959
97.7732
99.6607
97.8332
99.9057
97.6991
99.658
96.4878
99.9322
97.6165
96.8524
97.7006
97.7106
99.6776
96.623
97.7645
99.8872
97.5843
99.8783
97.7199
97.6805
99.9488
98.6394
99.6815
97.7208
97.6653
99.7177
99.8327
99.8803
99.9389
97.602
99.7098
97.602
97.7242
99.777
97.6261
99.9069
99.7382
99.8399
99.9616
97.6995
99.7543
97.5163
97.6314
99.8929
97.6375
97.7819
96.7207
99.5928
99.8487
99.5652
99.67
97.8052
99.8667
97.8918
97.5926
97.6892
99.8335
97.6931
99.7548
99.8542
96.5576
97.6752
97.6915
99.7853
99.8253
99.2823
99.8089
99.8485
97.6392
99.8513
99.9224
99.7243
99.8653
99.9087
99.4751
99.8642
97.7215
99.7923
97.7251
99.6723
97.6591
99.9273
96.7237
99.5306
96.4686
97.5657
99.7922
98.2356
99.5378
97.6218
99.7779
99.9081
99.9632
99.6405
99.8417
99.5486
99.7352
97.6888
97.6805
99.2275
99.8722
97.7151
99.7874
97.7794
99.895
99.8242
97.6003
96.6561
97.7112
99.8761
97.6845
97.604
97.6417
97.7071
96.8628
96.6237
97.835
99.9566
96.6656
97.65
96.6783
99.625
99.8532
97.6248
97.7571
96.6237
96.7412
99.8963
99.7904
97.5735
97.6953
99.6471
97.6392
99.7119
97.7175
99.7366
97.8404
98.2878
97.836
99.841
97.682
99.9246
99.9243
99.7473
97.7472
96.6509
97.6782
99.8613
97.6581
99.867
97.6851
96.5371
99.7315
99.9562
99.8217
97.6763
99.647
98.5639
97.5747
96.6127
98.3179
97.7273
97.7087
97.624
97.6338
99.7186
96.7323
97.653
98.1794
96.6573
97.701
99.8576
99.8921
99.9659
97.67
97.6365
99.9195
97.638
97.6623
99.8691
99.8406
97.7709
99.6894
96.7016
97.6588
96.6547
97.4983
99.9235
96.7641
96.6015
99.7286
99.8437
99.874
97.7044
99.804
97.6402
97.6694
99.4969
99.8656
99.928
97.6455
99.7893
99.8668
99.9448
96.6948
99.9324
97.6757
97.6377
99.9171
97.6713
96.8489
96.7459
99.8083
99.889
96.6444
97.7242
97.6844
96.6433
97.6844
99.8334
97.6837
96.5138
99.9354
97.6749
98.3135
97.7116
97.5829
99.6701
96.7057
96.7181
99.8317
99.904
99.8439
96.5371
96.6361
96.4809
99.8541
99.7698
99.9305
97.7841
99.6909
99.8794
97.7176
99.7548
97.7045
99.7178
97.6594
98.2209
96.7251
99.8406
97.5763
99.625
99.9682
99.6819
97.7765
99.8913
97.5926
99.7088
99.8202
99.9082
99.8437
99.8661
99.9069
96.6829
99.8021
97.6684
99.9356
99.8958
98.2362
97.6324
97.675
99.7903
99.8285
99.7618
98.5721
99.889
99.9495
97.6859
99.8691
99.8693
97.7918
99.9597
99.9267
97.7241
97.9259
99.7739
96.7682
99.8611
97.6601
97.5409
97.6813
99.8768
97.5402
96.7326
99.7923
99.9116
99.8501
99.6332
97.576
99.6025
99.9539
97.7019
96.5719
99.9341
96.4815
97.775
97.7226
99.8724
99.814
99.8828
96.684
96.665
99.8212
99.886
96.6841
99.8419
99.7934
97.6626
97.6454
96.7858
99.7068
99.7895
99.925
99.7198
97.645
96.7359
99.7431
99.7069
96.7053
97.5681
99.8753
97.6804
99.6448
99.8291
97.6915
99.8977
98.2846
97.6675
99.9604
99.8908
97.7001
98.202
99.7797
97.6617
99.9456
99.8441
99.8844
99.8726
99.9114
97.5533
99.8752
96.6144
99.7811
99.9304
96.6532
99.8729
97.7005
97.8433
97.8232
96.7141
97.7571
99.8555
99.9823
99.8224
97.8492
97.5605
97.6313
96.6982
97.663
99.818
97.7251
97.7447
97.818
99.8947
96.6067
99.9015
97.7351
97.7447
99.8911
99.9007
97.7529
97.6047
99.7361
97.6134
99.8526
99.8451
97.6063
99.9167
96.5983
97.6963
99.8083
99.544
97.5959
99.8952
97.7381
98.1977
97.6533
99.7282
99.8291
99.8342
99.8451
96.6605
99.8624
99.9069
99.7867
99.8932
99.5301
99.8437
97.6485
99.8454
99.1586
99.894
97.6403
99.6009
99.8052
97.5364
99.8529
97.6964
99.9692
99.734
99.8266
96.7551
99.7118
96.6964
97.5674
99.8114
99.8971
99.8193
97.6435
97.6777
99.9229
96.7868
97.8352
99.6345
97.7734
98.2557
99.6573
99.9341
99.5819
99.8398
97.6398
99.8831
97.7128
97.7423
97.7899
99.8835
97.7825
97.7142
99.8531
97.6727
97.5931
96.6237
99.8286
97.6671
97.6492
99.9912
97.7275
99.8404
99.9174
97.756
97.6805
97.663
99.8719
97.6686
99.8573
97.5688
99.8579
99.9091
99.6923
96.5061
97.6417
97.6031
99.892
97.7242
96.7729
99.8393
96.715
96.6144
97.6386
97.9096
99.7655
99.809
99.8455
98.2057
99.8231
96.675
96.7873
97.7481
97.6466
98.4495
97.6629
99.7935
99.8386
99.9068
96.5913
99.5992
97.6828
99.7689
97.9132
97.6515
99.8176
97.7006
97.7635
99.7351
99.6025
97.7384
99.8611
99.8146
97.6256
99.8943
99.7427
99.786
99.8692
99.7032
96.662
99.9015
97.6206
99.8471
97.8329
97.6945
99.9566
99.7065
97.6247
97.6473
99.8994
99.7592
99.8377
96.5635
97.5797
99.7819
99.7918
99.8156
97.7118
99.9004
96.6501
99.8533
99.8284
97.8354
97.9101
99.8974
97.653
96.7017
97.6557
96.693
97.6831
99.8085
99.7973
99.8904
99.8977
97.5869
99.7088
96.7955
99.8783
96.6243
97.7789
97.5033
99.8828
99.8415
97.756
96.5443
99.8663
97.5968
97.7548
99.6179
96.6361
99.9106
99.8622
99.8869
97.6681
99.8164
99.8953
97.71
99.8983
99.8749
97.7072
96.632
96.683
99.8852
99.8586
99.7311
98.2033
99.8565
99.5606
97.6366
99.8231
97.8452
97.7485
99.7829
99.7182
96.6084
99.7521
97.649
99.2913
99.6345
99.9294
99.8334
98.3217
99.782
99.7731
97.6334
99.7924
97.7591
99.7712
98.3989
99.8769
97.7128
97.6594
99.8568
96.5535
97.6842
99.8254
99.8085
97.5832
97.6836
99.8021
99.9216
97.7055
99.658
97.6852
97.6399
99.8645
99.9043
99.9043
97.6702
96.5429
97.7649
97.6657
99.8895
98.6148
99.7066
99.8248
99.8361
99.9243
97.6355
99.9169
99.646
99.7851
99.8077
99.7055
99.8852
97.5499
97.7732
99.9818
96.6365
99.8723
96.6932
99.8973
99.8739
97.7146
97.7836
99.8655
97.5934
99.8712
97.7233
99.9273
97.6944
99.9083
99.695
99.6174
97.6642
99.9026
99.8941
96.5955
97.5024
97.6563
99.8907
99.8332
99.6881
96.5841
99.8157
96.6732
99.8531
97.7039
97.7135
96.7772
96.6384
97.6218
96.5635
97.7
99.871
97.6455
97.6111
99.625
97.6149
97.7635
97.6647
99.888
99.9243
99.8775
97.6738
97.7001
99.9196
96.6705
97.5086
99.5345
96.6233
96.6061
97.6417
99.7891
99.8762
97.6538
97.6685
97.7182
99.7002
99.8663
97.6822
96.5785
97.904
96.6795
99.7174
97.6975
97.7366
97.742
96.7003
96.7021
97.9119
96.7406
99.8936
99.7126
96.6509
97.6955
99.8066
97.5272
97.6637
99.9429
96.5184
96.6857
96.5983
99.6783
99.7391
99.6833
97.6313
99.9909
99.8573
97.6762
97.6338
99.6813
99.8937
99.8593
98.2551
96.7183
99.7473
99.6006
99.7128
97.6583
97.7692
98.4325
99.8393
99.7804
99.6892
99.7872
99.8459
99.8241
99.8872
99.9042
99.8517
96.5686
97.7338
99.7139
97.6737
97.5996
97.7498
96.597
97.6969
97.6066
97.659
96.5835
99.8421
99.8512
99.9762
99.9206
97.682
99.8575
97.6322
99.8606
96.7488
99.877
97.6762
97.7154
98.2976
97.7158
97.6531
99.8291
97.5277
97.659
99.8956
99.8874
97.6893
99.6174
99.9088
96.7751
97.7841
97.6455
99.9477
99.6974
97.598
97.6561
99.8435
96.6771
97.7507
99.834
99.8762
97.6722
99.8169
97.8229
99.8926
99.6902
96.7491
96.5317
99.6755
99.7973
99.9138
99.926
99.8652
99.8529
96.6601
97.7242
97.8274
97.7013
97.6836
99.7413
97.6691
97.6056
96.741
99.9071
96.627
97.6515
97.5879
97.6248
99.8437
96.6866
97.6455
97.6569
99.233
99.7068
99.7728
99.7422
97.7371
97.7128
99.8194
99.6092
99.6739
97.7765
99.912
97.6788
96.6325
96.6414
97.5889
99.8184
97.613
97.5441
97.7295
99.7802
97.6131
99.8535
99.9519
97.5789
96.4693
96.8074
99.5616
99.8693
97.8291
96.6472
99.871
96.58
98.5843
99.9057
99.5315
99.9091
99.8805
97.6355
97.5996
97.6778
99.6475
99.7489
97.6777
96.6857
97.7403
96.5184
96.873
98.5757
99.8711
99.8645
97.6725
99.7271
98.2535
99.9079
96.6509
99.8157
97.7483
99.6929
97.6469
98.2057
99.682
99.8611
97.6786
99.7985
97.5605
98.4031
96.7658
99.7366
99.9191
97.7436
97.7879
97.6684
97.8168
96.5621
96.6162
99.9707
97.7664
96.6817
97.6923
99.7355
97.6588
96.7181
99.8421
99.8675
97.6477
97.6478
96.726
99.8892
96.7573
99.7714
97.7447
97.6705
97.5928
96.5666
99.8877
99.8739
97.8232
96.7503
96.7573
97.6472
97.8325
97.6538
97.6203
97.7517
98.1778
97.7493
99.8978
97.7472
99.8411
97.6559
99.8565
99.5606
97.8332
97.5929
97.6994
99.7005
99.9176
97.6521
99.8767
97.6034
97.7758
99.8313
96.6063
99.8767
97.6597
99.6996
97.5891
99.868
99.7402
99.6448
99.8109
99.8629
99.6395
96.7838
97.6669
98.3203
99.8663
97.6267
99.7227
99.9004
97.682
99.8415
99.8569
97.5657
97.6498
97.7671
97.742
97.7919
98.4031
99.7214
97.5735
99.9287
99.8587
99.8248
99.6417
96.7193
99.8294
99.6622
97.6589
99.9359
99.8528
97.5731
97.6589
99.8125
96.7425
97.7017
97.6752
99.7398
99.9614
99.8624
97.6963
96.7251
97.7762
97.8273
97.7428
97.835
96.5879
99.7956
99.8541
97.8392
97.6427
99.7481
99.6936
97.6635
99.8768
97.6661
97.6629
99.8661
97.6694
99.9707
97.7013
99.697
97.7997
99.6996
97.699
97.701
97.6465
99.8729
99.8622
97.852
97.637
96.6572
97.8332
97.76
99.6804
96.6082
97.7657
97.6837
99.8472
99.8198
99.7182
98.4408
99.9431
99.8897
99.888
99.722
99.8736
99.8897
99.8479
99.6703
99.8787
99.8757
97.6741
99.7028
96.7583
97.8588
99.8013
97.7378
97.7048
99.647
99.9071
97.6052
96.5524
96.7721
99.881
99.7374
99.8635
96.6309
99.497
97.6392
99.9212
99.8609
99.6458
97.701
97.6412
96.6913
99.825
99.9187
97.7057
97.6366
96.6318
99.7824
96.6616
97.6492
97.665
96.7079
99.7903
99.9368
97.4678
99.9795
96.7226
99.8528
99.6475
99.901
96.531
99.8797
97.765
99.7448
99.8589
98.4325
98.2131
99.9862
97.6612
96.5967
99.9898
99.552
99.892
99.7543
97.7077
99.879
97.4093
97.6649
97.7408
99.6794
99.8116
96.6386
96.6288
99.8785
99.8504
99.9246
99.8864
96.7367
99.9024
99.7005
97.6003
99.8799
99.9401
99.8528
97.659
96.7105
99.8758
97.6752
99.8983
99.7303
96.7745
99.8117
97.6634
99.8266
97.7209
99.7215
99.7168
99.9019
97.6313
99.7647
97.68
99.8758
97.5987
97.604
96.7503
97.5889
97.8878
99.8852
99.8714
97.8154
96.7163
97.6715
99.8758
96.7618
97.5946
99.8633
97.8104
99.904
99.6535
97.5906
99.5989
97.6043
99.4973
97.6493
97.7305
99.6563
97.759
96.6444
96.5873
99.8343
96.6577
97.6649
99.6817
99.8142
97.8977
99.7362
97.4983
99.8649
97.7039
96.4755
96.5456
96.7042
97.6967
99.8794
99.7663
96.5659
99.8867
99.7525
99.9251
97.8709
99.8803
96.6142
96.6477
96.7978
96.7261
96.7831
99.8137
97.6191
96.6854
97.7539
97.6048
99.9146
99.7724
99.612
97.7819
97.7447
97.6145
97.7012
99.8838
99.7463
99.8974
99.631
99.8451
97.5699
99.5426
99.8469
97.7072
99.8663
99.8365
99.7793
97.6521
99.9091
97.6199
99.9062
99.9244
99.903
99.5554
97.8168
99.7112
99.6168
99.8586
99.8066
97.5383
97.5612
99.8573
99.6366
97.8433
99.8007
99.6686
97.5712
96.5723
98.2638
96.6311
99.9033
96.6932
97.7403
99.8928
96.6501
97.6082
97.6348
99.631
97.6898
96.5602
97.7478
99.9191
97.598
99.6332
97.6131
97.6861
99.7141
99.6265
97.6156
96.5238
99.9061
97.6646
97.6788
99.8525
97.7948
99.6573
99.8364
99.5616
97.7071
99.9593
99.9186
96.5334
97.6515
99.8956
99.7686
97.5647
97.5814
97.6758
99.8708
97.7278
98.557
99.4905
99.5865
97.7713
97.6008
99.84
96.6629
99.6318
97.6861
99.7264
96.8489
97.7159
99.8641
99.8887
99.9011
96.5535
97.7979
98.254
97.6635
96.6309
97.7414
97.6459
99.8752
99.8943
99.8375
99.879
99.88
97.6322
99.8724
99.9769
97.6636
99.2133
97.703
99.9465
96.7189
99.1406
96.5535
99.8894
96.7852
99.8961
99.8678
99.8643
97.554
97.5761
97.5974
96.8245
97.6058
96.6208
97.6972
97.5682
96.6601
99.9476
99.9389
97.9918
99.8331
99.9213
99.8256
97.6533
97.5988
99.8778
96.4782
99.8417
99.8146
99.9242
97.756
97.6813
96.512
97.719
99.7141
99.9373
99.8863
97.6785
96.715
99.6511
99.8365
99.8808
99.7088
97.6757
97.7436
99.8539
99.8922
97.6697
99.7929
99.7575
97.5991
98.202
96.7325
96.552
99.9212
99.8643
97.8452
99.8926
99.7238
99.9698
97.6346
99.5926
99.8866
99.7939
99.8786
97.7062
96.7618
96.693
96.6547
99.8805
96.5811
99.9085
99.6396
96.7622
97.6412
97.7013
99.6847
99.9322
99.9052
96.5599
97.6749
99.6328
99.8074
98.2824
99.612
99.9161
99.837
99.7155
99.8731
99.6371
98.2131
99.7924
97.5966
99.7685
97.7639
96.8198
99.9101
98.2015
99.8754
98.2781
99.7579
99.5652
97.65
97.6433
99.9228
99.681
96.7377
99.742
97.6055
98.2492
99.7976
99.878
96.6909
97.7173
99.9224
99.6941
97.5315
99.6892
97.584
99.881
97.7053
99.8242
96.817
99.5992
97.6783
97.6551
99.9399
97.7556
99.5356
99.8643
99.8582
99.7422
99.5426
97.593
99.9098
97.6579
96.7784
99.9015
99.7483
99.947
97.7159
99.871
99.751
99.7658
99.7496
97.6346
99.6917
99.8981
96.5732
97.7891
99.7484
99.6001
99.725
97.6999
96.6229
97.6249
99.7976
96.5426
97.7736
97.6881
96.6745
99.7555
97.7737
99.6453
99.7065
99.848
96.7193
97.6334
97.7191
97.6777
97.5928
99.7796
98.2021
99.8833
99.9191
96.7193
99.9659
97.7106
96.6505
99.2415
96.6862
96.6605
97.5889
99.7398
96.7181
97.6543
97.7485
97.7928
99.6448
99.735
97.7243
96.6091
99.8605
99.8699
99.8692
97.6804
99.7031
99.8576
96.715
96.6845
98.5545
97.5612
99.7647
97.6423
99.9649
99.6794
96.6565
99.8194
97.6823
99.7307
97.737
96.6063
99.9186
98.557
97.5788
97.6955
99.7543
97.7392
96.4642
97.7021
99.835
98.2362
99.8396
97.8329
97.6374
99.7101
97.6155
99.7546
97.5884
99.8852
99.7664
97.503
99.6148
96.7736
96.829
99.8294
97.6429
99.8089
99.7969
99.8852
96.6744
99.8887
99.6892
99.8237
97.6378
99.6644
99.7724
97.623
99.8313
98.5024
98.2684
96.7286
96.4676
96.6532
98.3625
99.8226
99.8852
99.7029
99.4973
96.6921
99.8338
99.6448
99.8424
97.615
99.7276
97.635
97.6096
97.6561
97.6231
99.5826
99.9601
97.8531
98.6148
99.933
97.7495
97.6713
97.8274
99.8524
99.904
99.8542
96.6162
99.8156
99.723
99.9079
96.6443
99.8989
99.9176
96.5637
97.9091
96.7955
99.8719
97.8021
97.6594
99.8504
97.6999
96.5913
99.7783
98.2235
98.4397
97.6464
99.8465
99.8719
97.7013
99.7985
96.7425
99.8224
99.7366
99.907
99.9211
99.8566
99.8718
97.6232
99.8942
97.5532
97.6341
98.2113
96.7309
97.6612
99.632
97.659
99.8169
97.7652
96.6565
96.6827
96.6719
97.5018
99.8285
97.7039
99.8189
97.8709
99.8945
97.6532
99.8335
99.8203
99.8605
99.6068
99.9201
98.5549
99.6929
99.9015
97.8492
99.8949
97.6789
99.9354
97.627
99.8484
97.8342
99.8303
99.8722
99.8251
97.6777
97.734
97.7061
96.5333
97.554
96.7503
99.8794
99.894
96.6509
96.5998
97.5537
99.7968
97.6908
99.8239
97.6561
97.6232
99.88
97.8334
99.8241
97.6777
99.9229
97.7498
99.8918
99.9037
97.605
97.6131
99.9089
96.6088
96.5547
97.6131
97.751
97.6945
99.7309
99.6441
97.8212
99.8366
99.857
99.9762
99.832
99.6937
97.7127
97.6696
97.6066
97.6103
99.9358
97.7517
99.8556
97.6063
99.7611
97.641
96.7419
99.9497
96.597
99.835
99.9227
99.5306
97.6473
99.6345
97.6687
97.613
97.6307
99.8251
97.7356
97.7508
97.7574
98.3611
99.6036
99.8465
97.6876
96.6752
99.9419
96.7243
99.7058
99.8303
97.6083
99.8392
97.702
97.6722
97.6448
99.874
99.8802
98.1589
99.8815
99.7101
96.6384
96.7921
99.8553
97.6303
99.8445
99.6788
99.8959
99.9874
97.7827
97.6168
99.7024
99.5315
99.912
99.8195
99.8332
97.6013
99.6923
99.9248
96.7301
99.7101
96.7377
97.7013
97.6575
99.7724
99.7494
96.7336
97.6052
99.6883
96.5145
99.8397
99.8134
99.6214
99.9094
96.7243
99.926
99.8756
99.5119
96.6477
99.9544
99.7973
99.8838
97.5946
99.8643
97.6011
99.8572
98.2074
97.7013
96.6337
97.6671
99.9053
99.9228
96.6395
96.5619
97.7205
96.627
99.8681
96.6405
99.9447
97.6707
99.6014
96.6361
99.6405
97.699
97.8239
97.6185
97.8212
96.6088
98.3134
99.7687
96.7206
97.6589
97.722
99.7055
99.9428
99.8793
99.6526
97.7013
96.7618
98.5357
96.7618
99.9544
97.6565
99.7283
99.8622
96.6666
97.6055
97.703
99.6974
99.7494
97.7465
97.7045
96.5429
97.7324
97.6092
99.5819
96.5649
99.8468
99.7188
96.728
99.7678
96.7775
97.7238
96.7476
99.2133
97.8209
99.8951
99.8301
97.7175
99.5197
97.923
96.531
99.695
99.8836
99.925
96.7125
96.7551
97.8593
97.6412
99.6999
99.906
98.6407
97.6761
97.608
97.6756
97.6469
97.7714
96.6932
97.6542
96.6409
96.6164
97.8977
98.1965
99.8499
99.7197
99.8649
97.7301
99.7216
98.598
99.7451
99.8921
97.6696
96.6394
99.7309
97.8065
97.6553
99.8984
99.8536
99.8947
97.7012
96.7721
96.6214
97.6979
96.7459
97.6501
99.7001
97.7207
99.8407
97.6839
99.849
97.6676
99.6723
97.6729
99.8447
99.8783
96.767
99.8645
99.7456
99.7052
99.6936
96.4642
99.7995
99.8437
97.6646
97.7158
97.622
96.7641
99.8464
99.8396
96.7123
99.8604
97.5474
99.9243
99.8891
99.8805
99.9452
99.7791
99.7141
97.6888
99.8772
99.7189
97.6085
97.7934
97.7493
97.8209
96.5009
99.8624
97.5703
99.7428
96.6728
99.6573
97.5832
99.8959
99.8353
99.7686
99.9251
97.7414
98.3629
99.8137
97.627
97.5976
96.8001
99.8739
96.6133
99.6615
97.7381
97.7433
97.6542
99.8773
97.8404
99.8778
99.8253
99.9242
96.5635
97.6459
97.5653
97.5704
99.8332
96.58
98.3625
97.5761
99.8911
99.8913
99.8956
97.7561
98.5757
99.8013
97.6149
96.5655
97.6008
99.8741
99.8784
99.901
97.7186
97.6908
96.5913
97.7905
97.6932
96.7735
96.7314
97.8939
99.7772
99.5841
99.8978
99.8572
97.6324
96.7189
99.7867
97.666
99.8767
97.6594
97.7707
96.568
99.7658
99.659
97.7399
99.8748
97.7116
97.5918
99.8451
97.5591
96.571
96.6462
97.6945
99.8722
97.602
99.6345
96.582
99.5473
97.5682
99.8609
96.6273
96.477
97.6313
99.8399
99.6871
99.2237
99.7872
99.722
97.6185
99.7657
97.7836
97.7585
97.6454
99.6974
97.7278
99.7111
97.653
97.822
96.7429
99.8165
96.7503
99.9389
99.8378
99.7874
99.8066
99.6644
99.9155
96.7936
99.8379
99.7663
99.8633
99.921
97.6777
99.8963
99.7955
97.6818
99.8575
97.6567
99.6951
99.8328
97.828
96.6854
99.8911
96.6605
99.9071
96.7852
99.9136
99.9912
97.6697
98.5639
96.5135
99.8858
99.6583
96.571
99.8918
97.5783
99.7719
99.797
97.6559
99.9042
97.5641
97.6617
99.6265
99.9614
99.7859
99.8146
97.8942
97.6925
98.446
97.7242
99.6936
99.7636
96.633
99.9171
99.8398
97.6642
99.8086
99.834
97.5657
96.6629
98.557
99.9238
97.576
99.8007
98.6297
99.8788
97.7012
96.5427
99.2391
99.7129
97.6748
99.6974
97.6649
96.5535
96.6006
99.8446
99.6974
97.6637
97.6469
96.7967
97.6487
97.6552
99.9064
97.6923
97.6432
99.8936
99.7783
99.9007
99.8952
98.3665
99.6418
97.5364
99.8588
97.6184
96.6623
99.6126
97.5906
97.687
99.8291
97.5958
99.6826
99.6343
96.6656
99.7754
96.8298
99.8459
99.8267
99.8058
97.578
99.5768
99.9677
99.8203
97.6594
96.7262
99.8091
97.5018
98.2969
96.6309
97.5205
99.6934
99.9902
99.841
99.5959
99.8696
99.7316
99.8212
97.6744
97.6009
99.9341
99.879
99.9294
99.9137
97.7182
99.7198
96.7538
99.5189
99.9902
97.6539
99.8382
97.6669
99.8564
97.8357
97.7027
99.6932
97.7207
97.7472
99.6092
99.8892
97.6711
97.6878
99.889
99.8852
97.6417
98.2862
99.871
99.7934
97.5996
97.6524
96.5454
99.8913
99.9054
96.5936
99.8847
97.6034
99.7968
99.8769
99.8471
99.7635
97.6582
97.6934
97.6295
97.6242
99.8887
99.6732
96.5878
96.6032
96.6047
99.8904
96.6032
97.6514
97.6559
99.5676
97.6636
97.6191
97.9111
97.7748
97.6796
99.8934
99.6989
97.7569
97.7238
97.7337
97.7019
97.7578
99.6079
99.6623
99.8188
98.3347
97.5928
97.6032
99.711
99.7486
97.7116
99.1406
97.6169
96.5873
99.9191
97.9096
97.6777
96.7412
99.7727
96.4431
99.921
99.8944
99.7304
99.7742
96.6008
99.7508
97.7632
98.3179
99.7712
99.8151
96.5666
97.6055
97.637
98.2684
99.8783
96.6723
99.8378
99.8769
96.5535
99.8555
99.9105
97.5928
97.6892
97.6739
99.9026
99.7669
97.6582
99.6874
97.6744
99.8627
99.1586
99.8328
99.6931
99.9862
97.7151
97.7653
97.6111
99.899
99.8228
97.8735
99.8392
96.5592
96.7305
96.5844
98.1616
97.6002
99.8966
99.6378
99.5378
99.8879
99.7968
99.9425
97.6844
99.9015
99.9294
99.8945
99.8343
96.7163
99.8217
97.7381
99.8104
99.7088
96.5723
99.8909
97.5875
97.6752
97.6736
96.5427
97.6818
99.7125
98.2412
99.8568
99.9174
99.7427
97.6839
99.8925
99.7752
99.7525
99.8636
96.7292
99.8531
99.7899
99.856
97.602
96.7014
97.6776
97.7758
99.8942
97.5735
99.8362
96.7847
97.678
99.8684
97.5833
99.8944
99.9324
96.5635
96.8132
99.0767
99.4969
96.6378
99.8157
99.8962
99.7827
99.9456
99.7465
99.7128
97.5625
97.7574
97.6015
99.8693
97.6713
97.6725
97.6625
99.5768
96.6063
99.8879
97.6557
99.8892
99.8023
97.6682
99.5814
97.6337
99.8925
99.8086
99.926
99.8403
96.7027
99.8722
99.8736
99.825
97.8028
96.7746
98.197
99.7368
99.868
97.6538
99.8437
97.6628
99.9046
97.8161
99.8515
96.5842
97.6049
99.9143
97.8476
96.6456
99.0769
97.5474
99.8226
99.8828
99.7
97.5398
99.9085
99.9287
99.7757
97.6831
99.5996
99.8892
99.6409
97.6839
97.6899
98.1794
99.7532
97.752
97.5612
97.6561
99.8609
99.8697
97.775
99.8276
99.8484
97.6168
96.7934
99.8983
97.7847
97.6687
97.6541
99.9094
99.8604
99.7112
97.6516
99.7005
97.841
96.6164
99.8537
99.8775
96.7261
96.6848
99.6564
99.6395
97.7023
99.8337
97.6752
99.8701
99.0767
97.6145
97.6951
97.7293
99.9779
97.6646
96.6472
99.6479
97.5763
99.9287
99.7082
99.9516
99.8674
97.6012
97.6286
97.6351
99.9482
99.6709
99.8852
97.751
99.4533
96.6491
96.616
97.6795
96.8111
99.8242
99.7844
97.8977
99.8233
99.9356
99.8196
99.9243
99.8625
96.6433
99.8579
99.881
99.933
97.6126
97.5788
97.829
99.8404
99.8241
97.6533
99.843
97.5968
98.4107
99.9821
97.6645
97.7209
97.621
99.8938
97.602
97.6469
97.7505
99.9094
97.6863
98.2862
99.6937
97.6605
97.6915
99.8904
99.8787
96.6287
99.9068
99.8934
97.6857
97.5861
96.7925
97.6857
99.7592
99.8765
96.5932
99.8813
99.7684
99.7017
97.6813
97.6649
97.7891
99.8707
97.7574
99.8847
97.836
99.9281
97.6873
99.8944
97.6621
96.8016
97.9133
99.7032
99.6701
97.6677
96.4755
99.9643
97.7043
96.6387
99.8539
97.6216
99.8886
99.872
99.8543
96.7781
97.6707
99.9384
99.6441
99.8359
99.7286
97.7635
99.9022
97.757
97.7265
99.825
97.7002
99.89
98.3237
99.9146
96.7669
99.2133
97.8634
97.6392
97.8938
97.6332
99.6883
99.7315
99.8633
99.5623
99.9136
99.8556
97.5985
99.8539
99.6948
98.238
99.8614
99.7956
98.2629
96.6387
99.7171
96.8736
98.2571
99.8189
98.2814
99.831
99.9375
96.7286
97.6912
96.7858
97.6303
99.8844
96.4803
99.6623
97.7107
97.6495
97.6605
99.8465
97.6483
99.6409
99.826
99.6623
99.8189
99.9818
97.6805
97.7404
97.6392
98.1582
99.8818
99.9482
97.8165
99.7186
99.8799
99.8293
99.8579
99.9176
97.733
97.7151
99.797
99.8664
99.9311
97.6138
97.6884
99.7005
99.834
96.7141
99.9519
96.6235
97.7714
99.7723
99.8805
99.7005
99.8526
99.8414
99.8253
97.5694
99.7088
97.7041
99.8682
99.9555
97.7574
99.8768
99.818
99.8804
99.8176
99.7493
99.9322
96.8111
99.7715
96.51
97.6628
96.6712
99.6815
97.7311
99.7641
97.6804
99.8988
99.8767
97.7251
96.6573
96.5484
96.6575
99.9601
99.6569
96.7648
99.8223
97.6455
97.6539
96.6559
96.6395
97.6696
97.6742
99.8393
97.6191
96.6111
99.8942
97.6681
97.6514
99.8959
97.5868
97.7505
99.8568
96.6318
99.876
99.8838
97.6617
99.7728
96.7746
99.6563
99.8392
97.5694
98.2074
97.6725
99.9007
97.7447
99.7016
96.7662
96.5862
99.6804
99.7197
97.7448
98.2131
97.715
96.7891
97.67
97.638
99.7198
97.5861
97.7154
96.6706
99.9024
99.6375
97.702
96.5655
97.7404
97.905
99.8587
96.6384
97.6472
99.8537
99.872
97.6328
97.7447
99.9759
98.098
99.8437
99.6948
96.4966
97.6561
99.8513
97.6544
97.6241
97.6572
99.7017
99.879
99.8459
99.7594
98.0882
99.9435
99.7082
99.8974
97.5033
99.8934
97.836
99.8652
96.7344
97.7199
99.8523
99.7473
97.5364
99.8981
96.6638
99.8475
96.5019
97.8439
99.8652
96.7775
97.8361
99.8737
97.6845
99.9007
97.5911
97.6544
97.59
97.6495
96.6225
99.9024
97.7777
99.8715
97.6579
96.7004
97.6589
97.8921
96.758
99.2133
99.8427
97.7251
97.5832
99.8521
99.8487
99.8818
97.659
99.9562
97.6951
96.7286
99.88
96.722
99.8408
99.522
97.7585
98.2057
97.7251
97.5927
96.6982
99.9566
97.8168
99.9465
99.8454
97.711
99.8869
96.6101
99.8655
97.6187
99.8389
96.5942
96.7337
97.7697
97.6908
99.7801
97.6771
99.5826
98.4846
98.1649
97.6671
97.7825
99.8955
96.5435
96.7226
96.5659
98.2021
99.9069
97.7493
99.8378
97.6184
96.7472
96.4841
99.8286
96.6008
96.4923
99.9982
99.9322
99.8154
99.699
97.7893
96.7847
97.6168
99.6572
99.7592
99.7005
97.7311
99.7448
99.6917
99.8678
97.7652
96.6311
97.6131
99.7451
99.9659
99.9243
97.6408
97.7517
96.6763
97.7061
99.8289
96.5524
99.6511
99.8824
96.6111
98.2969
99.497
99.7846
96.7367
99.6931
98.0882
96.6056
97.7432
97.7287
99.9176
97.6597
97.619
99.8575
96.6224
98.6696
99.9883
99.7309
99.8233
96.5862
97.8613
97.9252
99.7282
99.9094
99.854
99.8472
99.7402
97.6398
96.715
99.8668
99.7111
97.5694
99.9456
99.8118
97.6744
96.5024
99.8201
99.9659
96.6119
99.8266
99.8765
98.5066
99.8503
99.8892
99.8064
97.7383
99.6701
99.8847
99.8846
97.6626
97.6934
99.916
97.7714
97.6713
99.8307
96.6417
97.6428
96.7662
99.8353
99.8624
99.8956
97.6481
97.6435
99.869
96.6318
97.6973
97.7251
99.8983
96.7978
99.8529
99.8891
97.6567
99.873
97.7263
99.8854
99.7005
97.6367
99.837
99.8148
99.233
99.7895
99.7728
96.7721
99.9154
99.5505
99.8342
96.7622
96.7329
99.7898
99.9098
97.6418
99.9168
99.6814
96.6913
97.7451
99.8642
97.5662
99.6686
99.8605
97.5927
99.7217
99.741
99.8096
99.6804
99.8441
96.5135
99.9604
99.8802
96.7934
96.5986
96.6073
99.8565
99.2913
97.6798
99.8572
96.7309
97.6158
99.8857
99.7481
96.4642
99.8955
99.6959
99.6332
99.854
97.6738
97.6958
97.751
97.5306
99.8236
99.8428
98.5708
99.6709
97.7428
97.7436
96.7641
99.9114
99.992
97.6519
99.8253
96.7699
97.6823
99.8805
96.5861
99.8464
99.8649
98.2941
99.635
99.8369
98.5098
99.8162
97.7013
99.6047
99.9428
99.5838
97.6617
97.7498
99.947
97.8921
99.8686
99.8117
97.7736
99.7658
99.7502
96.5208
99.8995
99.7542
99.6599
99.9259
96.7583
97.7541
98.3665
97.6514
99.9057
99.7276
99.7453
97.6196
96.728
99.8668
97.7295
97.7173
97.7247
99.7973
96.7194
99.7976
97.6761
96.675
97.7158
99.901
97.8427
99.6874
99.8696
99.8154
97.6417
97.638
99.8224
99.873
97.7632
99.7263
99.6412
99.7309
99.7535
99.6912
99.8541
97.7151
99.8256
99.8515
99.8745
97.7055
99.8535
99.6417
99.874
97.6351
97.5745
97.7151
99.9015
97.6793
97.7278
97.6206
99.7872
97.7965
97.7182
99.8797
99.612
99.7283
97.7377
97.6355
96.7969
99.7532
96.5698
99.7673
97.698
97.641
97.6706
97.711
97.7503
99.7101
97.7452
97.5788
97.8017
97.6617
97.7965
97.5454
96.8074
99.8994
97.6671
96.6661
97.5223
97.6428
98.2433
99.8134
97.6657
99.7736
97.7024
99.7935
98.5241
99.7282
99.9368
97.852
97.7006
99.5826
96.683
99.8531
97.6551
97.6993
96.6863
99.9085
99.8579
99.7986
97.6597
97.8352
99.9982
99.5612
96.7999
98.2164
97.6027
99.9043
98.3239
99.7757
99.6962
97.7158
98.2164
96.8132
97.6407
99.6475
99.9318
99.8624
97.5937
99.9194
99.9146
99.7349
96.7736
96.6309
96.7183
99.7783
97.6063
99.5616
97.9103
99.8773
96.7587
97.7371
96.6916
97.6927
99.9296
97.7707
99.8491
97.8401
97.5018
97.6826
97.6185
99.6723
99.8033
96.552
99.6869
97.5474
96.5064
97.5191
97.6239
97.7039
96.785
98.3815
97.4961
99.7337
99.8926
99.9315
97.6355
99.6991
96.7318
99.7351
99.8852
97.5988
97.7458
97.7322
99.658
99.992
97.688
97.682
99.9043
96.5528
99.8542
97.6724
97.5668
97.8394
99.8311
99.8105
99.8649
97.7448
96.7417
99.8332
97.7403
99.8919
99.8003
97.7383
99.8262
97.6338
99.797
99.8934
99.9526
97.612
99.7459
99.826
99.6869
99.8799
97.6963
99.8767
96.5121
99.7891
96.7618
99.6787
99.8605
96.7057
99.8891
96.6718
99.8748
98.254
96.6532
96.5621
97.5533
99.858
99.8146
99.7736
96.8111
97.7483
97.6559
99.9428
99.9108
99.7797
96.6719
97.7571
99.8334
97.5906
99.8718
97.6356
99.6948
97.8234
97.6754
99.9429
99.8609
99.7111
97.6105
97.6813
99.8048
97.5712
98.202
99.8783
97.7574
97.737
97.8917
99.8877
96.817
99.681
99.8918
99.9358
99.8576
99.7062
98.1958
97.6533
96.758
99.8146
99.7495
99.8805
99.8539
96.6395
96.7189
99.8337
99.8913
99.866
99.7451
99.8932
99.8468
99.853
99.7111
97.7055
99.825
99.9011
97.6536
96.7344
99.8495
97.5814
97.6775
97.6845
99.9007
99.8533
99.8237
97.581
96.7622
99.6148
99.8397
97.6392
97.6941
97.6895
99.5197
97.6242
99.8877
99.6814
96.7533
97.5744
98.446
99.8066
99.8689
99.931
99.6718
97.6659
99.6316
96.7622
96.6088
97.7671
97.7258
96.5333
96.7567
99.8677
97.7077
99.8915
97.7358
96.6208
99.9068
97.6664
96.5959
99.7689
97.6477
98.2846
99.6355
97.5998
97.6334
99.8748
99.9429
99.8608
97.6843
97.6677
99.972
99.8795
99.7545
98.3219
96.5947
96.6243
96.6465
99.8783
97.7775
97.8161
99.9435
98.2069
96.6665
99.6068
97.6413
97.6847
99.8373
99.866
99.9859
99.6499
97.6886
97.6673
96.5907
96.7318
99.8838
99.616
96.6609
97.641
97.701
99.8148
97.6056
99.9004
99.8997
99.7029
96.6664
97.7324
97.8582
99.8527
97.7301
99.1586
99.8624
98.2643
97.641
99.7331
97.8733
99.8861
99.904
97.6963
99.8328
99.5336
96.5936
99.6974
99.8886
97.6322
99.9285
96.8198
99.8723
96.6433
97.7351
99.6345
96.7751
97.8659
97.6572
99.5768
97.6986
97.7566
97.7045
97.6941
99.7863
96.7412
99.8953
96.575
96.7243
99.7493
99.7422
97.8361
97.6058
99.786
99.744
97.5832
97.7278
99.86
97.6966
99.9955
99.804
99.7906
99.8756
99.8808
99.7563
99.6953
97.7211
99.8563
96.4966
97.6641
96.803
96.6909
96.6443
97.6806
99.8414
97.8731
99.712
97.7589
98.1642
99.8701
97.6439
99.8727
96.7699
97.8593
99.8722
99.9287
97.6551
99.8763
99.8951
97.6277
96.693
99.8813
97.5378
99.6958
96.7402
97.8654
97.5364
99.8379
99.7314
99.8074
99.8091
97.4685
97.6391
99.8959
97.6727
99.4916
97.7263
99.8467
99.8471
97.5745
99.7203
97.7472
97.904
98.3179
99.6812
96.7363
97.6823
99.5838
99.892
99.8052
96.5878
97.5306
99.7168
96.5528
97.681
97.7042
99.8748
97.6055
97.833
99.8974
97.5929
97.6475
99.8354
97.649
97.9078
99.881
97.8168
97.6713
99.8257
97.7816
99.9742
99.8286
99.731
96.6462
99.5838
99.851
99.8397
98.598
99.8303
99.8546
97.6847
99.8398
97.6339
99.8609
99.7663
99.8762
99.901
99.6997
99.7141
99.9337
99.8193
97.6815
97.7576
98.2104
96.7925
97.6314
96.5543
99.8622
99.8522
99.8342
99.8544
97.7539
99.9227
97.7554
99.8761
96.57
99.8663
99.8555
97.6563
97.6648
99.837
99.9155
96.715
99.8692
97.6813
97.6705
99.9742
99.8542
99.7132
99.6622
99.8099
98.2285
99.8557
99.8528
97.8234
99.8533
96.7429
99.7466
99.9021
97.6742
97.7472
99.8867
97.685
96.5621
97.6744
97.612
97.6796
96.6532
97.7318
97.7392
99.6835
96.7003
96.552
97.5698
99.6787
99.6937
96.5723
98.2076
99.869
98.3815
99.6085
99.8644
99.9428
97.8574
97.6833
96.4137
96.6575
97.7023
97.7293
97.7492
99.7684
99.8333
96.721
99.872
97.7099
97.7356
97.6498
97.7001
97.6454
97.5794
99.8367
97.6474
97.6288
96.795
97.5537
96.5783
99.8791
99.9058
99.6883
99.6265
99.5306
97.6551
97.8065
96.5916
99.8994
99.8934
99.8984
99.9736
99.7893
99.8779
97.6248
96.7669
96.733
99.9465
99.841
99.9473
99.9779
97.5982
97.6244
97.6617
99.8565
99.8526
97.8025
96.7251
99.641
96.7121
99.7653
96.5406
97.6581
97.6218
99.9171
99.9692
99.9125
99.9235
99.8664
99.8661
96.5352
96.6096
99.7712
99.863
96.7515
99.8573
99.8857
97.6229
97.6838
99.874
97.7515
99.6835
99.8953
99.522
97.5605
97.6916
99.7658
97.6185
99.9036
99.7689
99.911
97.6229
99.7985
99.6457
99.8966
97.6626
99.8586
99.7993
97.6557
97.6826
97.7378
97.6687
97.7211
97.6702
99.9118
99.7901
99.9011
99.9337
99.8237
99.6375
99.9117
99.874
99.9259
97.6947
97.6666
99.8404
97.7554
97.74
99.8523
97.6089
99.7579
97.8719
99.8048
96.6863
99.8436
99.9685
99.876
99.8698
99.9077
97.6827
97.6822
99.6566
99.826
99.9155
99.9523
99.7307
99.8421
99.8415
99.8613
99.8629
97.8452
99.7375
99.9262
99.7939
97.8476
99.9248
99.8588
97.7157
97.7168
97.5625
98.2375
99.9305
97.5712
97.912
97.7541
97.6778
97.8433
97.6498
99.8739
99.8783
96.6967
96.5832
99.8334
99.8978
97.8634
97.6896
97.6505
96.7676
96.6708
96.5947
99.7583
99.9322
99.8768
99.7068
96.6967
99.9714
97.6881
96.6728
97.8079
96.7955
99.6328
97.6334
99.7805
97.863
96.6874
99.8778
99.8485
97.5978
97.6353
99.8168
97.5928
99.6879
99.8521
99.825
96.6117
97.7408
99.616
99.8667
97.6705
97.6294
99.9214
97.5979
97.8894
97.7387
98.446
96.588
99.8529
99.5612
99.7362
99.9955
99.8331
99.6511
96.6062
99.9246
97.6569
99.782
96.8177
96.7004
99.8852
99.9173
96.7956
99.9065
97.6833
99.9079
96.7622
97.5861
97.6804
99.6776
99.9373
96.6318
99.5649
99.8973
97.6767
96.6225
97.5971
97.7582
99.744
97.6052
96.4686
99.6402
99.8613
99.912
97.6196
99.8487
97.6702
96.6904
99.8451
97.5139
99.2722
99.9131
99.5473
99.7215
99.7664
97.7081
99.8332
99.8561
98.1776
99.6024
99.8203
97.5936
96.768
96.6443
99.7548
99.8011
97.6916
97.6968
99.8958
99.8802
96.7337
97.6218
97.7042
96.5196
97.8735
97.6698
97.7565
99.6755
97.6143
99.8294
99.7203
96.7179
96.6288
97.828
99.8722
99.9179
99.9909
97.6085
99.8647
99.7611
96.7455
97.5264
99.8675
97.7392
99.9267
99.8655
97.6011
99.8464
97.7827
97.6013
99.8953
97.6552
97.691
96.7934
99.8864
96.6501
97.6083
97.8574
96.5576
97.6191
96.6664
99.849
99.7028
99.906
96.7193
99.7853
99.8317
99.9114
99.7874
99.9012
99.9762
96.7193
99.8408
97.6473
97.5829
97.6403
97.645
97.9102
99.859
97.6005
99.8828
99.8392
97.6003
98.3347
96.6921
97.6664
97.6722
99.9033
99.6441
97.6678
99.8454
97.6749
96.7936
98.21
96.7037
98.2119
99.8555
97.7358
99.9857
99.6744
97.659
99.9152
96.7273
96.6752
99.7386
99.9824
97.6558
97.7002
96.7206
97.7264
96.5913
99.8687
96.6443
99.9705
97.623
99.6405
96.6233
99.8426
99.6014
96.5832
97.5695
97.6158
96.6982
98.5019
99.8291
99.863
97.605
98.2438
98.2057
97.6629
99.7167
99.9059
99.9244
97.6839
99.7853
97.6572
97.7469
97.6589
97.5946
97.6954
99.9084
99.8697
97.6465
97.7816
99.8555
97.66
97.7107
96.7237
96.785
97.7274
96.6208
99.831
97.6293
99.5676
99.859
99.7863
99.9046
97.6307
99.9094
99.6079
99.7799
99.9007
99.8854
99.7906
97.623
97.6332
99.8739
99.7855
97.5657
99.5189
98.1778
99.8928
99.8864
96.6008
99.8571
99.8544
97.8028
96.765
99.6842
99.8685
99.7412
99.6951
99.6085
96.7551
99.692
97.7887
99.8156
97.665
99.8513
97.7941
99.9311
99.8643
99.8655
99.6557
99.7382
99.9113
96.6656
97.6516
99.8241
97.6246
99.7956
99.8461
97.6981
97.6374
96.778
96.6127
97.7571
97.7207
97.7325
99.7934
96.5758
99.8464
97.5884
96.7412
97.6386
99.8066
98.3903
97.6944
99.6861
97.9446
98.5721
97.6626
99.6833
98.1105
99.9119
99.9138
97.7334
97.5788
99.7808
96.6071
99.7502
97.6426
99.9017
99.7368
99.853
96.6866
97.6346
99.7291
97.666
97.6196
99.635
97.6195
99.9131
99.8964
97.5911
99.868
99.7638
99.8554
97.6557
97.637
97.7128
97.7122
97.5878
99.8609
96.7336
97.6351
97.5474
97.74
98.5357
99.8256
97.7112
98.1819
99.7854
96.6656
99.8007
99.7806
99.9384
99.9101
98.3239
96.568
99.7935
99.8867
97.701
99.7111
97.7419
96.6273
97.8878
96.6211
99.894
99.7473
99.9779
99.8237
99.9439
97.6309
97.7299
99.825
99.8378
97.612
99.6942
99.659
99.9033
97.6663
99.8459
99.8594
99.8227
99.8535
97.6206
99.7653
97.7804
99.8334
97.7116
97.763
97.6427
99.8294
96.7549
99.8074
99.8499
99.8712
98.2131
99.9494
99.8233
99.5902
99.7929
97.7371
99.5944
99.7128
97.6394
97.5827
99.9047
99.7355
99.8278
99.8293
99.8325
97.5641
99.9389
99.859
99.7956
99.8978
99.7304
99.875
97.6837
99.9752
99.8834
99.7829
99.8536
99.966
96.5713
99.8717
97.5364
97.641
99.7569
97.7061
97.7215
97.6997
97.6345
99.9169
99.818
97.6066
96.7735
99.8325
97.6031
97.8929
99.6709
99.9435
99.8903
99.5389
97.6908
99.9311
99.8485
99.8023
99.8688
97.6758
97.6822
97.8246
97.6822
99.9085
99.8823
96.7746
99.7741
97.6789
98.2069
99.7569
99.7263
96.5686
99.2391
99.8827
99.8604
99.5814
97.4704
99.7993
96.7336
96.6561
99.8456
99.8138
99.9118
97.6908
99.8844
96.6378
99.8414
97.7029
96.6237
99.7349
97.6612
99.8984
96.5986
99.8643
99.9769
99.6894
99.8404
99.8799
97.5424
98.6614
97.7429
97.604
99.7118
99.8749
99.9413
97.5704
97.6612
99.8915
99.9883
99.9305
99.7834
97.7347
97.8206
97.7451
99.6794
99.9021
96.5983
99.8883
99.5306
97.6698
99.8329
97.6697
97.7078
97.655
96.7193
99.2823
97.7887
99.9759
99.88
96.6661
99.9004
97.7697
99.7101
97.637
99.7486
99.6471
99.6394
99.9028
99.9456
99.8464
96.6311
96.531
97.6796
99.9446
97.6185
97.7582
99.8092
99.4969
96.768
99.8503
97.7175
99.7819
97.6774
99.5989
99.832
96.5972
97.577
99.6712
99.8749
97.6735
99.9074
99.6622
99.5826
97.6966
98.3417
99.878
96.73
99.9043
97.8634
99.8786
97.7211
97.5774
97.7106
97.782
99.7361
98.2781
97.6454
96.7121
99.8266
99.5838
99.7357
96.6904
97.7017
99.8821
96.6494
99.9246
99.6441
97.6642
96.4431
97.6671
99.9395
99.8852
97.6199
97.65
99.8686
99.7548
96.5019
96.6565
98.3815
99.9009
96.8605
99.6033
97.616
99.9215
99.5315
99.695
99.7262
99.7934
96.5983
99.9059
97.5533
99.8461
96.7037
99.8803
96.819
99.711
97.6815
97.6465
99.8523
99.6599
99.7473
99.9982
99.8394
97.7207
99.8454
99.7481
99.883
96.7828
99.897
99.8664
97.7012
96.7021
97.6158
96.7786
97.5599
99.9014
97.6823
99.7112
97.6722
97.6338
99.7227
99.6247
97.6524
99.9578
97.7086
99.9296
99.7898
99.897
99.713
96.7922
99.7276
99.635
97.638
99.901
96.7456
99.8729
97.741
96.7488
97.7659
96.58
99.8255
97.6535
97.6377
96.7016
99.966
97.8535
99.6405
99.8956
99.962
99.8958
99.7689
99.7225
97.6777
97.6441
99.9082
99.7545
99.6421
97.9256
99.6056
99.8455
97.7652
98.3272
97.6761
99.9145
99.8609
99.8892
96.6414
99.635
99.8813
97.6105
97.7405
99.7896
99.8926
99.8923
96.7437
99.7689
96.765
99.8797
99.879
99.6159
97.9446
99.8102
99.868
99.8745
97.7992
99.9048
99.7545
96.6752
97.6182
97.6767
97.7539
99.8633
99.8547
99.8487
99.9145
96.5916
97.6963
97.7159
97.6663
99.8723
99.7125
99.8864
99.5378
97.5647
99.9135
97.7128
97.6196
96.873
99.7089
98.3349
99.7098
97.5731
99.892
99.9678
96.639
96.7121
99.9013
99.7223
97.612
97.6986
96.8333
99.8065
99.8687
97.7673
99.8546
99.8521
97.7135
97.7405
99.65
99.7721
97.9111
97.8128
99.6265
99.874
96.479
99.8378
99.8048
99.8294
99.881
97.6302
97.638
99.7641
99.8407
96.6607
99.8938
97.5955
99.8514
96.6309
97.6454
99.7391
97.5682
99.8805
99.9821
98.2824
99.8545
99.7616
99.8213
96.6113
99.8523
99.872
96.571
97.733
99.776
97.6519
99.8619
96.5602
99.7822
97.5953
96.7003
96.6932
97.7841
99.8951
97.8753
99.7088
96.4694
96.7767
96.6913
99.8477
99.8253
99.8533
99.5998
97.7515
97.6423
97.6012
99.8294
99.9152
97.6343
99.6923
99.8964
97.7561
99.7353
97.6722
97.6474
99.8667
99.8591
97.6338
97.7116
97.8939
97.678
99.9324
99.8294
99.6874
96.5713
97.6852
99.7068
99.827
99.6421
99.9384
99.6958
99.8879
99.7291
99.8726
97.5845
97.7226
99.8593
96.7104
96.5621
96.7922
97.5735
99.8285
99.7754
96.6638
99.875
99.8852
99.7262
96.8628
99.785
99.6712
99.8691
97.5735
99.9098
99.6934
97.7044
99.7904
96.6895
97.7863
99.6623
96.5788
99.8859
99.7798
97.7271
97.6818
98.1897
96.7099
99.8974
99.8294
99.9301
97.7127
97.6619
99.8654
99.7066
97.7387
99.8796
99.6563
99.9244
98.4206
99.5819
97.6346
99.827
97.6813
97.6918
96.662
99.8437
99.8534
96.4686
96.6311
99.7398
97.8569
97.6744
99.9389
99.9048
98.2989
99.5814
99.9519
99.8959
99.8182
99.7973
97.7154
99.8331
99.6942
97.8242
96.7534
97.6199
99.8891
99.7822
97.7318
99.8897
99.9273
97.6625
97.6724
99.9007
97.5928
99.7934
99.8564
99.8981
99.8756
97.5483
99.9248
99.9033
99.7827
98.1776
99.8156
99.8501
99.8406
97.7472
99.7431
97.5698
99.9004
97.654
97.599
99.5016
97.6337
96.5862
99.8074
99.8148
97.8634
99.8396
99.8953
97.6666
99.9053
99.7724
99.8712
99.8547
99.5768
99.8226
99.888
99.8847
99.6975
97.8709
97.6986
99.7736
99.889
97.6915
99.6431
99.8291
99.8172
99.704
99.5523
97.5641
96.568
99.8378
96.7083
97.9119
99.8702
97.6434
99.5743
99.869
99.826
98.2629
96.7677
97.7
96.6501
99.4973
97.6594
97.7551
99.8961
99.9004
99.8412
97.7209
99.8886
96.6992
97.6008
97.6692
99.92
99.7135
97.7571
96.6501
96.4431
97.65
97.6327
96.5009
99.8521
99.9736
99.6328
99.2391
99.6378
97.7086
97.569
97.6828
96.7828
97.6535
97.6861
96.5635
97.6229
99.7929
97.7713
96.5524
97.7246
97.5481
99.9322
99.9091
97.6313
96.7672
97.8735
99.7698
97.6802
97.8206
99.8443
99.8811
97.6826
99.7883
99.615
99.6883
97.5191
99.899
99.897
97.6565
97.5642
97.7061
96.6904
96.6443
97.6181
96.7753
96.7406
96.5878
97.6806
99.8934
96.5646
96.7814
99.7473
99.9143
97.6355
97.6634
