99.8557
99.9161
96.938
97.5985
99.8708
99.9569
99.8263
99.8407
99.8147
99.6803
97.6242
99.8845
99.8635
97.5525
99.7727
99.8605
99.9016
99.8917
99.8028
99.8438
99.9753
99.7143
97.6316
99.7123
99.8047
99.8718
99.7756
99.8142
97.8757
99.8029
99.8995
99.8887
99.9763
99.8181
99.8998
99.8155
99.8426
99.9376
99.783
99.8624
99.8985
99.8572
99.9539
99.8691
99.8492
99.8414
99.9303
99.678
99.9092
99.8264
98.2095
99.8619
99.8715
99.8566
99.8442
99.8807
99.6903
99.8065
99.8642
99.9127
99.826
97.738
99.8807
97.5537
99.7943
99.8302
99.9429
99.8895
99.9505
96.8395
99.8675
99.8745
96.6226
99.8438
99.9574
99.8833
97.7017
99.8088
99.8867
97.5499
99.8659
99.8429
99.8272
99.9023
99.8246
99.8276
99.8517
99.9346
98.2226
99.8751
99.8139
99.867
99.909
99.8349
99.7544
99.884
99.8734
99.8356
99.8601
99.8734
97.8207
99.936
99.7408
99.8715
99.8828
99.8874
99.9403
98.1948
99.7352
99.8224
99.8769
99.8738
99.659
97.5995
99.8487
96.9619
99.9601
99.938
99.9022
99.947
97.7303
99.8398
97.7302
99.8551
97.6707
99.867
99.9642
99.8606
99.7531
99.8094
99.8595
97.9128
99.8132
99.776
96.4392
99.8166
99.8797
99.7972
99.7783
99.8484
99.8983
99.7366
99.9026
99.8211
99.7536
99.8418
99.9887
99.8637
99.7548
99.8381
99.8296
99.8079
99.8418
99.8204
99.8671
97.5696
99.8496
99.9496
99.874
99.7782
99.7956
96.499
96.6385
99.84
99.8418
99.8271
99.8475
99.9635
99.8125
99.874
99.7904
98.2215
99.8144
99.8586
99.952
99.8528
99.8775
99.9427
99.8876
99.8078
99.8853
97.4285
99.9085
99.9191
98.1674
99.8236
99.8452
99.9143
99.9293
99.8328
99.9141
99.931
99.8483
99.8426
99.8407
99.838
99.9134
99.7883
99.8274
99.8664
99.628
99.8866
99.8474
97.7101
99.9043
99.8246
99.8108
99.8873
99.8701
99.8475
96.9788
97.5911
99.9434
99.9092
99.841
99.958
99.9399
99.9083
99.8471
97.7665
96.9305
99.9397
99.8852
99.8144
99.7379
99.9397
99.784
99.8325
99.793
97.5891
99.6771
99.8372
97.0069
99.9347
99.9891
99.9135
99.7732
99.8416
97.652
99.8721
99.7606
99.8858
99.9459
99.8886
96.6131
99.9033
99.863
97.4837
97.6212
99.8372
99.8338
99.8085
99.7893
99.943
99.9804
99.8601
99.8128
99.8329
99.8679
99.9298
99.8619
99.9164
99.8807
99.8854
99.8169
99.9501
99.8873
99.8737
99.8376
99.8395
96.9753
99.8784
99.9714
97.5509
96.5206
99.8471
99.9238
99.8568
97.4757
99.9369
99.743
97.5339
97.8566
99.8326
99.9598
99.8128
99.9186
97.0587
99.8395
99.9307
97.6903
99.8562
97.5285
99.6777
97.5731
97.7187
99.8963
99.9539
99.8024
99.7233
97.755
99.7778
99.9688
99.8734
98.8803
99.9386
99.8683
99.8579
98.1406
99.8884
99.9002
97.6059
99.8599
97.5098
99.9428
99.7783
99.6234
99.8556
99.952
96.4738
99.9377
99.7465
99.8458
99.9389
99.9686
99.8264
99.8956
99.8569
97.6611
99.7688
96.8353
99.8183
99.8368
99.9222
99.7688
99.8708
99.8479
99.9407
99.838
99.923
99.8797
99.8344
99.9214
99.9026
99.8628
97.6579
96.5389
99.9482
99.83
99.8765
99.8486
97.3893
99.8913
99.9784
99.8103
96.951
99.8295
96.6533
99.9369
99.7192
99.8244
97.7529
97.6862
99.8804
99.8344
99.7708
99.8845
99.8897
99.8458
99.948
99.9278
99.8505
97.7147
99.8992
99.8353
99.8865
99.8895
99.8297
99.8696
99.7467
99.8735
99.8914
99.8312
99.8222
99.9776
99.8375
99.6628
97.5768
98.2076
99.85
99.9309
99.9159
99.8513
99.8289
99.7126
99.8282
99.8767
97.6185
99.8538
99.8356
99.8507
96.8791
96.6727
99.8887
99.8916
99.8768
99.8354
99.7375
99.9327
97.5614
99.8487
99.8917
99.8345
99.6974
99.7826
99.9619
99.8414
99.8175
99.8912
99.7663
99.6956
99.8887
99.8462
99.8482
99.9109
99.9408
99.9363
99.827
99.8733
99.7915
99.8548
99.8719
99.8327
99.7721
99.7966
99.9009
99.9688
99.8358
99.8476
99.845
99.8125
99.8889
99.8359
99.8888
99.8205
99.9422
99.7783
96.6732
99.7193
99.863
99.8176
99.8064
99.8416
99.8316
99.9364
99.8453
99.844
99.7944
99.9414
99.8388
99.8383
97.5508
99.8561
96.6618
99.8565
99.7521
99.8143
99.6875
99.8465
99.8722
99.907
99.7332
99.9853
99.6549
99.8374
99.8475
99.908
99.8393
99.896
97.7152
99.9306
97.6316
99.8762
99.7889
99.7668
99.9112
99.9068
99.8819
99.7908
99.9484
99.8697
99.9424
99.8588
99.864
99.8384
99.7376
99.8433
97.6675
99.8374
96.5512
96.6319
99.7629
99.8071
96.5974
99.9601
99.9646
96.8787
99.8937
99.9693
99.7066
99.9104
99.8559
99.7346
99.8908
99.8407
99.8479
99.8998
99.7696
97.6057
99.9705
99.8765
99.9122
99.9128
99.8027
97.6702
99.8703
99.8808
99.858
99.9294
99.7599
99.8821
99.8626
99.9306
99.8274
99.7238
99.8532
99.9345
99.8635
99.9586
99.8178
99.8114
99.9542
99.8234
99.8935
99.8502
99.7446
99.9582
99.7785
97.6114
99.8848
96.621
99.8607
96.64
99.6812
99.8399
99.866
99.9462
99.8619
99.8565
97.6887
97.6086
99.8849
99.9624
99.8282
99.9594
99.9612
99.9062
99.8706
99.8422
99.8688
99.9466
99.7878
99.9401
99.9603
99.8725
99.8244
99.8081
99.8201
99.8752
99.8495
99.9164
96.5567
99.8462
99.873
99.8513
99.881
96.6243
99.9253
99.8567
99.7727
99.8854
99.7821
97.7184
99.8536
99.8727
99.9327
99.8897
99.8909
99.8269
99.9151
99.8943
99.8174
99.9829
99.9013
99.7654
99.7765
97.0261
99.8217
96.5807
99.7305
99.8982
99.8843
97.6195
99.8293
99.8408
99.8134
99.8858
99.9077
99.8773
99.8557
99.8607
99.9661
99.8469
99.8977
99.9719
99.8213
97.6378
99.9022
99.8172
99.8594
99.864
99.8949
99.8492
99.8636
99.8685
99.9028
99.9394
99.9215
99.8277
99.8467
97.7027
99.7336
99.8336
97.5788
99.9504
99.8427
99.9588
99.7587
99.9309
99.8583
99.8621
99.8994
99.9271
97.613
99.7562
99.8468
99.7454
99.8532
99.9685
99.7308
99.807
99.7886
97.7839
99.9049
99.923
99.9027
99.8708
99.9006
99.9816
99.8681
99.8603
99.8522
99.9075
99.9479
99.8276
99.9003
99.8593
97.7816
99.855
99.9599
99.8559
99.8704
99.8366
99.9228
99.8938
99.8523
99.8732
99.7916
97.6113
97.5274
99.8762
99.8886
99.8644
99.8631
99.8665
97.8009
97.5937
99.8956
99.9196
99.7887
99.8953
99.872
97.6496
98.2009
99.8974
99.8001
99.8662
99.7256
99.876
99.8171
99.9257
96.6238
99.9443
99.8935
99.792
99.8676
99.9802
99.9875
99.9326
99.8266
99.8225
99.799
99.8309
99.8316
99.8474
99.8602
99.878
99.8151
99.9345
99.8775
99.8074
99.8391
99.8367
97.5942
99.8916
99.9323
99.8707
99.9774
99.8247
99.9027
99.8791
99.9492
99.9166
99.8443
99.8401
99.8882
99.8527
99.9236
99.9106
99.8417
99.9072
99.8494
99.865
99.8437
97.6209
99.8896
99.8851
99.8855
99.8915
99.8873
99.8336
99.865
99.8121
99.817
99.7151
99.9582
99.8649
99.828
99.8439
98.3147
99.9418
97.4803
99.84
99.9638
99.9126
99.8725
99.9379
99.8744
99.8808
99.8968
99.8701
99.9169
99.8065
99.8214
99.7801
99.8567
97.6539
99.8396
99.8895
96.6385
99.8873
99.8583
99.9015
99.8195
99.8054
97.5984
99.8229
99.8674
96.9643
99.8366
99.927
99.8594
99.8842
99.9242
99.8744
99.8507
99.8154
99.8522
96.5238
99.8177
99.9612
96.8711
99.9474
97.7442
99.8644
96.9924
99.8424
99.8503
97.6407
99.8786
99.9608
97.8849
99.8526
99.9224
99.7964
99.818
99.9569
99.8866
99.9426
99.882
99.88
99.8368
97.5556
99.9437
99.9277
99.8716
99.9197
99.772
99.828
99.8349
99.8363
99.8636
99.8104
97.7635
99.7227
99.8284
99.9539
99.8661
99.7735
99.8486
96.6757
99.8076
99.8301
99.8766
99.9287
97.5759
99.8352
99.9071
99.8885
99.8031
97.8293
97.6689
99.8103
96.5415
99.9304
99.9579
99.8881
99.725
99.883
99.8778
99.9033
99.895
99.946
97.6483
99.7542
99.9129
99.9157
99.8457
99.8082
99.9231
99.845
99.8289
99.7032
96.9998
99.8485
99.8853
99.7996
99.8677
97.7483
99.8494
99.866
99.8099
99.8547
99.8756
99.8962
99.9833
99.8218
99.9902
99.8601
99.8424
99.8985
99.9796
99.8225
97.7035
97.537
99.8636
99.8554
99.8152
99.9654
99.8581
99.9759
99.8867
97.5727
99.8766
99.8482
99.7349
99.8716
99.8754
99.8939
99.8508
96.8956
99.8278
97.4233
99.875
99.8439
99.9077
99.8581
97.7327
99.7675
99.9495
99.9099
97.4374
99.8192
99.7176
99.8705
99.8076
99.7051
99.8349
99.9426
99.8583
99.8602
99.7866
99.8248
99.9316
99.8437
97.5977
99.9599
99.8758
99.9598
97.6328
99.9036
99.8958
99.9251
99.8321
97.7293
99.9582
99.8829
99.8236
99.7646
99.9145
99.722
99.7721
99.942
97.6972
99.7973
99.8942
96.5712
97.6464
99.9883
99.8326
99.8289
99.7524
99.8532
97.5788
99.7618
99.8301
97.5739
99.8855
99.9477
99.8589
99.856
99.9171
99.781
99.9042
99.8665
99.9137
99.8898
99.8463
99.8136
99.7807
99.931
99.8402
99.8438
99.8829
99.9151
97.6461
99.8899
99.8653
99.8367
99.8822
99.8257
99.8987
99.8939
99.8434
99.8182
97.5273
99.8386
97.5282
99.9283
99.9648
98.1044
99.8807
99.8607
99.8371
99.8235
99.8804
99.8816
99.8491
99.8283
99.824
99.8886
96.8795
99.8292
99.8387
99.9743
97.7028
99.8174
99.9178
99.8406
99.8945
99.7368
99.7384
99.8344
99.8389
99.9505
99.9647
99.772
97.629
97.6486
99.8818
99.8712
99.8527
99.7906
99.8774
99.9429
99.9045
99.9226
99.8027
99.7871
96.5857
99.8545
99.8523
99.8167
99.8374
99.7469
99.9153
99.9619
99.8187
99.8982
99.835
99.8322
99.8316
99.8736
99.6604
99.9631
99.847
99.8034
99.8803
99.9146
99.8568
99.8985
99.8401
99.8404
99.8608
99.8918
99.8305
99.8996
99.8004
99.9127
99.8481
99.8346
99.8915
99.8467
99.8399
99.8296
97.683
99.9688
99.7995
99.7922
99.8233
99.8235
99.857
99.8316
99.8569
99.7511
99.8111
99.9182
99.8638
99.8627
99.9406
99.893
99.7756
99.7247
99.9119
99.9638
99.8747
99.8425
99.8851
99.8613
96.6586
97.61
99.8902
99.7962
99.8764
99.964
99.8269
97.4823
99.6502
99.9716
99.863
99.7897
99.8921
99.9076
99.9734
99.9247
99.8886
99.8767
99.9001
99.8017
97.7351
99.8389
96.5569
99.96
99.8589
99.9326
99.907
99.8791
99.95
99.8802
99.8564
99.9546
99.9342
99.8278
99.8953
99.8459
99.8306
99.8587
99.8354
99.8967
96.5658
99.8288
96.7036
96.654
99.8238
99.8134
99.8053
99.9215
96.6274
99.9669
99.8628
99.8179
99.8169
99.7292
99.7907
99.8414
99.8502
99.9439
99.7944
97.6306
99.8129
97.6804
99.8198
99.8446
99.9061
99.8186
99.792
99.8245
96.5769
99.9509
99.9127
99.9367
99.9122
99.8606
96.9502
99.7916
99.844
99.848
97.7954
99.8541
99.8327
97.5874
99.8506
99.9371
97.7772
96.6311
99.9334
99.905
99.9518
97.7195
99.8114
97.6128
99.9443
99.7756
96.6081
99.7682
99.8467
99.891
99.854
99.776
99.8783
99.9246
99.9135
99.7953
99.7845
99.8659
97.6655
97.6141
99.8278
99.7527
99.9146
99.9849
99.8576
99.8743
99.8481
97.7224
99.8891
99.8368
97.539
99.8488
99.8322
99.9525
99.9149
99.9622
99.8505
99.8994
99.85
96.5891
99.8611
99.9344
99.8683
99.9684
99.8624
99.7864
99.9118
99.8554
99.8609
99.7809
98.2827
99.9516
97.5931
99.9609
97.6191
99.9
99.9688
99.8294
97.6806
99.8741
97.6385
99.8293
99.8859
99.8587
99.8942
99.8351
99.7174
97.7547
97.6172
99.9591
99.8428
99.9142
99.8524
99.898
99.8891
99.8283
99.8463
99.8912
99.7471
96.5953
96.895
99.7599
99.8833
99.9184
99.8857
99.7876
99.9779
99.8319
96.6304
99.9262
99.771
99.838
99.8345
99.799
99.855
99.8826
99.8748
99.8789
99.89
97.4054
99.8344
97.6603
99.7493
99.9447
99.8958
99.812
99.8621
99.8668
99.8337
99.7489
97.498
99.8453
99.9399
99.993
99.9377
99.8617
99.926
99.845
96.5929
97.5721
99.7776
96.8782
99.6634
99.8499
99.8524
99.871
99.8673
99.6635
99.8943
99.8708
99.8022
99.9557
99.8546
99.9612
99.8597
99.8706
99.7728
99.8989
99.8657
99.8768
99.8978
96.7003
99.8431
99.8325
99.8618
99.8259
99.7469
99.8775
99.8391
99.8711
97.6223
97.5489
99.9331
99.8765
99.8908
99.9819
99.8362
97.3079
99.8681
99.8786
99.8605
99.673
99.8401
99.927
99.9078
99.9181
99.8278
97.7397
99.8871
99.7825
97.7015
99.8807
99.8738
99.8942
99.8584
99.8536
99.9204
99.8896
99.863
99.963
97.5772
99.8353
99.8299
99.924
99.9294
99.9486
99.8569
99.9769
99.9689
99.876
99.8944
99.8564
99.8805
99.8966
99.8902
99.8813
99.8874
97.6338
99.7746
97.6672
99.8593
99.9029
99.8601
99.9863
99.8293
96.5979
99.8455
99.8437
99.7984
99.8434
99.8242
99.9387
99.8779
99.8181
99.9239
99.8799
96.5286
99.8341
96.9139
97.6019
99.8679
99.9105
99.8634
99.8841
97.7399
99.9139
99.9421
99.9284
99.794
99.8953
99.8913
99.8948
99.9459
99.9174
97.5443
99.8329
99.9741
99.8116
99.7806
99.8882
99.8699
99.8551
99.9128
97.7776
99.8471
96.5946
99.8042
99.8724
99.8424
99.9511
96.4779
97.4968
99.8296
99.8373
99.8782
99.8607
99.9607
99.8707
99.8883
99.8714
99.9807
99.8615
99.8826
99.88
99.935
99.9403
99.6641
99.8562
99.8308
99.8606
99.8894
99.946
99.8661
99.9191
97.7894
99.8761
99.86
99.8337
99.9605
97.7225
99.842
98.1443
99.8176
97.6767
99.8392
99.8615
99.7638
99.9492
99.9345
99.8631
99.7972
99.8788
99.8249
99.7997
99.7631
99.8581
99.8585
97.5188
97.8114
96.6286
99.9254
96.7045
97.7604
99.8698
99.9686
97.6274
99.7875
99.696
99.9285
99.9224
99.879
99.8422
99.8164
99.8186
99.9104
96.5728
99.876
99.8355
97.6757
99.9536
97.5161
99.902
97.6081
99.8557
99.8928
97.6759
99.9214
99.9176
99.8745
99.8326
99.8798
99.8988
99.8718
98.2505
99.8466
99.8214
99.9497
99.9437
99.8752
99.9478
99.8977
99.9321
99.8556
99.8557
99.8212
99.8209
99.9478
99.853
99.9053
99.9911
99.8626
99.9238
97.6028
99.8667
99.9306
99.8386
99.8721
99.7911
99.6566
99.9518
99.8536
99.8404
99.8677
97.6319
97.5594
97.5669
99.8406
99.859
99.8442
97.554
99.8615
99.7228
99.7787
99.821
99.884
99.8995
99.8726
99.8746
99.8492
96.4881
99.83
99.9463
99.8519
99.9086
99.7366
99.8225
97.6199
97.5986
99.9044
99.8247
97.4378
99.8123
99.86
99.8819
99.9679
99.818
99.9161
99.8504
97.6203
99.7943
99.9571
99.9023
99.8033
99.7758
99.8324
99.8283
99.8279
99.9665
99.9735
99.844
99.8301
99.8862
99.9924
99.7363
99.9351
99.8628
99.8023
99.8446
99.8153
96.7388
99.8607
99.9347
99.8863
99.9168
99.8668
97.4216
97.5684
99.9147
97.6938
99.925
99.8349
97.336
99.9574
99.9105
99.7895
99.878
99.8623
99.8218
99.9018
99.9542
99.8518
99.947
99.8794
99.8859
99.8182
99.8063
99.8685
99.7856
99.9238
99.8695
99.9065
99.757
99.7858
99.8626
99.8639
99.8448
97.6066
99.8582
96.845
99.8557
99.8375
99.9012
99.9032
99.7812
99.8421
99.8829
99.8799
99.9072
99.9434
99.9778
99.7865
99.8308
99.8702
99.9394
99.861
99.7882
99.6396
99.7491
99.8266
99.9316
99.8898
97.6511
99.8508
99.9739
99.8511
97.6962
99.7409
99.8479
99.8313
99.8819
99.9135
99.8501
99.9221
99.9872
99.8436
99.8928
99.8558
99.8693
99.7857
99.8415
98.1315
99.8439
99.8971
99.7965
99.757
99.8895
99.9246
99.8452
99.8493
99.7459
99.8874
99.8483
99.8563
97.5976
99.8608
99.8935
97.6634
99.8194
99.8661
96.576
99.93
99.9366
99.8355
99.8703
99.8542
99.823
99.8348
99.8827
99.8562
99.8724
99.9759
99.8588
99.8631
99.8645
99.8111
99.8311
99.7616
99.8955
97.5185
99.9131
99.8496
98.188
99.9222
96.9398
99.8448
99.8509
98.1139
99.8791
99.7871
97.5024
99.7816
99.8072
97.6171
99.7513
99.9244
99.7273
99.9007
99.9377
99.8292
99.842
99.8587
99.8179
97.1307
99.8713
99.8873
99.8218
99.9279
97.5972
99.8935
99.8529
99.8291
99.8603
99.9585
99.8495
99.9539
97.6447
99.8278
99.8914
99.9074
99.8021
99.8429
99.824
99.9254
99.8714
99.7752
99.8822
99.8623
99.8144
97.5403
99.8094
99.8772
99.857
99.8792
99.8591
97.7272
99.8275
98.4215
99.8712
99.7735
96.5975
99.8903
99.8186
99.8524
99.8401
99.8964
99.8567
99.8403
99.9012
97.6264
99.6853
99.8279
99.8762
99.8248
99.844
99.8279
97.7197
99.8645
99.7947
99.9016
99.792
99.8605
99.8169
99.8922
99.837
99.7915
97.6774
99.8648
99.8697
99.8305
97.6543
99.8714
99.8998
99.9676
99.8497
96.6484
99.9689
99.8962
99.8565
99.8405
97.5945
99.8715
99.9163
99.9509
97.6184
99.8869
99.9088
99.8353
99.7956
99.8248
99.8958
99.7561
99.8903
99.8144
99.8781
99.8591
97.64
99.9808
99.8512
99.8144
99.8819
99.9135
97.6309
99.793
96.4721
99.8176
97.681
99.9069
99.7515
99.9056
99.9624
99.7848
96.5244
99.8803
99.8135
99.9322
99.8941
99.8766
96.5895
99.859
99.9882
99.9143
99.8692
96.593
99.7883
99.8162
97.6924
99.7417
99.8362
99.8557
99.7862
97.613
99.8035
99.8791
99.9347
97.7944
97.6236
99.9334
97.5398
99.7697
97.5927
99.9427
99.9309
97.6062
99.7923
99.8628
99.89
99.9829
99.819
99.7984
99.8523
99.7838
99.8699
99.8514
99.797
97.5802
99.9723
99.8612
99.9298
97.4956
99.7512
99.8624
99.894
99.9539
99.9036
99.9221
99.9677
99.9659
97.8223
98.227
99.9256
99.9071
99.9473
99.8896
99.9439
99.8023
99.8715
99.8806
99.8445
99.9846
96.6165
99.8825
99.8671
99.8088
99.9091
97.7722
99.893
99.8936
99.86
99.9386
99.8403
99.9885
99.8074
99.9476
99.8454
99.8579
99.9832
99.875
99.8175
99.8297
97.6427
99.8013
99.8047
99.897
98.1688
99.8187
99.9184
99.855
99.8992
99.8378
99.8719
99.8988
99.8548
99.8007
97.4818
99.8107
97.5499
99.9462
99.7755
99.9349
99.8331
99.8989
99.8804
99.8582
99.8886
97.5597
99.8816
99.9412
97.6533
99.8842
99.8115
99.896
99.8206
99.8363
99.9948
99.8828
99.889
99.8076
99.8875
99.8738
99.8176
99.8036
99.9023
99.979
99.8732
99.8812
99.8808
99.8365
99.84
99.8704
99.7651
97.654
99.7993
99.8254
96.6023
99.9452
96.6811
97.5241
99.6912
99.8393
99.8749
99.8588
99.8601
99.8434
96.6108
99.8556
99.9527
99.8499
99.8694
99.9186
99.8391
99.8251
99.9118
99.8678
99.897
99.8671
99.8902
99.7458
99.9098
99.8109
96.6026
99.8926
99.8997
99.9425
99.9954
99.9305
99.8927
99.8292
98.2255
99.8828
96.5734
99.8512
99.8729
99.7504
99.8679
99.8479
99.8899
99.9645
99.83
99.8306
99.8871
99.8784
99.965
99.897
99.858
99.8558
99.8363
99.8761
97.0172
96.7159
99.8972
99.9068
99.9069
99.8623
99.8721
99.865
99.7341
99.8429
99.9639
99.9289
99.7694
99.8944
96.6771
99.8444
99.9842
99.9793
99.8483
99.8729
99.9127
99.8689
99.7602
99.8811
99.8237
99.853
99.8236
99.916
97.664
97.6333
96.4545
99.9194
99.9088
99.9746
99.8469
99.8746
97.7212
99.7233
99.8651
99.5805
99.8989
99.8542
99.8469
99.8199
99.9328
99.8237
96.4479
99.8951
99.9134
99.8296
99.7062
99.9017
99.9036
99.9199
99.8942
99.89
97.6761
99.9064
99.8156
99.917
99.8965
99.7878
99.8585
99.8907
99.9758
99.8255
99.8262
99.8689
97.5969
99.824
99.9222
99.8841
99.883
99.9471
99.8267
99.9229
99.7113
99.8602
97.542
97.8392
99.8984
99.9375
99.8848
97.4464
99.884
99.8969
99.8416
97.6229
99.9448
99.8862
99.8122
99.8277
99.7844
99.8403
97.5338
99.6784
99.8224
99.9167
97.6925
97.853
99.9726
99.858
99.8147
99.8303
97.5715
99.8985
99.8602
96.5937
99.9209
99.8255
99.813
99.7836
96.6554
99.9052
99.8433
96.6766
99.8944
99.8428
99.8289
99.8639
99.8762
99.923
96.6565
99.8837
99.8202
99.9578
97.5689
99.82
99.8106
99.849
99.8516
99.9204
97.6496
99.8942
99.9259
99.833
99.946
97.0287
99.7589
99.9615
99.7853
99.8663
99.9011
99.8163
99.8542
99.7016
99.8666
99.8405
99.9582
99.9421
99.8678
99.8896
99.8918
99.9372
99.9164
99.8676
99.9189
99.8312
99.9797
99.9028
97.5859
99.8746
99.7902
99.8284
99.8775
97.4607
99.836
99.8669
99.8739
99.8297
99.8055
99.7953
97.7604
99.9034
99.767
99.8153
99.8784
99.8242
99.9003
99.8049
99.9026
99.8449
99.9004
99.9962
99.8027
97.6619
97.7771
99.9461
99.8243
97.6875
99.8931
97.6242
99.9124
99.958
96.5831
99.7691
99.9499
99.8559
99.9691
99.9457
96.6638
99.8694
99.7789
97.8253
99.8996
99.9035
99.8696
99.9089
99.7419
99.8669
99.8579
99.739
97.6413
99.7111
99.7307
99.9165
99.9849
98.2241
99.9347
99.8425
99.9615
97.4692
98.1752
99.7475
99.8956
99.9277
99.9629
99.8828
99.9113
97.7415
99.8821
99.7384
99.9781
99.8814
99.8694
99.8329
99.9127
99.881
99.836
99.8449
99.9302
99.86
99.9144
99.9058
99.9532
99.8422
99.931
99.8092
99.9698
99.9926
99.9015
99.8594
99.8944
99.9599
99.9023
99.839
99.9222
99.9927
99.8329
99.815
99.8349
99.8036
99.909
99.8053
99.7693
99.885
99.7896
99.913
97.3599
99.8691
99.8094
99.8217
99.8085
99.8191
96.6472
99.8342
99.9591
99.8573
99.8831
99.8981
99.7347
99.9313
99.8516
96.6858
97.8017
99.8654
99.8019
99.8441
99.9025
97.4852
99.8849
99.8874
99.951
99.8689
99.8922
99.8918
99.7436
99.8576
97.6061
99.9236
99.7471
99.8894
99.8163
99.909
99.8161
99.8399
99.8781
96.6842
99.9094
99.889
99.6082
96.6365
96.7017
99.9475
96.5152
97.7448
99.8672
99.7541
99.8767
99.9096
99.7142
99.8591
99.9135
97.5622
99.7624
99.838
99.8253
99.882
97.6815
99.9587
99.8512
99.9304
99.8463
99.8244
99.8555
97.4816
99.8419
99.831
98.1922
99.8789
99.9616
99.9389
99.9256
99.8775
99.8073
99.8074
99.996
97.712
99.8405
97.0953
99.8584
97.6775
99.9293
96.6491
99.9545
99.8335
99.9618
99.8233
97.6951
99.92
99.9387
99.9201
99.851
99.8337
99.8433
99.7534
99.9662
99.7346
99.973
99.8272
99.813
96.4949
99.8499
99.7864
99.8186
99.945
99.8954
99.9831
99.7332
99.8737
99.8165
99.7835
99.9327
99.8522
99.899
99.8868
98.2126
99.801
99.8165
99.7293
99.8516
99.98
99.8351
99.8415
99.8377
96.5612
99.8212
99.7249
99.7794
97.5974
99.8487
99.8954
99.9057
99.7451
99.9244
96.5551
99.8342
99.8556
99.8945
99.6958
99.9639
99.7418
99.8751
99.8216
99.8052
99.8568
99.8171
99.9367
99.6464
99.815
97.6471
99.8328
99.9127
99.9145
99.8902
99.9139
99.895
99.8472
97.629
97.7457
99.9148
99.8745
99.8874
99.9571
99.9564
99.8676
99.8077
98.2249
99.9077
99.8127
99.8634
99.8012
99.8707
99.8246
99.9625
99.9116
99.784
99.8573
99.859
99.8308
99.8015
99.9016
99.789
99.8899
96.4833
99.8712
99.8781
97.576
97.7347
99.8868
97.702
99.8049
99.878
99.8547
99.9034
99.9683
99.8642
99.9687
99.8483
99.9036
99.8469
99.8527
99.8611
99.9674
99.9628
99.8824
99.8406
99.9559
99.9352
96.9011
99.9325
99.8872
99.9306
99.8477
99.8854
97.6521
99.8172
99.8171
99.736
96.5319
99.8857
97.6752
99.909
99.9155
99.9091
99.9895
99.258
99.8473
99.8306
97.6301
99.8303
99.876
96.5165
99.7071
99.81
99.8525
99.9272
99.861
99.8405
99.879
99.8188
99.8783
99.9823
96.7768
99.8184
99.9081
99.8976
97.6775
97.7213
99.8653
99.8464
99.8404
99.9487
99.888
99.8971
99.8701
99.9153
99.8682
99.8945
99.8941
99.824
99.9017
99.8343
99.8124
99.8523
99.9317
99.8691
99.6792
99.7965
99.7634
99.7568
99.8529
99.8886
99.8599
99.8646
99.8752
99.9754
99.8043
99.8653
99.9646
99.7917
99.8102
99.7503
99.7851
99.8197
99.8435
99.9506
99.8528
99.857
99.8947
99.8941
99.856
99.8798
99.8866
99.8131
97.7282
96.4549
99.8431
99.9379
96.5776
99.8751
99.9664
99.7905
99.8677
99.6889
97.5025
99.8739
99.9272
99.904
99.9657
99.8743
99.9484
99.8778
99.927
99.827
97.6829
99.8203
99.8581
99.8579
99.8113
99.8255
99.8711
99.8402
97.8442
99.8978
99.9393
99.8708
99.8426
99.9121
99.8165
99.8753
99.8295
99.6561
99.9196
99.9527
99.6944
99.8287
99.8446
99.8199
99.7569
99.8159
99.8402
97.5928
99.8827
99.8587
99.9141
99.7481
99.8991
99.7144
99.855
97.5302
99.7611
99.8535
99.8061
99.7217
99.8887
99.8734
96.7454
99.9399
99.8471
99.8733
97.4829
99.9378
99.7254
99.8727
99.8651
97.5701
99.8281
97.5527
99.8482
99.9492
99.8768
99.8129
99.8912
99.8312
99.8275
99.8392
99.8649
99.884
99.8113
99.9765
99.8709
99.8566
96.5868
99.8243
99.8107
97.0905
99.7944
99.8616
99.8257
99.8015
99.7917
99.8286
99.8766
99.9538
99.9322
99.8015
99.7259
99.8997
99.8299
97.4594
99.9142
99.8447
99.8391
99.91
99.9614
99.8625
97.5493
99.8452
99.757
98.1413
99.8468
99.8018
99.8799
99.7454
99.9054
99.7079
99.8103
96.7243
96.5518
99.9349
97.7257
99.9684
99.8575
99.81
99.802
99.8404
99.9343
97.5512
99.8844
99.8711
99.8585
99.8921
99.8367
99.7964
99.841
99.9524
97.618
96.941
99.8865
99.9079
99.8656
99.8374
97.6652
97.7959
99.9634
99.8277
99.9422
99.8118
99.8522
99.8799
99.9588
99.8188
99.838
99.8854
99.8666
99.7866
99.7812
99.7477
99.9072
99.9403
99.8253
99.8324
99.8777
99.827
99.7858
99.8725
99.7104
99.8879
99.7954
96.9174
99.8996
96.5831
99.8805
99.8746
96.5963
99.7996
99.824
99.8821
96.3923
99.8638
99.8653
99.8714
99.8197
98.0939
99.7377
99.9328
99.8372
99.8243
99.9421
97.4949
99.8546
99.8188
99.8834
99.7357
99.8988
99.8466
99.8505
97.5185
99.8532
99.8181
99.7324
99.7995
99.9078
99.9848
99.872
99.7512
99.7803
99.6812
99.8946
99.8857
97.711
99.7688
99.8391
99.778
99.8384
99.8205
96.7101
99.8583
99.9018
99.8421
99.8043
99.7187
99.9399
99.9477
99.9148
99.9093
99.8522
99.8065
99.8191
96.5847
99.8185
97.4936
99.8839
99.8968
99.8137
99.9285
99.8175
99.8606
99.9147
99.7949
99.9372
97.7279
99.9064
99.868
96.593
99.8504
99.8399
99.8479
99.8555
99.9002
96.3781
99.8111
97.5923
99.852
99.9262
99.7638
99.8599
99.9282
99.7964
96.7131
99.8686
99.743
99.8439
97.6228
99.6892
99.8319
99.9555
99.821
99.8089
97.6363
99.8794
99.8201
99.8663
97.7283
99.737
99.8913
99.7993
99.8069
99.835
99.8804
97.6651
97.752
97.6016
99.7816
99.708
99.8117
96.6164
99.9273
99.8747
99.909
99.8776
99.8244
99.849
99.8864
99.7979
99.9412
97.6449
99.8518
99.8365
99.8594
99.9392
99.8252
99.8061
99.8135
99.8641
99.8708
99.7112
99.7925
99.9101
99.8026
99.824
99.8707
99.7774
99.8711
99.8295
99.823
98.2126
99.7795
99.7711
99.8139
99.8526
99.8869
99.785
97.5462
99.8908
97.5918
99.8277
99.8361
99.8825
99.8224
99.7737
99.8684
97.6664
97.6916
99.7846
97.7035
99.8478
99.7553
99.8099
99.8748
99.6766
99.9021
99.8751
99.9131
99.7153
99.9354
99.8282
99.8189
99.9914
99.9392
99.8913
99.7744
99.8079
99.8738
99.9577
99.8363
99.7777
97.5978
99.8594
96.8493
99.7791
99.908
99.8064
99.8386
97.7566
99.859
99.8483
99.9091
99.9024
99.8924
97.6306
99.8929
99.7245
99.8673
99.9035
99.8074
99.7364
96.5931
99.8528
99.8093
99.9259
99.8585
98.262
99.7871
99.8618
99.8508
99.8451
99.9104
96.6501
99.9026
96.4424
99.827
97.5497
99.886
98.2053
99.8917
99.7489
99.8462
97.5284
99.6624
99.8565
99.8899
99.7024
99.7302
99.8931
99.8456
97.6641
99.8474
97.5565
99.8169
99.8493
97.6657
99.9553
99.8532
99.8345
97.4887
97.5677
99.7723
99.7779
99.7483
99.8683
97.4314
99.9311
96.6126
99.698
99.7757
99.8618
99.6955
99.8637
99.8768
99.8342
97.6049
99.9432
99.8545
99.8634
97.6576
99.8589
99.7959
99.8581
99.8503
99.8598
99.8136
99.7898
99.8709
99.878
97.5864
99.8459
99.7519
99.8491
99.8376
99.9088
99.8514
99.8811
99.7997
99.8846
99.8165
99.8264
99.9291
99.8025
99.8758
99.8352
99.8954
99.8593
99.8035
99.91
99.8966
99.8981
96.9286
99.9549
99.9363
99.8978
99.7218
99.8269
99.9107
99.8155
99.6408
99.873
99.9345
99.8959
99.8865
99.9216
99.9396
99.9089
99.9164
97.6932
97.5385
99.829
99.9095
99.9553
99.835
99.915
99.7765
99.7726
99.856
99.8015
99.9565
99.8205
99.8914
96.5311
99.8901
99.9126
97.5374
99.8421
99.8844
99.8453
99.8678
99.8071
96.5763
97.5667
99.9065
99.8674
99.8853
99.8122
99.6914
97.6939
99.7234
99.784
99.8012
99.8611
99.787
99.822
99.8857
99.871
99.8854
99.9805
99.8358
99.8029
99.8447
99.8186
99.8749
99.8477
99.8259
99.8355
96.5762
99.8032
96.593
97.7575
99.9004
99.9519
97.5345
99.8988
99.8781
99.8995
97.6185
97.6072
99.8497
99.715
99.926
99.8961
99.7343
99.8716
99.8168
97.6093
99.812
99.9376
99.9186
99.8659
99.841
99.8297
99.8475
99.7795
99.8777
99.841
99.9211
99.2292
99.8806
99.8387
99.7045
99.7337
99.8787
99.8042
99.8825
99.8196
99.875
99.8434
99.72
99.7886
99.9316
99.8513
99.9005
99.8475
97.6474
99.7835
99.9439
96.4326
98.1893
99.8945
99.8865
99.8903
99.9146
97.6228
99.8893
99.8886
99.7913
96.9282
99.9254
99.8518
99.9493
99.8248
99.8389
99.6947
99.8437
99.8513
99.9109
99.7448
99.8101
99.8708
99.9174
96.5622
99.8774
99.804
99.8324
99.8018
99.9185
99.8652
99.9521
99.9538
99.8815
99.8959
99.8799
99.8848
99.8513
99.8689
99.8853
99.7535
99.917
99.8857
99.8405
99.8844
99.8645
99.901
99.8636
99.8606
99.9026
97.6732
99.909
99.892
98.2143
99.8246
99.9686
99.8601
99.9554
99.8031
97.6009
99.9456
99.8886
96.8347
99.6782
99.8853
99.7703
96.6121
99.7417
99.84
99.8321
99.8107
99.9459
99.9089
99.9639
99.882
99.8677
97.7679
96.9264
99.8158
99.8689
99.8627
99.9349
99.8773
99.8645
99.9385
99.9732
99.8517
99.8695
99.8954
99.8417
99.9878
99.8781
99.8833
98.1367
99.8303
99.9062
99.8661
99.9451
99.7962
99.8505
99.7483
99.8619
99.8487
99.8321
99.9188
99.8284
99.8736
99.7972
99.9153
99.7706
99.8932
97.012
99.8906
97.6091
99.9304
99.9679
99.8468
96.5304
99.739
99.9517
99.8754
99.8445
99.8609
96.9252
99.9002
99.884
99.8987
97.7697
99.7313
99.8436
99.8635
99.8063
99.8813
99.9211
99.7664
99.8957
99.8452
99.8861
99.8461
97.7457
99.8631
99.8444
96.4599
99.887
99.8951
97.6471
99.8193
99.8875
99.8614
99.7737
99.8642
96.4874
97.761
97.8524
99.8743
96.464
99.8717
99.8566
99.8108
99.7788
99.8557
99.923
99.908
99.8892
99.8131
99.8297
99.8494
99.7124
99.8391
99.8596
99.7571
99.8833
99.8579
99.9292
99.8215
96.4926
96.7527
99.876
99.9272
99.8713
99.9171
99.804
97.7501
97.6241
99.8555
99.8235
99.8598
99.791
99.8833
99.7678
99.8423
99.8295
99.8304
99.8897
99.8301
99.7878
99.9401
99.8173
98.1426
99.8592
99.8494
99.8841
99.8924
99.8523
99.7558
99.8713
99.7886
99.9023
99.7728
99.8971
99.8366
99.7537
99.7853
99.8245
99.7342
99.8644
99.9131
99.9271
99.8845
99.9426
99.8726
99.9091
99.8578
99.7599
99.8815
99.8588
99.7785
99.8278
99.8136
99.8184
99.8598
99.873
99.8736
99.8436
99.8704
99.8343
99.8239
99.8293
99.8602
99.8938
99.8289
99.8673
98.2818
99.9391
99.7381
99.8245
99.8671
99.8426
99.9824
99.8205
99.0095
96.9084
99.864
99.9069
97.8123
99.8671
97.5972
99.8934
99.8386
99.8851
99.8565
97.5965
99.8281
99.9497
99.8207
97.5558
99.8556
99.822
96.9547
99.9091
99.8267
99.758
99.9053
99.8436
99.8789
99.7713
97.589
96.4743
99.8146
99.8408
99.9004
99.8385
99.7869
99.8823
99.8752
99.8048
99.8462
99.6854
99.9034
99.9308
99.8961
97.564
97.5666
99.8414
96.6454
99.8499
99.8904
99.8241
99.8876
99.7247
99.8354
99.8169
96.5775
99.8969
99.8453
99.8707
99.8354
99.8009
99.7744
99.8419
99.8681
99.8894
99.8487
99.9707
99.886
99.8541
96.5794
99.9084
99.8482
99.8444
99.8171
99.7964
99.8329
97.753
99.8894
99.867
99.952
99.9419
99.8496
97.6864
99.6784
99.8193
99.8798
97.5381
99.8546
99.8221
99.8869
99.8361
99.8176
96.5396
99.9315
99.9487
99.873
99.8079
99.8198
97.7138
99.8722
99.9082
99.8363
99.9799
99.9364
97.5566
99.8576
99.8408
99.8898
96.687
99.8725
99.8514
99.8718
99.8549
97.5802
99.8242
99.8549
99.8595
99.8089
99.9604
99.7669
99.8388
99.9049
99.8445
99.8559
99.8797
99.8398
99.8831
99.8377
99.7603
97.6709
99.8721
99.8194
99.8534
99.9129
99.8299
99.9393
99.8865
99.7628
99.8928
99.7614
99.9106
99.823
99.9599
96.505
97.6757
99.8738
99.8465
99.8627
99.8866
98.1516
99.882
99.8322
99.8106
99.7595
99.8098
99.9046
99.8533
99.8675
99.8331
99.9122
99.8651
97.6674
97.7766
99.7714
99.9494
99.9527
99.857
97.6393
99.9288
96.4359
96.6473
99.657
99.8637
99.7402
99.8967
99.8702
99.7732
99.8215
97.5489
99.8653
99.8775
99.858
99.7819
99.7972
99.9356
99.8303
99.8393
99.9017
99.9364
99.8226
99.9246
97.5566
96.6786
99.89
99.8857
99.8964
99.8802
97.6955
99.8429
99.7894
99.8924
99.8738
99.7064
99.9215
99.9314
99.8679
99.931
99.9158
99.9217
99.9723
99.7717
99.882
99.8719
99.8337
99.9249
97.8253
99.8767
99.9052
99.7534
99.8265
99.9132
99.8763
97.6886
96.6343
99.6498
99.9588
99.8884
99.7605
99.8291
99.897
99.8469
99.8595
97.6531
99.9002
99.9823
99.8252
99.9219
99.9034
99.8679
99.9328
99.8081
99.8466
99.8247
99.8877
99.7886
99.8377
99.8749
99.8146
99.8526
99.9173
99.8333
99.811
99.9463
97.6046
99.8323
96.5054
99.9268
99.8306
99.7629
99.8399
99.8423
99.9928
99.8423
99.9291
99.8098
97.7756
97.7951
99.9086
99.8543
97.5654
97.8262
99.7979
97.5146
99.7795
97.7302
99.7713
99.8554
99.7762
99.8808
99.8171
99.9044
99.7857
97.6496
99.9063
99.9077
99.8595
99.8203
99.8778
99.9647
96.9742
99.9108
96.7321
99.8169
99.8138
99.948
99.8845
99.7958
99.8192
99.8567
99.8771
99.9086
99.8714
99.9294
99.8484
99.8699
99.8002
99.8481
99.9693
99.8788
99.6877
99.9278
97.6157
99.8572
99.8118
99.7934
98.2359
99.7836
99.8948
97.5274
99.8352
99.8365
99.8526
99.8327
99.8895
99.8914
99.805
99.9468
99.8903
99.8734
97.6285
97.5778
99.8253
97.8184
99.8251
99.7671
99.8581
99.9023
99.9203
99.8934
99.8428
99.8239
96.73
99.8239
99.7703
99.8401
99.9441
99.8527
99.8709
98.1686
99.8612
99.8926
99.9142
96.9645
99.8475
99.8481
99.8068
97.6756
99.8046
99.9186
96.6175
96.5324
99.8273
99.9678
99.8773
99.841
97.4715
99.8708
99.867
99.8175
99.9433
99.8509
99.8324
99.7572
99.9927
99.8271
99.8347
99.7142
99.8342
96.5282
99.8595
99.9014
99.9278
99.9484
99.8916
99.869
99.8376
97.7444
99.8859
99.9346
99.8697
99.8397
99.861
99.9671
99.891
98.1658
99.9125
99.8958
99.8876
99.8496
99.8431
99.7841
99.9297
99.9343
99.8881
99.9884
99.8717
97.4641
99.7872
99.8334
99.8603
99.8263
99.8848
99.8967
99.7948
97.5926
99.85
97.5568
99.7955
99.7118
99.8954
99.9005
99.8318
99.8408
96.5995
99.8706
99.8755
99.8717
99.844
99.829
96.5568
99.7989
99.8736
99.8613
99.8862
99.8181
99.8297
99.8671
99.9478
99.9332
99.9273
99.9127
99.8818
98.1343
99.8842
99.8491
99.8472
97.5513
97.5373
99.8587
99.9004
99.7461
99.87
99.7858
99.9328
99.8747
99.9024
99.7513
99.8729
99.8708
99.8008
99.9474
99.9091
99.9587
99.8398
99.8438
99.8645
99.7765
99.9909
99.8783
99.8009
99.8571
99.8584
99.8475
99.8992
99.9061
99.8707
99.7264
99.8348
99.8936
99.8681
99.9009
99.9598
98.2445
99.9546
97.5441
99.8438
99.7877
99.9824
97.7409
99.9594
99.7299
99.9376
96.6155
99.7556
99.8583
97.6462
99.9159
99.8681
99.8615
97.5983
99.8496
99.9061
99.8255
97.6136
99.8736
99.8724
99.7985
99.8863
99.9823
97.5269
99.8876
99.909
97.6743
99.8258
97.4536
99.7838
97.5158
99.8421
99.8726
99.8194
99.8755
99.8215
99.8736
99.8328
99.9281
99.865
99.8608
99.825
99.9184
97.6616
99.9098
96.6071
99.8518
99.8408
99.9104
99.8879
99.8588
96.67
99.9784
99.8991
99.8122
99.8503
99.9163
99.8528
99.987
99.8963
99.9072
96.6673
99.8621
97.0331
99.7821
99.884
99.8657
99.8814
99.7441
99.6229
99.7954
99.8014
96.5308
99.853
99.8574
99.816
97.677
99.8316
99.863
99.9054
99.8899
99.8404
99.9004
99.8737
99.8465
99.8792
99.9206
99.9193
99.9507
96.5349
99.9115
99.8611
99.7807
99.8611
99.857
99.9881
99.9284
99.8801
99.8692
99.89
99.8682
99.8974
99.8357
99.8944
99.9624
96.7683
99.8559
99.9717
99.9353
99.8431
97.4918
99.9777
99.8722
99.7731
99.7512
99.8957
99.919
97.743
99.8167
99.8034
99.7886
97.7808
99.96
99.7428
99.8336
99.786
97.5303
99.9519
99.9138
99.9909
99.878
99.8725
99.8963
99.8432
99.8865
99.8173
99.829
99.8845
99.8975
99.8369
99.9487
98.5199
99.9104
99.9531
99.8537
99.8172
99.8111
99.8827
99.8744
99.9132
97.6208
99.9319
99.8192
99.8064
99.878
99.8415
99.821
97.6697
99.8321
99.8569
99.9103
99.6707
99.8322
96.9417
99.8034
97.4216
99.7937
99.8162
99.9062
99.6413
99.839
99.8458
99.8827
99.8335
97.4369
99.9426
99.8199
99.7258
99.8492
99.9545
99.8742
99.8662
99.8324
99.9299
99.8893
96.6234
99.7165
99.8824
99.786
97.5704
97.6927
97.4975
99.8195
99.8662
97.4292
97.5769
99.7067
99.8271
98.158
99.8421
99.8231
99.8953
99.9399
99.8556
99.8462
99.8745
99.8748
99.8441
99.9298
99.8613
99.827
99.8519
99.8649
99.6865
99.7967
99.7944
97.6403
99.8744
97.6488
99.8424
99.8372
99.8455
99.9315
99.6345
99.8028
96.519
99.8504
99.9603
99.98
99.7916
99.6348
99.7868
99.8639
99.6913
96.9206
99.8936
99.7876
97.7606
99.877
99.8845
99.8095
99.7798
99.8776
99.8131
99.8962
99.8919
99.878
96.6598
99.8834
99.8167
99.8495
99.842
99.8821
99.8523
96.5999
96.9289
99.8281
99.7818
99.9177
97.5206
99.9036
99.7982
99.827
99.8697
99.8856
99.8659
99.8905
99.8921
99.8351
99.8332
99.8992
97.5084
97.5855
97.4642
99.8563
99.7041
99.8264
99.8723
99.8764
99.8943
99.9401
99.8841
97.6302
99.8008
99.8268
99.8367
99.8468
99.7034
99.8981
99.8148
97.5542
99.8778
99.8637
99.9148
99.7337
99.9177
99.7487
99.8547
99.8942
99.9565
99.8119
99.9684
99.8609
99.9185
99.8629
99.8496
97.6588
99.8502
99.8933
99.8482
99.7939
99.6915
99.862
97.5856
97.7275
99.8766
97.5387
99.8845
99.8575
99.8442
99.9118
99.9165
99.8585
99.8428
99.901
99.9843
99.8475
99.8537
97.549
99.7691
99.9098
99.9251
99.8997
99.7812
99.8777
99.7885
99.8313
99.9148
99.9119
99.8866
99.8315
99.7391
99.8525
99.8481
97.6145
99.8232
99.8793
99.8558
96.5383
97.5795
97.7618
99.9464
99.9003
99.9284
99.8136
99.8346
99.8501
99.9666
99.8408
99.861
99.8536
99.9448
99.9322
99.8894
99.8641
99.8507
99.9112
99.7185
99.8595
99.935
99.8472
99.8471
99.8738
96.5691
97.8524
99.9008
99.8782
97.8289
97.7257
99.9154
96.5521
99.856
99.8563
99.8205
97.6171
99.8968
99.8407
99.8586
99.8741
99.8801
99.8342
99.9735
96.497
99.8999
99.7497
99.8661
99.859
99.9292
99.9382
99.8871
99.8699
97.7644
99.8371
99.8469
99.8143
99.8823
97.5296
99.8943
99.8821
97.5655
97.5859
97.6631
99.8151
99.8748
99.9228
99.9029
99.8951
99.8974
99.8969
99.8678
99.797
99.9557
99.8912
99.8564
99.8817
99.8029
99.8697
99.8926
99.8864
99.7952
99.9413
99.7846
99.9318
97.5201
99.9293
99.94
96.976
99.8193
99.8518
99.8268
99.9927
99.927
99.7735
99.8997
97.6002
99.8908
99.8827
99.8581
99.7696
99.8405
99.8869
99.9047
99.8762
99.825
99.9892
99.845
99.8163
99.9027
99.7423
99.9038
97.6138
99.8277
99.7949
99.9409
99.8341
99.8479
99.8494
99.8414
99.8461
96.8662
99.9334
99.928
97.5829
99.8576
99.9186
99.7981
96.6235
99.8582
99.8059
99.8305
97.7931
99.9178
99.9047
99.8823
99.7174
99.8748
99.8766
99.8741
99.8381
99.954
99.9109
99.8943
99.9121
97.7133
99.9008
99.8981
97.554
99.8851
97.6918
99.8662
99.7597
99.8592
99.8446
99.8066
99.877
99.9117
99.8698
97.5862
99.9335
99.881
99.9897
99.962
99.7966
99.9155
99.6829
99.7948
99.8215
99.871
97.5994
99.8347
99.6907
97.5303
97.6906
99.8665
99.8334
99.8575
99.8299
96.8173
99.8579
99.856
99.9487
99.8437
99.8528
99.8695
99.9314
99.8725
99.859
99.6953
99.9312
99.86
99.9369
99.9448
99.8321
99.8777
99.6986
99.8324
99.9083
99.8294
99.8452
97.6334
99.8427
99.8577
99.8556
99.8475
99.8212
99.8596
97.5333
99.7046
99.8363
99.8985
99.9291
98.1162
99.8985
99.7689
99.7714
99.8544
99.6979
99.925
97.4869
99.9252
99.8416
97.6739
99.9944
99.7223
96.7006
99.8459
99.8569
99.8649
99.7119
99.9167
99.9475
99.8929
99.7987
97.6541
99.8898
99.9104
99.8432
99.8312
99.8067
99.8515
97.4856
99.8517
97.646
98.221
99.9317
99.8818
96.7663
97.7726
99.8985
99.8651
99.8357
96.7119
99.94
97.5454
99.8753
99.8858
99.897
99.851
99.9303
99.8059
99.7786
99.9551
99.8173
99.8842
97.7227
97.6824
97.7514
99.8295
99.9884
96.8049
99.8805
96.5282
99.655
99.8456
97.658
99.8691
99.8781
99.9424
99.912
99.8666
99.8346
99.8824
99.8348
99.8439
96.6429
99.7982
97.7679
97.6658
99.9154
99.8603
99.805
99.9192
99.8391
99.8595
99.7338
97.6678
99.9799
99.6588
99.96
99.9008
99.8113
99.8983
99.8697
99.8835
99.8514
99.9232
99.9055
99.86
99.9077
99.883
99.8318
99.8523
99.9653
99.9192
99.8727
99.8448
97.9236
99.9346
99.8481
99.6538
99.938
99.9847
99.6411
99.9663
97.6271
99.8297
99.8744
97.7766
99.8328
99.8807
97.6585
99.8768
99.8287
99.857
99.8733
99.8585
99.6455
99.7215
99.9035
99.8615
99.6518
97.5805
99.701
99.8545
99.8544
99.9186
99.8634
99.8564
99.7961
99.9133
99.8336
99.862
99.8602
97.6067
97.5256
97.6187
99.7562
97.5744
99.7789
99.8976
99.8691
99.7794
99.8869
99.9032
99.8229
99.9065
98.2591
99.8787
99.7968
99.8907
99.9087
99.8714
97.6959
99.8937
99.8822
99.8946
99.8544
99.8556
99.8826
99.9631
99.8938
99.8659
99.8274
99.8738
99.851
99.9686
97.5459
97.7245
99.8961
97.6837
99.8489
99.7709
99.8823
99.8339
99.8018
99.8689
99.8541
99.8192
99.814
96.4415
97.6255
99.9126
99.8416
99.8637
99.8815
99.8749
97.5795
97.5569
96.6065
99.7957
99.9145
97.5141
99.8836
99.8947
99.8432
99.9196
99.884
96.5996
99.9758
96.5546
99.764
99.9906
99.8826
99.8476
99.9683
99.9273
99.7789
99.8574
96.6646
99.8079
99.9914
99.795
99.9213
97.6127
99.9254
99.9215
97.7087
99.8675
99.8329
99.822
99.9179
97.7011
99.8531
99.7852
99.8368
99.8744
99.8772
97.6611
99.8777
99.7481
99.7914
99.8885
99.8365
99.868
99.8187
99.793
98.5164
99.8976
99.8479
99.9913
99.8185
99.9534
99.8353
99.8196
99.8782
97.5568
99.8413
99.8403
99.8746
99.8182
99.6745
97.7845
99.8678
99.8716
99.8478
99.8534
99.815
99.8662
99.8397
99.8405
99.8492
99.875
99.8265
99.8269
98.8373
99.868
98.1914
99.8422
99.8183
99.8866
99.8579
99.8507
99.7145
99.8191
99.8275
99.8366
99.8599
99.898
97.7413
99.8654
99.9109
96.8229
99.8379
99.8757
99.887
99.8198
99.7592
99.8125
99.89
97.5479
99.8332
99.9516
99.8316
99.8287
99.833
97.7345
99.8308
99.9226
99.6216
97.6193
99.8329
99.8021
99.9466
97.5785
96.5471
99.9546
99.9866
99.8491
99.9802
99.8976
99.9268
99.9031
97.5383
99.8727
99.8472
99.9713
99.7917
96.9497
99.9538
99.9215
99.7908
96.6168
99.9646
99.8363
99.8483
99.8421
99.8182
99.8356
97.6545
99.9622
99.8778
99.8297
99.8528
99.9799
99.8066
99.7712
97.6143
96.9262
99.7915
97.0181
99.921
99.924
99.8853
99.9005
99.8775
99.8045
99.8287
96.5841
99.8521
96.5571
99.8409
99.9868
99.9006
99.8294
99.8869
99.8732
99.7635
99.8316
99.7095
99.9222
99.8371
99.8854
97.7094
99.9045
99.8493
99.9028
99.9225
99.8783
99.9844
99.0077
99.8409
99.9372
99.8559
98.1189
99.8221
99.9072
96.6488
99.827
99.8414
97.5687
99.8724
99.9101
99.9261
99.8163
99.8321
99.9061
97.7321
99.8576
99.9577
99.6959
99.8525
99.8776
99.7273
99.9421
96.6943
99.8773
97.7085
99.8793
99.8001
99.9849
99.757
99.867
99.9339
99.8646
99.8431
96.5837
99.7178
97.8174
99.8624
99.8595
99.8191
99.8939
99.9573
97.7658
97.6847
99.9408
99.8347
99.9343
97.8292
97.6186
99.9134
99.7943
99.8716
99.8548
99.8887
99.822
99.8918
99.8206
98.6548
99.8592
99.8559
99.8933
96.9887
99.809
99.8646
97.0261
99.8469
99.8071
99.7973
99.8979
97.1796
99.8571
99.9743
97.4261
99.8253
99.8473
99.8418
99.8883
97.477
99.8977
99.8061
99.8665
97.5834
99.8598
99.8932
99.8431
99.8935
97.5481
99.94
99.9276
99.8578
97.7814
99.8452
99.8706
99.8913
99.859
97.7056
99.8281
99.9396
99.9138
99.7915
96.4699
99.8536
99.8602
99.8484
99.9199
99.6992
99.8369
99.8402
99.8841
99.7441
99.8539
99.9143
99.8647
99.8784
99.8532
99.8635
99.8727
99.8452
97.6533
99.916
99.8199
99.9274
99.7408
99.926
96.6341
99.9254
99.8635
99.9493
96.6361
99.7605
99.8927
99.8771
99.8203
99.9009
98.2127
99.8372
99.9399
99.8222
97.6443
99.88
99.8305
97.5042
99.8641
99.8837
99.9127
99.8156
99.8355
99.7297
99.8475
99.8708
99.8827
99.8193
99.961
99.848
99.8033
99.8502
99.8771
99.8408
96.5096
99.8819
99.8671
99.8643
99.7675
99.8444
99.9332
99.9522
99.8593
99.8613
99.8787
99.7912
99.8742
98.318
99.8514
99.8029
99.8776
96.9273
99.8503
99.8282
99.8348
96.5705
99.8783
99.8244
97.6809
99.9243
97.7013
99.8387
99.824
96.7385
99.8243
97.6466
97.5753
99.8607
99.9313
99.8698
99.8801
99.8629
99.8951
99.837
99.8042
99.8085
99.7085
99.7899
99.8861
99.8915
99.817
99.8637
99.7857
99.8731
99.8741
99.8356
97.4595
99.8177
99.8294
99.7418
97.6616
99.8713
99.714
99.8588
99.8141
99.8419
99.7762
99.9327
99.8647
99.8311
96.7211
99.8578
99.8999
99.8907
99.9079
99.8776
99.7865
99.8996
99.8355
99.8475
99.85
97.5443
96.6562
99.8983
99.9809
99.8877
99.7861
99.898
99.915
99.9586
99.7608
99.8876
99.7802
97.5726
99.903
99.84
99.8332
96.5813
99.8558
99.8734
99.9206
99.888
99.8357
99.857
97.8107
99.7679
96.6248
99.6644
99.8311
99.9221
99.8908
97.4945
99.8249
99.6644
99.9103
99.9444
99.8719
99.8535
99.8394
99.8564
97.663
99.8134
99.9284
99.8238
99.8835
99.9225
99.9354
99.683
99.838
99.7762
99.7998
99.8503
99.824
99.8877
99.8312
99.8842
97.6519
99.8713
97.366
97.609
99.8829
99.9174
99.9376
99.8535
99.7347
99.8843
99.8324
99.8242
99.8667
99.8704
99.9234
99.8959
99.8981
99.8709
97.6946
99.7427
99.8627
99.9576
97.5116
99.9259
99.8616
99.8557
99.8381
99.947
99.9482
99.9107
99.8626
96.9666
99.8352
99.5858
99.8792
99.8517
99.9001
99.8645
99.8118
97.6217
99.8716
96.6109
99.9309
99.8329
99.727
99.7779
99.8732
99.9673
99.8178
99.8933
99.8248
97.4862
99.8503
99.7539
99.9716
97.7724
97.6263
99.8577
99.9443
97.6173
99.946
97.5783
97.366
96.9232
99.7348
99.9078
99.8786
99.8245
99.801
99.8349
99.8679
99.8054
99.8552
99.8803
97.5854
97.4942
97.5927
99.837
97.3728
99.8435
99.9031
99.8657
99.8622
99.8241
98.1672
96.514
99.8068
99.8162
99.8177
99.7215
99.8455
99.8692
97.4511
99.9053
99.8547
99.8442
99.8386
99.9674
99.7674
99.9336
99.8636
99.9327
99.8605
99.9424
99.9666
99.8218
99.8431
99.7278
99.7934
99.7997
97.6011
99.7828
99.9121
97.5101
99.7806
99.8873
99.8986
99.7404
99.8556
99.9513
99.9806
97.5797
99.8594
96.886
99.8859
99.8151
99.8667
99.7624
99.8493
99.8898
99.8102
99.75
99.9208
99.8506
99.8238
99.8152
99.8008
97.6707
97.6209
99.8623
99.8254
99.8953
99.952
99.8791
99.8233
99.9216
99.8987
99.7064
99.8192
97.6091
99.7951
99.7832
99.908
99.8693
99.8388
99.9692
97.5234
99.8178
99.8257
99.8531
99.7704
99.7992
99.8178
99.8912
99.8538
99.8173
99.85
99.9288
96.5261
99.8594
97.5444
99.7481
99.9013
99.7961
99.868
99.8423
99.9587
99.8429
99.9669
99.8163
99.8167
99.8737
99.8002
99.8936
99.8442
99.7896
99.8363
99.8276
99.8904
99.7697
98.5163
99.8177
99.9555
99.7968
99.88
99.8527
99.8781
99.8684
99.8487
99.8511
99.8645
99.8529
98.1467
99.8022
99.8535
99.9003
99.7827
99.7721
99.9644
99.9897
99.8576
99.8812
99.8766
99.8534
97.9479
99.9275
99.7577
99.9682
99.7954
99.8753
99.7885
99.7417
99.8918
99.9238
97.5302
99.8421
97.5772
99.7738
99.8729
99.7247
99.9467
99.8313
99.7171
99.8937
98.1756
99.8345
99.8724
99.9743
99.8638
99.8704
96.5805
99.9027
99.847
99.8094
99.7248
99.8569
97.5538
97.7208
99.7882
97.5442
99.9004
99.8381
99.7693
99.8899
98.1079
99.9014
99.9486
99.8473
97.5555
99.8953
99.8916
99.8539
99.8367
99.8773
99.8856
97.5232
99.8623
99.8649
99.8866
99.8941
97.6219
99.8805
99.8416
99.9832
99.8972
99.8767
97.5822
99.8278
99.8629
99.9356
97.5921
99.8493
99.8486
99.8479
99.8217
99.7371
99.7949
99.6683
97.5522
99.8169
99.6723
99.8738
99.7762
99.8305
99.9372
99.9374
99.8651
97.597
99.9098
99.9036
99.8082
97.7383
99.9083
99.8819
97.5819
99.8216
99.8978
99.8719
97.6205
97.6031
99.9058
97.6083
99.8744
97.6309
99.7524
99.77
97.5687
99.7588
99.7964
99.9769
99.9486
99.8556
99.8317
99.9357
99.8482
99.7657
99.8218
97.5352
99.8935
99.9357
99.8182
99.9246
99.8511
99.9455
99.8713
99.8129
99.7921
99.8792
99.8529
97.503
99.8789
99.8517
99.814
99.9002
99.923
99.739
99.8179
99.8439
99.9821
99.966
99.6789
97.5635
99.8711
99.8907
99.9332
98.1229
99.8841
99.8735
99.921
99.902
97.5534
99.8713
99.8813
99.8652
99.8482
99.9885
97.484
99.8531
99.9311
99.858
99.819
99.8284
99.8807
99.9064
99.855
97.4945
99.7996
99.5339
99.8083
97.7597
99.7838
99.873
97.6596
99.8304
99.8288
99.9244
99.9001
99.9251
99.8578
99.9381
99.8538
97.5731
99.8961
99.8433
99.8679
99.9187
99.8447
99.7937
96.6346
99.8759
99.8248
99.8996
99.8319
99.8602
99.8974
99.9676
99.8755
99.8559
99.908
99.8636
96.9574
99.9565
99.8838
99.7947
99.8633
99.8455
99.9143
99.8699
99.7652
99.8221
97.5691
97.3798
99.7654
99.8906
99.8589
99.864
99.9172
99.9536
99.8973
97.0806
99.859
99.8818
99.947
99.9346
99.799
99.9125
99.8849
99.879
99.9941
99.8799
99.9007
99.8815
99.8636
99.8156
99.8262
99.9504
99.8538
99.9607
99.7306
99.8858
99.8703
97.6944
99.8977
96.5749
99.7996
99.787
99.8511
99.8287
99.9173
99.8409
97.5303
99.8656
99.8665
99.8276
97.5039
99.9181
99.98
97.0129
99.773
97.6279
99.8673
99.8295
99.8966
96.4799
97.7368
99.8836
99.8873
97.5969
99.847
96.6499
99.8637
99.7413
99.8842
98.2508
99.8604
99.8818
99.8911
99.9602
99.872
99.9429
97.7609
96.8521
99.9438
99.8885
99.9209
97.6757
99.8916
99.8918
99.7897
99.7781
97.6914
99.8292
99.9051
97.5933
96.6864
99.8855
99.9137
99.9274
99.9309
99.8814
99.8992
99.7642
99.8672
99.8365
97.5008
97.6176
99.9788
99.9368
99.8953
97.637
99.8891
96.9194
99.7765
99.8264
99.804
99.9073
99.8281
99.8858
99.853
99.7467
99.9829
99.8363
99.8287
99.9467
99.8332
99.7642
99.8572
99.8511
97.658
99.8756
99.908
99.7739
98.1605
99.8266
99.9279
99.8835
99.6614
99.863
99.8214
99.8596
99.868
99.8089
99.9226
99.8638
99.8676
99.8268
99.8945
99.8736
97.7369
99.8222
99.836
99.8986
99.8708
99.869
99.831
99.838
96.5648
99.8713
99.8414
96.6171
99.8448
99.8814
99.7954
99.7961
99.8667
99.7862
96.7627
99.8588
99.7688
99.8696
99.8563
97.7364
99.8431
99.7898
99.8774
99.8964
99.8707
99.89
99.8582
99.8903
99.8703
99.8365
99.9615
99.8935
99.9884
99.9828
99.9098
99.8769
99.8966
99.8729
99.95
99.8032
99.9529
99.9367
97.4395
99.8669
99.9519
99.8675
99.7936
99.8341
99.8924
99.8359
99.8743
99.8693
99.9457
99.8744
99.8296
99.9032
99.8961
99.8216
99.8349
97.6022
99.856
99.997
99.8907
97.5383
99.8803
99.9576
99.8904
99.7731
99.831
99.7645
99.9443
99.9009
99.8637
99.9417
99.9119
99.8573
99.9168
96.8855
99.8927
99.9343
99.8139
99.8826
99.9134
99.8963
97.7722
99.7181
99.9557
99.9401
97.4311
99.9441
99.8403
99.8408
99.8681
99.7341
99.8498
99.8261
99.8403
99.8866
99.8986
99.8128
99.7562
99.9556
99.7727
96.6739
97.6443
99.8372
99.807
99.8461
97.615
99.9016
99.9819
97.4931
96.6974
99.9257
97.5287
97.584
96.5842
99.8038
99.9404
99.9441
99.8442
97.0144
99.8467
99.8266
99.837
99.8368
99.898
96.5685
99.8461
99.9215
99.8582
99.8709
99.8379
96.6535
99.839
99.8652
99.8799
99.8242
99.853
99.8241
99.764
99.8692
99.7815
99.7537
99.9935
99.9101
99.869
99.8705
99.7799
99.8566
99.9497
99.9027
99.8642
99.86
99.8369
97.7522
99.8722
99.941
99.9633
99.9473
99.9359
99.877
99.8604
97.6505
99.8134
99.9361
97.5903
99.8148
97.7124
99.9324
96.6689
99.8713
99.7302
99.876
99.9253
99.8302
96.662
99.871
99.8654
99.9
99.8645
97.6646
99.8063
99.9008
99.8255
97.6043
99.8264
99.8291
96.6429
99.763
99.7237
99.8751
99.8424
99.8554
99.8461
99.8766
99.8802
99.9205
97.6359
99.9254
97.6529
99.86
99.8925
99.8283
99.9182
99.8465
99.9502
99.7449
99.7663
99.7914
99.9742
99.8319
99.8551
97.5707
99.8473
99.8169
99.8628
99.9025
98.16
99.7674
99.9716
99.8779
99.8926
99.8829
99.8516
99.849
99.8231
99.7793
99.9417
99.8385
97.59
99.8427
99.8407
99.7665
96.5344
99.7307
99.9447
99.9182
99.7962
99.9419
99.8727
99.8776
99.7523
99.9004
99.8673
99.8392
99.8285
99.8345
99.8428
99.8085
98.1823
99.8127
99.7741
99.7293
99.8689
99.914
99.8918
99.7838
99.8802
99.9689
99.9396
98.3336
99.9221
99.8223
99.9444
99.8815
99.9088
99.8979
99.8319
99.7654
99.9518
99.9452
99.8874
99.9056
99.8761
99.7367
99.718
99.862
99.7636
99.8463
99.7177
99.8634
99.8365
99.7942
99.9594
99.9562
96.5777
99.8792
99.9013
99.8539
99.8863
99.8203
99.7712
99.703
99.8267
99.7768
97.5931
99.8841
99.9269
99.8456
99.8766
99.8423
99.7933
99.97
99.9464
99.8697
99.8769
97.6237
99.9019
99.9122
98.1307
99.9357
99.7647
99.783
99.9393
97.8215
99.8409
99.9424
96.8398
99.8761
99.8365
99.981
96.471
99.9737
97.7214
99.9784
99.8439
96.5973
99.8695
99.833
99.856
99.8591
97.6652
99.9201
99.8687
99.8599
99.8796
97.7456
99.8446
99.7829
99.8701
97.6095
99.8767
99.9088
99.8772
99.8257
99.8812
99.9841
99.7953
99.8473
99.8575
99.8591
99.9792
99.8405
99.8675
99.8507
96.6338
99.7949
99.8451
99.9398
99.8724
99.721
99.8603
99.8512
99.8787
99.8712
99.8924
99.844
99.8338
99.8557
99.8173
99.7404
99.7322
96.4994
99.8455
96.8502
99.8442
99.929
99.7873
97.6974
99.9132
99.8336
97.79
99.9828
99.8406
96.5987
99.8782
99.8996
99.8522
99.8107
99.8192
99.8656
99.8451
99.8325
99.9226
99.8756
99.8741
99.8483
97.7046
96.9351
99.8148
99.8737
99.8365
99.6966
99.8147
99.873
99.8071
99.849
99.9588
99.8457
99.8895
99.8706
99.8301
99.8759
97.6687
99.7262
99.8516
97.5077
99.7903
99.8095
99.8764
99.8618
99.9373
99.855
99.8664
99.8693
99.8951
99.797
97.0946
99.8348
99.9255
99.8891
99.8235
97.8326
99.881
99.8751
99.886
99.8781
99.9553
99.7831
99.8729
99.8538
99.8885
99.8031
99.8512
99.8621
97.5048
97.6997
97.5754
99.7871
99.8689
99.7255
96.5095
96.6482
99.8857
99.8968
97.5646
99.9138
99.9428
99.8707
99.8927
99.9253
96.7168
99.8365
99.8137
99.8595
99.8944
99.9014
99.8305
99.8679
99.8693
99.9053
99.799
99.8503
99.8428
96.7011
97.5944
99.8423
97.6067
99.8131
99.8841
99.9022
99.8843
99.8325
99.8628
97.6223
99.7314
97.7559
99.9144
99.875
99.8576
99.8586
99.9206
99.8793
99.8752
99.9333
99.8443
99.9214
99.771
99.9667
99.8475
99.875
99.84
99.7904
99.8965
99.8787
99.9975
99.8538
97.4955
99.6583
99.9066
99.8884
99.7706
99.9014
97.3832
99.9125
97.6944
99.8534
99.9266
99.7535
99.8611
99.9661
96.6198
99.806
96.5668
99.8704
97.5473
99.8663
99.9185
99.9706
99.8567
97.6413
96.5699
99.9166
99.7765
96.4679
99.9011
99.8191
97.7405
99.904
99.8934
97.4477
99.8714
99.928
97.6263
99.8879
99.87
99.9074
99.9396
99.869
99.9301
99.7717
99.869
99.7925
99.9658
99.8522
99.7892
99.8702
99.981
99.7254
99.9112
97.5858
97.5885
99.8472
99.8439
97.7047
99.8823
99.8477
99.8044
99.9035
99.8511
99.8621
99.7807
97.6135
99.9139
99.829
99.8886
97.6246
96.804
99.8063
99.8131
99.8004
99.8993
99.8379
99.9005
97.3487
99.9556
99.8566
99.8664
97.6224
99.8116
99.9651
99.8064
99.8599
99.8763
99.9376
99.9183
99.8376
99.8815
99.8387
99.8367
99.8759
99.8739
99.8519
99.8657
99.8855
99.8454
96.5037
97.6527
99.7266
99.838
99.8375
96.4969
99.8397
99.8787
97.743
99.7992
99.8985
99.832
97.5753
99.9375
99.8582
99.739
99.9052
98.1713
96.5996
99.7794
99.8047
99.8885
99.8044
99.8542
99.8251
99.9109
99.8994
99.8787
97.6321
96.5958
99.8439
99.9501
99.9068
99.8874
99.7936
99.8778
99.8526
97.6545
99.9009
99.8525
99.8767
99.8325
99.8801
99.8095
99.8235
99.9482
99.865
99.8186
99.8878
99.8589
99.9417
99.829
99.8759
99.8579
99.7014
99.8881
97.5419
99.8012
99.9353
99.8901
99.9275
99.8351
99.9173
99.6819
96.5368
99.9357
99.7753
99.8438
99.8594
99.9043
99.8109
99.7863
97.741
99.827
99.9438
99.9465
99.8175
99.8568
99.8328
99.8688
99.8697
99.8026
99.8932
99.7854
97.641
96.8153
99.8673
99.813
99.8752
99.843
98.2763
99.9254
99.8913
99.9527
99.83
99.8339
99.8366
99.9179
99.8381
99.8882
99.8743
99.8825
99.9565
99.7737
99.8839
99.9526
96.9322
99.7868
99.855
99.8514
99.8715
99.9931
96.6054
99.9114
99.8697
99.8682
99.7921
99.8556
99.8717
99.8387
97.654
99.9716
97.487
97.9486
99.8447
99.8537
99.8779
99.8453
99.8301
99.7892
99.8311
99.8351
96.6375
99.9252
99.8878
99.9049
99.8468
99.9288
99.9386
99.9135
99.8814
99.8527
99.8895
99.8036
99.9194
99.9423
99.681
99.8772
99.8561
99.7856
99.8706
99.8947
99.9262
99.8846
99.7989
99.8563
99.7166
99.8839
97.4814
99.9386
96.6426
99.7719
99.8269
99.9448
99.8435
99.837
99.8544
99.8536
99.8155
99.8526
99.9036
99.8756
99.9527
99.8701
97.6945
99.832
99.8178
99.8759
99.8417
99.9
99.9023
99.8595
99.917
99.897
99.8715
99.8027
99.8875
99.8148
99.8829
99.8503
99.8777
99.9482
99.8692
99.9184
99.8311
97.5548
97.7009
99.7521
99.8125
99.9181
99.9062
99.8717
99.8666
99.8995
99.8722
96.4675
99.8888
99.8298
99.8402
99.8569
99.8501
99.8736
99.9133
99.9119
99.8692
99.9032
99.9178
97.6328
99.9564
97.4801
99.6729
99.7977
98.175
99.8194
97.562
99.923
97.6403
99.919
97.5579
99.9135
99.8272
99.7995
96.5181
99.8605
99.9169
97.0084
99.8632
99.9196
99.8358
99.9106
99.8418
99.8796
99.8409
99.9116
99.8591
99.8408
99.9421
99.8391
99.8728
99.8812
99.8329
96.5611
99.7274
99.8788
97.5479
99.7778
99.8718
99.9176
99.8625
99.8455
99.8199
99.8792
99.8521
99.7403
99.8503
99.8763
99.858
99.9766
96.8761
99.9071
99.881
99.9027
99.826
99.8962
99.8901
97.5083
99.8582
99.8059
99.858
99.8035
99.8859
99.8061
96.98
99.8732
99.7605
99.7918
97.7369
99.7722
99.832
99.8082
99.8559
99.9567
97.6446
99.8373
99.907
99.8377
99.8111
99.9428
99.8602
99.868
99.8015
99.9641
99.8503
97.6337
99.8653
99.8673
97.5795
97.4942
97.7585
99.7339
99.8418
99.8366
99.8815
99.902
99.864
99.8389
96.5844
99.969
97.7566
99.8553
99.8698
99.8512
99.8573
97.0116
99.8244
99.7763
99.7969
99.7673
99.8744
99.6662
99.8578
99.8576
99.8732
99.8337
99.8062
99.852
97.5782
99.9724
99.8533
99.7996
99.8431
99.8788
96.8609
99.8628
99.8708
99.8315
99.808
96.4998
99.8098
99.8076
99.8736
99.8227
99.875
99.9347
99.8642
99.8413
99.827
99.916
99.9429
99.8313
99.8856
99.7966
96.7665
99.8481
98.2161
97.6617
99.8152
97.5386
97.7358
99.9907
99.8777
99.7973
99.8816
97.7961
99.855
99.959
99.9707
99.9275
99.741
99.8842
99.9757
99.9435
99.9159
99.6997
99.9372
99.8921
99.9302
99.8263
99.8317
99.8694
99.8294
99.8664
97.5845
99.9036
99.8962
99.8213
99.8573
99.833
99.9417
99.8896
99.9475
97.6109
99.8537
99.9682
97.5546
97.3791
99.8812
99.7903
99.8825
99.9159
99.7756
99.8758
99.8673
99.7335
97.644
99.9141
99.7627
99.7526
99.9112
99.8843
99.8381
97.5584
97.5802
99.8309
99.828
99.928
97.7307
99.8066
99.8837
99.843
99.8374
99.9185
99.8157
99.9509
99.7411
99.7681
99.8365
97.586
99.9201
99.8762
99.9563
99.9074
99.864
99.8319
99.7856
99.9714
97.5605
99.9381
99.7698
99.8999
99.8777
99.7435
99.9684
99.8773
97.5959
99.876
99.8512
99.9284
99.8913
99.857
99.8764
97.5519
99.9165
99.8118
99.829
99.8297
99.8569
96.5907
99.8932
99.8379
99.8619
99.9449
99.8203
97.7052
99.8548
96.5903
99.8843
99.8219
99.8234
99.9496
99.8856
99.8641
99.8726
99.6974
99.8454
99.8019
99.9794
99.8509
99.8667
97.7825
99.7814
99.9757
97.4776
99.8638
99.7233
99.6435
99.8282
99.9108
99.9437
97.6563
99.8618
99.8435
99.944
99.84
99.7095
99.9
99.8542
99.8464
99.8648
96.699
99.7676
99.8734
99.8683
99.9694
99.8717
99.8476
99.919
99.857
99.8918
99.8264
98.4613
99.8576
99.8926
97.7058
99.8725
99.8744
97.5414
99.8936
99.7075
99.8293
99.9118
99.8733
99.7986
99.9608
99.857
99.7132
99.8762
99.734
97.539
99.8614
99.815
99.8562
99.8676
99.8171
99.8762
99.8929
99.8108
97.741
97.7862
97.746
99.811
99.9318
99.8545
99.805
99.9032
99.8648
99.9935
99.9429
97.7185
99.8579
99.7105
99.8319
99.9005
99.8665
99.875
99.9518
99.9464
99.7974
97.7726
97.3511
98.1378
99.8763
99.7242
97.6713
99.8244
99.7337
97.6075
99.8103
99.8222
99.8475
99.9095
97.4328
99.8408
99.9566
99.6419
99.9367
99.8827
97.5665
99.8539
99.9442
99.9401
99.8255
99.8112
99.7738
99.8731
99.901
99.8457
99.8863
99.8705
99.8284
99.8504
99.8774
99.9224
99.9624
99.92
99.8464
99.8945
99.7839
99.8489
97.7784
97.7362
99.8443
99.993
99.8337
99.8234
97.6014
99.7411
96.6101
99.7434
99.8163
99.8851
97.6516
99.8974
97.6362
99.9698
97.5509
99.8439
99.8467
99.8808
99.8932
96.452
99.8554
97.6861
99.826
99.8529
97.773
99.9281
97.564
99.8744
99.8189
99.9684
99.8583
99.7872
97.6855
97.7804
99.8502
99.852
99.9399
99.8542
99.8692
97.6222
97.7186
99.8936
99.863
99.9893
99.7797
97.6397
99.8543
96.545
99.8609
97.5171
99.9477
97.6354
97.7778
99.866
99.8935
97.5133
99.9479
99.9274
99.8856
98.8138
99.8613
99.882
96.6263
99.7964
99.7532
99.8636
99.831
99.9887
99.8012
99.9066
97.6463
99.969
99.9129
99.8206
96.5795
99.8969
99.8571
99.8636
99.9458
97.5638
99.8886
99.8507
99.7585
99.8889
99.8722
99.8672
99.8833
97.5357
99.8465
99.8788
99.8891
99.8201
99.8903
99.8259
96.5277
99.933
99.8825
99.9035
99.8809
99.8444
97.6391
99.941
99.7791
99.8541
99.887
99.8594
99.8249
99.9477
97.8026
99.7501
99.889
99.8398
97.6573
99.8471
99.887
99.8431
99.8719
96.9819
99.9042
99.8632
96.647
99.8449
97.5454
99.8432
97.5263
97.6218
97.4863
97.0345
99.8531
99.8032
99.8842
99.8472
97.6593
99.6979
99.8369
99.9236
99.8354
99.7151
99.8978
99.8879
99.8944
99.8195
97.4417
99.8392
99.8388
99.9039
99.9457
97.6641
99.8438
99.6874
99.9261
99.8451
99.8063
99.8562
99.8499
99.8734
99.873
97.5982
99.807
99.82
99.9026
99.862
99.671
99.7665
99.8435
99.819
99.876
99.8419
97.5262
99.8553
99.833
99.8053
99.8741
99.9855
99.7227
99.9491
99.7255
99.8674
99.8517
99.8456
99.8264
99.8273
99.9197
97.5585
99.9074
99.8245
97.4766
99.8947
99.7036
99.8189
99.9212
99.8107
99.9132
99.8161
99.8974
99.8764
99.7594
99.6258
99.8784
97.7856
96.5792
99.9018
99.8446
99.9631
99.8606
96.6852
99.8957
99.7389
98.1592
99.9193
99.9753
99.8244
99.8598
97.4911
99.83
99.871
99.8818
99.9087
99.8448
99.8041
99.8112
99.9578
99.9105
99.8969
99.8274
99.9362
99.8109
99.8403
99.8959
99.911
99.9768
99.9282
99.8657
99.8633
99.7861
99.7976
99.7122
97.642
99.9565
97.5842
99.8689
99.8949
99.9074
99.8613
97.7071
99.9697
99.8767
99.7302
99.8568
96.5022
99.8621
97.6514
99.8834
99.937
99.8603
99.861
99.9646
97.5286
99.9172
99.8751
99.8864
99.87
96.6247
99.8031
99.9155
97.5985
99.8964
99.853
99.912
99.9595
99.8271
99.8133
99.8932
99.8572
99.7972
96.5673
99.8584
99.8748
99.8589
99.845
99.854
97.4679
99.8772
96.5653
99.8515
96.6728
99.8517
99.7511
99.8562
99.774
99.809
99.8773
99.8878
97.5933
99.8813
99.799
99.7542
99.8914
97.6316
99.818
99.9195
99.9617
99.8365
99.9043
99.971
99.8533
99.6937
99.7282
99.9739
99.8101
97.546
99.8616
99.7747
99.7787
99.9254
99.8406
99.7841
97.5717
99.8131
96.5367
99.678
99.7397
99.8261
97.374
99.8592
99.8886
99.8475
97.5138
99.8768
99.8268
99.81
99.8364
99.8759
97.74
99.781
99.7571
99.9504
99.8701
99.8469
99.8282
99.7709
97.6663
99.6844
99.9083
97.5906
99.716
99.8385
99.8344
99.9803
99.8601
98.2582
99.9065
99.865
99.8982
99.9358
99.8792
99.8693
99.8956
99.9797
99.7665
99.8369
99.7342
99.8463
99.8779
97.591
99.7863
97.6539
99.7113
99.8191
99.9622
99.9048
99.9418
99.8556
99.8942
97.5347
99.8553
97.6479
99.8758
99.9491
99.8133
99.8871
99.9322
99.8309
97.6091
99.8771
99.8842
99.798
99.8451
96.6928
99.8307
96.5774
99.8825
99.6987
97.5776
99.9448
99.8518
99.7771
99.7709
99.8759
99.9071
99.72
99.8642
99.8198
99.8642
99.7972
99.9497
99.8607
99.9664
99.8582
96.5739
99.851
99.8736
99.8563
99.7621
99.8083
99.89
99.8009
97.6094
99.8512
99.957
99.8566
99.8192
99.7716
99.7763
99.7284
99.8492
99.8404
99.8732
99.9254
96.5023
99.8368
97.617
99.7917
99.8391
99.9175
99.8839
99.8522
99.8824
99.8833
99.9001
99.8383
99.8974
97.5429
99.7982
99.8986
99.9767
99.9789
99.8717
97.7811
99.8054
96.6608
99.7989
97.4889
96.8876
99.9406
99.8356
99.8292
97.7882
96.9455
99.8518
99.8563
99.8602
99.9012
99.891
97.7664
99.7862
99.8462
99.8311
99.8279
99.8839
97.7151
99.8665
99.9442
99.8732
99.8085
99.9887
99.8865
99.8871
99.9314
99.9187
99.9643
99.8504
98.2441
99.828
99.8975
99.9403
99.8179
99.708
97.4862
99.9203
99.7393
99.9399
97.5264
99.8766
99.8606
99.9539
99.8692
98.1466
99.9484
99.8246
99.863
97.4933
96.7389
99.7171
99.8736
99.9562
99.823
99.8746
99.781
99.8754
99.8397
99.8111
99.881
99.8294
99.7697
99.7401
99.9287
99.8569
99.8432
99.8396
99.9069
99.8974
99.9394
99.8502
99.8784
99.8893
99.8736
97.5114
99.8337
99.8272
96.6119
97.4989
99.8841
99.8097
99.7505
96.6265
99.8234
96.6594
97.642
99.8717
99.8441
99.8434
99.8567
99.8772
99.9557
99.8465
99.8031
99.7901
99.7602
99.7674
99.883
99.887
99.9528
99.8581
97.6399
99.9783
99.8767
97.605
99.898
99.8635
99.7291
99.8894
99.8295
99.8307
97.8325
99.9254
99.7915
99.8137
99.8744
99.6282
99.8709
99.911
99.9135
99.899
99.9519
99.9083
97.6628
99.8046
99.8637
99.839
99.9693
99.8592
99.8917
99.8026
99.9206
99.9337
99.9198
99.8441
99.7867
99.8892
99.955
99.9195
99.8704
99.7181
98.2061
99.8486
99.8952
99.8779
99.718
99.9251
99.8395
99.9186
99.7955
99.8309
99.9961
99.8603
99.9133
98.1789
99.8788
99.8203
99.7612
99.8833
99.8829
99.8325
99.9224
97.6968
99.8807
99.8948
99.9112
96.8334
99.7644
99.89
99.8549
99.8946
99.9762
97.5073
99.8843
99.8219
99.8072
97.8346
97.5053
99.8684
99.8286
99.845
99.8827
99.8511
97.5366
99.779
97.7911
99.7418
99.838
96.957
99.8222
99.8672
99.8629
99.8838
99.7687
99.9268
99.9081
99.899
99.9275
96.5327
99.8192
97.5667
99.8347
99.6992
99.9227
99.9423
99.8277
99.9606
99.8887
97.6697
99.8927
99.8793
99.8678
99.8252
99.8228
99.9432
99.7086
99.9812
99.8877
99.8455
99.8366
97.5486
99.8707
99.7416
99.9039
99.9751
99.8868
99.768
97.56
99.8721
99.811
99.8616
99.8412
97.5816
97.5562
99.8398
99.9339
99.8512
99.8105
99.7878
99.7539
99.8974
99.7987
99.8466
99.9306
97.669
99.8215
99.8612
99.9058
99.8506
99.8664
99.8646
96.6396
99.849
99.8557
99.8665
99.8729
99.8842
99.886
99.862
99.8871
99.9072
99.8018
99.8776
99.9815
99.8664
99.8815
99.7234
99.8702
97.614
99.9463
99.9707
99.9058
99.8113
97.7533
96.5719
99.9178
99.794
99.8009
99.8754
97.6049
99.9601
99.8624
97.6185
99.8592
99.8054
99.8208
99.9041
97.6818
99.9106
99.8929
99.891
99.742
99.9023
99.7711
99.8374
99.8004
99.6509
96.4977
99.8638
99.8496
99.861
99.9006
99.8616
99.8917
99.9009
99.8007
99.8118
99.9146
99.8719
96.7216
99.865
99.8758
99.9502
99.7962
99.8432
99.8725
99.7581
99.9497
99.9604
99.8771
99.8509
99.9151
99.7309
99.8512
99.854
99.8737
99.9481
99.7543
99.7494
99.9301
99.8473
99.8882
99.8837
99.7713
99.8127
97.5438
97.6345
99.836
99.8282
99.8196
99.8504
99.9337
99.8495
99.9001
99.8438
97.7331
99.894
99.866
97.7342
97.726
99.8593
99.9359
99.7454
96.5084
99.8679
99.8033
99.8242
99.7355
99.8918
99.9225
99.9158
99.7826
99.9396
99.8733
96.548
99.8525
99.9226
99.841
99.8173
99.9139
99.8497
99.9452
99.9497
99.8319
99.7626
99.8392
99.837
99.7964
97.6075
99.8653
99.9113
99.8396
99.8968
97.6066
99.8835
99.8672
97.5839
99.724
99.8798
99.9294
99.9573
99.8235
99.9009
99.966
99.8713
99.6798
99.8478
99.8694
99.7296
99.8561
99.8798
99.912
96.8411
99.9808
99.8691
99.8426
99.8474
99.8155
97.6052
96.6857
99.8194
97.4822
99.8528
99.8354
96.6724
99.7875
99.8982
99.7803
99.9439
99.8146
99.9007
99.8103
99.9275
99.9475
97.5022
96.7982
97.6026
99.9571
99.9241
99.8344
99.8365
99.9865
99.8892
97.6807
98.1705
99.8465
99.8124
99.7985
99.7788
99.8301
97.6358
99.9266
99.8524
99.6087
99.9597
99.9194
99.8827
99.9309
99.7948
97.5779
99.8394
98.2055
99.8956
99.8383
99.8063
99.9801
99.8912
99.9511
99.8847
97.7414
99.9054
99.9213
99.8991
97.5965
99.8562
97.6917
97.4773
99.8925
99.8036
99.9108
99.8286
99.8868
99.7914
97.6952
97.7622
99.961
99.6688
99.8408
99.849
99.9514
99.8728
96.5
99.8444
99.8676
99.8559
99.8724
98.1923
99.8614
99.8652
99.894
99.8756
97.5961
99.8404
99.8584
99.8547
99.8389
99.8606
99.897
99.8468
99.8659
99.9698
99.8804
99.8792
99.9155
99.8364
97.6136
99.8753
99.8347
99.7846
99.8278
99.9652
99.8519
99.8821
99.8251
99.7597
99.8764
99.7984
96.5282
99.8172
99.9252
99.9056
99.8285
99.7862
99.8424
99.8783
99.9344
99.876
96.6206
99.8479
99.9247
99.806
99.8532
97.5256
99.8612
97.6898
97.6162
99.866
98.4607
99.8261
99.9155
99.8867
99.7927
99.8201
98.3744
99.8533
99.893
99.8689
99.8831
99.761
99.9604
99.8919
99.7678
99.8881
99.8469
99.9233
97.6552
97.647
99.8437
96.8869
99.887
96.9283
99.8296
98.2024
99.8315
99.8358
97.8059
99.7343
99.8608
99.894
99.9277
99.8505
99.7551
99.9285
99.7489
99.865
99.8465
97.6108
99.7926
99.9262
99.9142
99.808
99.865
99.8417
99.7545
97.5961
99.7883
99.8212
97.7299
97.6544
99.8246
99.9479
99.8236
99.8472
97.6046
99.8074
96.961
99.8868
96.5977
98.3008
99.7566
99.8528
97.6364
99.8654
97.5584
99.7841
99.8028
99.718
99.8792
99.9464
99.8796
99.7785
96.6522
99.9471
99.9022
99.7433
99.8724
99.8729
99.7521
97.3007
99.8837
99.807
99.9091
97.6209
97.5638
99.8933
99.8117
99.9608
96.4681
99.9184
99.8767
99.9259
97.6205
99.9562
99.8634
99.8009
99.8464
99.9031
99.8236
99.8818
99.8719
99.9052
99.9105
99.7803
99.8179
99.8605
99.9328
99.8767
97.6143
99.7805
99.8493
99.9563
99.8686
97.6687
99.9843
97.5728
97.7052
99.8508
99.8607
99.8706
99.7218
97.5335
99.8718
97.5243
99.8369
99.9646
99.8961
99.976
99.9107
99.8278
99.8026
99.7913
99.8623
99.6964
99.9504
99.9793
99.7905
97.5908
99.8535
99.8862
99.8549
99.9206
97.7322
99.8242
99.8674
99.8748
96.4998
99.8559
99.9708
99.7497
99.8997
99.8955
99.8089
99.887
99.7826
99.8396
99.8561
99.8692
99.7722
99.8527
99.8223
99.8978
99.8832
99.8724
96.6465
99.8641
99.9048
99.8669
99.8558
96.5748
99.9233
99.8427
99.8029
99.8398
99.8356
99.928
97.6287
99.9207
99.881
97.5351
97.4933
97.6877
99.8612
96.6556
99.7816
99.84
99.8707
99.833
99.8595
99.8957
99.8582
99.7248
99.7392
99.8416
99.8553
99.8364
99.7945
99.9135
97.5318
99.8529
99.8352
97.5792
99.9052
99.8551
99.8153
97.6312
99.8928
97.8651
99.9617
96.7002
97.5436
96.5847
99.8649
99.8234
99.8646
99.8155
97.554
99.838
99.7388
99.9158
99.9961
99.8087
99.88
99.9285
99.8754
99.8581
99.6833
99.8779
96.6246
99.8515
99.8928
99.8298
99.8781
99.8738
97.5487
99.7222
99.7237
99.8075
99.8809
99.7848
99.8123
99.8455
99.7653
99.9802
97.5724
99.8205
96.9608
99.7176
96.8699
99.8638
99.9371
99.9008
99.8494
99.8435
99.8719
99.7878
99.8587
99.923
99.8587
99.8656
99.7047
99.8488
99.8799
99.8896
99.8651
99.781
99.8337
99.82
99.8613
96.6149
99.8698
99.8899
99.8142
99.9074
99.8755
99.8845
99.9672
99.7015
99.9063
99.8482
99.8518
97.4802
96.886
99.9515
99.8758
99.8909
99.8861
97.4983
99.6992
99.8549
99.9664
99.7924
99.8811
99.7098
99.8633
99.7938
99.8984
99.8712
97.634
99.8659
99.9006
99.8967
99.9171
99.6674
99.8536
99.9236
99.8647
97.7177
99.9191
99.8678
99.8707
99.8283
99.8653
99.8531
99.8619
99.8848
99.8933
97.7829
99.729
99.7764
99.8494
99.8785
99.584
99.8963
96.549
99.7869
99.864
97.788
99.8689
99.8407
99.869
99.9225
99.7789
99.8509
99.8903
99.9576
99.8316
99.8659
97.5641
97.6543
99.9327
97.6278
99.8048
99.8609
99.9533
97.623
98.313
99.9688
99.874
99.8241
99.8956
96.5705
99.8631
99.8647
99.8588
99.832
99.9362
99.7364
99.8734
99.9017
99.8493
99.9088
99.8739
99.8217
99.9278
99.7405
99.8369
99.9535
99.8387
97.6204
99.8655
99.8983
99.8946
99.821
99.8758
97.7002
99.7221
99.9325
99.84
99.7762
96.447
99.8852
97.7889
99.7464
96.6114
99.9073
99.854
99.8146
99.8662
99.9722
99.8684
97.8039
99.9235
99.9081
99.8233
96.8123
99.8378
99.9086
99.9458
97.4777
99.8751
99.8554
96.5314
97.6587
99.8339
99.9509
99.8083
99.813
99.7594
99.9373
99.9452
99.8667
99.8476
99.8835
99.9541
99.9189
99.837
99.8894
99.9449
99.9938
99.8601
99.9024
99.8211
99.8069
99.7353
99.8482
99.8533
97.6881
99.875
97.7616
97.3983
99.9458
99.849
99.7945
99.873
99.9396
99.8314
99.8494
99.883
99.8467
97.7332
99.9261
99.9745
99.8385
99.8781
99.809
99.8378
99.8747
98.203
99.8595
99.8557
96.6424
99.9316
99.816
99.8715
99.8769
99.8623
99.8442
99.8615
99.8658
99.8795
99.9953
99.8558
99.8579
99.7417
99.798
99.8494
99.9065
99.8551
99.8417
99.825
97.7282
99.7024
99.8293
99.8621
99.8788
97.5429
99.822
99.8296
99.8678
96.8116
99.8004
99.8567
99.8892
96.5124
99.8646
99.9593
99.8886
99.8693
99.7975
99.9539
97.7081
99.8441
99.8731
99.9185
99.8627
99.803
99.8397
99.7666
97.5684
99.8852
99.6293
99.7132
99.8894
99.8406
99.926
99.8094
99.8628
99.7947
99.919
99.9478
99.8068
96.5162
99.8701
97.6955
96.6336
99.8379
99.9067
99.8491
99.8502
99.826
99.7872
99.9497
99.8736
99.9439
99.8226
99.9426
96.5759
99.8736
99.9318
99.7262
97.5288
97.6099
99.8407
99.871
99.8864
99.9515
99.8807
99.8262
99.8457
99.8326
99.8225
99.8662
96.9137
99.8761
99.835
99.8233
99.912
99.7543
99.963
99.9162
99.7413
99.7802
99.882
99.7442
99.9075
96.8121
99.843
96.4833
99.8775
96.5398
99.8692
99.8621
97.755
99.8119
99.9082
99.8821
99.9728
97.5953
99.815
97.472
99.7591
99.7466
99.784
99.9499
99.8539
97.6221
99.8295
99.8312
99.8213
99.9185
99.8964
99.9013
99.9423
99.8328
99.8196
99.8706
99.9129
96.8407
97.5421
96.6373
99.8835
96.5436
99.7516
99.8699
99.908
99.8708
99.9238
97.699
97.7327
96.6089
99.9402
99.8372
99.7255
99.8926
99.8782
97.7135
97.6423
99.945
99.8611
99.8266
99.85
97.7617
96.503
99.8692
99.9545
99.8589
97.7264
99.8721
99.9122
99.8907
99.8418
99.852
99.8481
99.8487
97.5684
99.8181
99.9258
99.9304
99.8932
99.9566
99.8933
99.8473
97.6377
97.6232
99.8194
99.8689
97.6206
99.8753
99.8611
99.86
99.8551
97.6703
99.8102
99.9225
99.9065
99.8661
99.8222
97.6068
99.4817
99.8605
99.8997
99.8541
99.7923
99.9051
99.8796
99.9294
99.8525
97.6557
99.8437
99.9091
99.9817
97.0569
97.6352
99.8854
99.9152
99.8486
99.8537
99.9517
99.8561
99.9622
99.8592
99.9069
99.884
99.8447
99.8261
99.9063
99.8112
99.8799
97.582
99.7366
99.8045
99.8101
99.8574
99.8062
99.8771
99.8235
99.8305
99.8519
99.8998
99.8091
99.7781
99.8691
99.8642
99.821
96.7108
97.6628
99.834
99.8776
97.6611
99.8352
99.8584
99.8472
99.6926
99.8849
99.8676
96.6984
99.9364
99.7051
99.8628
97.6973
99.8847
97.6002
96.9277
99.8455
99.8273
99.8404
99.9295
99.8198
96.699
99.9547
99.8549
99.7866
99.8562
99.8502
97.6299
99.7561
99.8777
98.2101
99.834
99.8668
99.7862
99.8767
99.7315
99.6638
99.864
99.7011
99.8727
97.6817
99.8126
97.5988
97.7171
99.8532
99.9168
99.8763
99.9034
99.7758
99.8912
99.9562
96.6103
99.8545
99.8875
97.5762
99.8087
99.9322
99.8025
99.8776
99.8131
99.8531
99.8376
99.8922
99.9242
99.8233
99.8742
99.8416
99.8937
99.8514
99.8773
99.7797
99.879
99.761
99.8052
99.872
99.8518
97.8081
99.936
99.8861
99.7655
99.7888
99.8805
99.4559
99.8755
99.9219
99.8524
99.8401
99.8545
99.7303
99.9177
97.6004
99.8645
99.8219
99.85
99.9277
99.87
99.9036
99.8529
96.5709
99.8692
99.9258
99.9611
99.9206
97.639
99.8356
99.9016
99.8889
97.4979
99.8265
98.1861
99.8842
99.8692
99.8681
96.8634
99.7908
99.7935
99.9499
99.8363
99.8398
99.8841
99.9347
96.4617
99.8664
99.9226
99.8691
99.8417
96.4857
99.8373
99.8522
99.9175
99.8433
99.8328
99.9527
98.092
99.9235
99.9338
99.7493
99.7213
99.8452
99.8742
99.9404
99.8371
99.9045
97.6644
99.8599
97.6534
97.5428
97.5987
96.6995
99.8634
99.8753
96.8706
99.8255
99.8104
99.8515
99.7814
99.8711
99.8613
97.6178
99.8202
99.9051
99.8562
97.6352
99.8952
97.5438
99.9227
99.9019
99.8581
99.9888
99.8819
99.8297
99.8035
96.5513
99.9189
98.6872
99.9771
99.8652
99.8253
99.8438
99.8465
99.7212
99.87
99.8951
99.9344
99.9537
99.8848
97.6299
99.8732
97.5047
97.7096
99.8313
99.8354
97.6047
99.7961
99.883
98.2557
99.8697
97.5512
99.9521
99.8462
99.8202
99.8715
99.8099
99.8558
99.8184
99.8443
99.8653
99.8949
99.9364
96.3439
99.9649
99.8609
99.8701
99.9587
99.9438
99.8226
99.7717
99.8811
99.789
99.8499
99.8392
99.9038
99.9707
99.9091
99.9163
99.8807
99.9816
99.8382
96.714
99.9465
99.8366
97.6234
97.6762
99.8583
97.7715
99.8739
99.8964
99.8613
99.8313
99.7939
99.88
99.8496
99.8182
97.5943
97.732
99.9938
99.9367
99.736
97.757
99.972
99.7441
99.826
99.8725
99.7722
99.8472
99.7748
99.9767
99.7908
99.871
99.8068
96.5259
99.9191
99.9177
99.7866
99.8353
99.8197
99.9217
99.7843
99.8616
99.8796
99.8585
99.6873
99.9254
99.8008
96.5212
99.9447
99.8607
99.9119
99.846
99.9353
96.6312
99.9666
99.8196
99.8591
99.8362
99.8666
99.7047
99.9497
99.7459
99.8903
99.8915
99.974
99.8354
99.9197
99.8006
99.8242
99.8411
97.572
99.877
99.8444
99.8888
99.853
99.9793
99.785
99.8662
96.5293
99.8949
99.9697
99.7962
99.8336
99.8481
99.6818
99.8581
99.9457
99.8803
99.8012
99.864
99.9087
99.8169
99.7781
97.6319
99.9369
99.8107
99.9205
96.8819
99.7836
99.7756
97.5009
99.8149
99.9899
99.8332
99.8739
99.9091
99.7742
99.9499
97.4501
96.6239
99.9029
99.828
99.8186
99.9321
99.9677
99.8321
99.8872
96.6646
99.831
99.8155
99.6752
97.6664
99.89
99.8876
99.8991
99.7567
99.8479
96.6748
99.9041
99.7464
99.8198
99.8772
99.8831
99.8544
99.8923
99.8422
99.855
99.8422
99.9777
99.8083
97.7073
99.867
99.9084
99.7264
99.9835
97.542
99.8885
99.8726
99.9333
99.8421
99.8495
99.8808
99.9078
99.9259
99.9502
97.5796
99.8429
99.8441
99.8817
99.907
99.8247
99.8533
99.8356
99.8996
99.8919
99.8075
99.8194
97.6402
99.8825
99.8421
99.8854
99.9119
99.8564
99.8794
97.7485
99.9498
99.9178
99.8384
99.8923
99.8892
99.9485
99.8461
99.8627
99.8794
99.8753
99.7831
99.8214
97.7195
99.9282
99.8196
99.7406
99.8467
99.7887
99.9487
99.8651
99.9436
99.8649
99.8184
99.8516
99.878
97.5536
97.5718
99.9077
99.8951
99.7992
99.9009
99.9458
99.8324
97.6285
99.8695
99.8467
99.7697
99.8545
99.8268
99.8221
99.9261
99.8488
99.8009
99.8009
99.9088
99.6478
99.7884
99.8708
99.8343
99.7859
99.8352
97.433
99.8654
99.9211
99.8642
99.9883
99.7147
99.8762
99.9352
99.9065
99.8357
99.8323
96.5228
99.9289
99.8222
99.9495
99.8925
96.7517
99.9069
97.5694
97.7805
99.8684
99.7776
99.7562
99.837
99.8508
99.8766
96.6506
96.6266
99.9707
99.785
99.8276
99.8135
99.9764
99.887
99.9459
99.8103
99.7828
97.0083
97.5142
99.6936
99.9704
99.8468
97.6316
99.845
99.9143
99.8392
99.8109
99.8591
99.8237
99.882
99.8845
99.895
99.9721
97.6061
99.8661
99.8383
99.9189
99.9269
99.8254
97.3955
99.9499
99.9031
99.8284
99.6047
99.9183
99.7917
99.808
99.9649
99.7562
99.9099
99.8077
99.8453
99.8352
99.829
99.9253
99.8794
99.8807
99.8046
99.7938
99.7522
97.6652
99.9032
96.4427
99.7395
99.8328
99.9667
99.8442
99.8133
99.8442
99.7978
99.8965
99.8726
99.7958
99.8251
99.8476
99.8758
99.9183
99.8624
99.8615
99.8613
99.8906
99.856
99.9582
99.8997
99.8643
99.8349
99.8149
97.7679
99.9058
99.8513
99.8959
97.5551
99.8772
99.8837
99.8779
99.8382
99.8988
99.915
99.8403
99.6644
99.8475
99.8598
99.8295
99.7978
99.9316
99.9232
99.9201
99.8731
99.8865
99.8546
99.8904
99.8303
99.8492
99.7791
96.6448
99.8977
99.7819
99.8876
99.8503
99.9335
99.8544
97.5451
99.8002
99.898
99.9545
99.7287
99.9084
99.889
99.9458
99.9333
99.8995
99.8507
99.8799
99.8141
99.8826
99.834
99.8306
99.8311
99.8782
99.8187
99.8362
99.8754
99.9458
99.9285
99.872
96.7205
99.8721
99.8816
97.5908
99.8621
97.6082
97.5813
99.8412
99.9797
99.8783
99.7938
96.6574
99.8627
99.8768
99.8906
99.7583
99.857
97.7729
97.5829
99.906
99.9072
99.843
99.9219
99.8249
99.7669
99.8732
99.9158
99.9593
97.6441
99.7952
99.836
99.8965
98.2222
98.1903
99.885
99.8185
99.8442
99.8272
99.7733
99.9363
99.9082
98.1475
97.7142
99.7547
99.83
99.8829
99.8189
97.5331
99.8762
97.7535
98.3066
99.8595
99.8567
99.753
99.7723
97.5958
99.8727
99.8361
99.8479
99.9619
99.8197
99.9036
99.8779
99.9241
99.8503
97.7719
99.8393
99.8798
99.8554
99.8265
97.436
97.5431
99.8091
99.8134
99.8927
99.847
99.9633
99.9751
99.9333
99.8106
99.8597
99.8599
97.5909
99.8313
97.5826
99.9593
99.8356
97.6472
99.8764
99.8721
99.8831
96.9331
99.844
99.7948
97.589
99.7823
96.5524
99.8697
99.8495
97.5289
99.8801
97.5753
99.8663
99.8601
99.8236
99.9214
99.9098
99.9867
99.8165
99.9537
99.8479
97.6758
99.8383
99.7454
99.9037
99.8707
99.8315
99.7703
99.7653
99.8982
99.8225
99.8803
99.8466
97.0148
99.8117
97.7184
99.8234
96.5924
99.9009
99.8386
99.8069
99.7318
99.8189
99.9242
99.8806
99.8833
99.8438
99.8978
99.7738
99.8839
99.8457
99.875
99.8322
99.8727
99.8353
99.8513
99.8119
99.8831
99.7355
99.8536
99.7523
99.7784
99.8947
99.8968
99.8357
99.7775
97.5577
99.9567
99.9276
99.9529
99.8796
99.8342
99.8606
98.0927
99.8136
99.7114
99.8554
96.5889
99.861
99.8701
98.1259
99.7118
99.9188
99.9041
99.8543
98.2149
99.8023
99.908
99.8327
96.4738
99.7885
99.8439
99.856
99.8361
96.9416
97.6873
99.8297
99.8957
99.9152
97.5681
99.8641
99.8555
99.8654
99.8517
99.8625
99.9712
99.81
99.9372
97.4969
99.9525
99.981
99.8149
97.7454
97.5323
99.827
99.8523
99.8527
99.8618
99.8642
99.9779
97.8246
97.5914
99.8877
99.8518
99.7638
99.898
97.5765
99.8709
99.8987
99.9271
99.6852
99.7721
99.8993
99.8845
99.8718
99.846
99.9166
99.8587
99.8545
97.5104
99.8608
99.8302
99.8363
99.6793
99.8353
99.8876
99.8738
97.5263
99.8563
99.8518
97.6121
99.8738
99.9008
99.8785
99.8609
99.9272
99.8632
99.6954
99.8613
99.813
99.9112
99.6748
97.6725
99.8113
99.868
99.9047
97.0264
99.6918
99.8322
97.597
99.8593
99.7991
99.9878
99.877
99.8285
99.7962
99.7966
99.9541
99.8436
99.8123
99.9657
99.9556
99.8642
99.7247
99.8423
99.8262
97.6648
99.8788
99.9055
98.1978
99.972
99.8574
99.8894
99.8972
99.8205
99.8286
99.916
99.8282
99.8728
99.8129
99.8988
99.8386
99.8932
99.8815
99.8848
99.8767
97.5764
97.7777
99.7689
99.8224
99.9043
98.1382
99.8856
99.8449
99.8889
99.9115
99.7923
97.6166
99.7735
99.8491
99.9575
98.1762
99.8356
96.4368
99.9148
99.8149
99.8986
97.8364
99.7968
99.9367
99.7831
99.8501
99.9406
99.9172
99.8387
99.8882
97.664
97.8067
99.7998
99.9108
99.8195
99.8371
99.8111
97.7413
99.857
97.5591
99.8612
97.8524
99.8029
97.6418
99.8807
99.8568
99.8241
99.9362
99.9542
97.5279
99.8698
97.0194
99.7584
99.9151
97.6183
96.6443
99.9887
99.8511
99.8627
97.5844
99.8728
99.8754
99.8956
99.8304
99.7559
99.6863
99.877
99.891
99.7729
99.8176
99.8903
99.8358
99.8423
99.8544
99.8526
99.9434
99.8619
96.9843
99.8269
99.9071
99.8784
99.7417
99.9251
99.8797
96.5603
99.8657
99.8299
96.849
99.885
99.9841
99.871
99.8704
99.8923
98.3635
97.7063
99.8486
99.8707
99.8675
97.763
98.2232
99.9426
99.808
99.8381
99.9677
99.7361
99.8103
99.8957
99.9073
99.8681
99.8098
96.9035
97.6738
99.9092
99.9297
99.8438
99.8796
99.8349
99.8867
99.8992
99.8609
99.859
99.9473
99.8114
98.1803
99.8181
99.8214
99.9444
99.9849
99.7876
99.8901
99.8506
99.8161
99.826
99.8226
99.8554
97.5641
99.9315
99.8997
99.8084
96.7226
99.885
99.9002
99.9626
99.909
98.3835
99.8216
97.6365
99.8839
99.7723
99.7675
99.8929
99.8922
99.9282
99.9406
99.8682
99.9076
99.797
99.7815
99.9359
99.9186
99.901
99.9127
99.8407
99.8516
99.9043
99.9577
99.8448
99.8317
99.9061
99.8377
99.9227
97.6515
99.9037
99.7483
99.8229
99.882
97.4869
99.7867
99.8432
99.9055
99.8118
99.8614
99.8589
96.6043
99.8338
96.7364
99.8683
99.785
99.8281
96.9323
97.7212
99.8662
99.7989
99.8884
99.8595
99.8619
99.8736
97.5568
99.8568
99.8099
99.867
99.9759
99.8862
99.8061
99.8786
99.8157
99.8271
99.7277
99.7236
98.2942
99.9398
99.933
99.768
99.8063
99.934
99.9146
99.8307
99.7802
99.9128
99.8533
99.8432
99.8711
99.8855
99.9085
99.8886
99.7463
99.8666
99.7127
99.7998
99.8382
97.0119
99.9476
99.7608
99.9452
99.912
99.884
99.8621
99.8253
99.8967
99.9512
97.9039
99.8908
99.8674
99.9127
99.8801
99.7956
99.9024
99.8206
99.9146
99.8041
97.7837
99.9098
99.8358
99.8626
99.9114
97.742
99.8986
99.8558
99.7511
99.7813
97.7991
99.8171
99.9059
96.6216
97.6086
96.912
99.8557
99.8816
99.8396
99.8902
99.857
99.8644
99.7184
99.8826
99.7938
99.8431
99.9764
96.653
99.8096
99.8202
99.8526
99.859
96.7648
99.8412
97.5591
99.7789
99.7963
99.8915
96.663
97.7503
99.921
99.9013
99.8431
99.8289
99.9514
97.578
99.8295
99.8652
99.8582
99.8787
99.8089
99.8205
99.9125
99.9214
99.8564
99.9466
99.9585
99.861
99.846
99.9325
99.8926
99.9072
99.8306
99.9167
99.8677
99.8057
99.8268
99.8514
99.7176
99.878
96.6595
99.9562
99.884
99.9738
99.881
97.7908
99.9267
97.5507
99.8391
99.8897
99.8511
99.9296
99.7578
99.8975
99.9252
99.8148
99.9422
99.8197
99.8372
99.8284
97.6154
99.8697
99.8709
99.8972
99.8476
99.8887
99.799
99.8514
99.8274
99.8859
99.7993
97.6725
99.8153
99.7974
99.9104
99.8516
99.897
99.8167
99.8896
99.7457
97.8176
97.7589
99.8319
99.8427
99.8853
99.9181
99.8042
99.84
99.8615
99.8695
99.8485
99.803
99.8723
99.8719
99.9664
99.845
97.6799
99.8777
99.903
99.8155
96.6866
97.8079
99.9122
99.855
99.7353
99.7875
99.799
99.8278
99.8297
96.6797
99.7782
99.9034
99.9155
99.8699
99.8632
99.8337
99.971
97.7046
99.929
99.8584
99.7744
99.8574
96.3923
99.9054
99.8104
99.7958
99.8797
99.8788
99.9566
97.5931
99.866
96.5397
99.8488
99.843
99.8327
99.7975
99.8169
99.8765
99.8655
99.8839
99.6998
99.7379
99.8981
99.8372
97.4942
99.7728
99.9557
99.7932
97.6363
99.8446
99.835
99.7399
99.9079
