99.7505
96.7568
98.7027
96.7969
98.8786
96.7341
98.3159
96.8269
96.8181
98.9304
98.9132
98.1825
96.6472
98.0606
98.6233
96.7342
96.7268
98.7218
99.8037
96.7672
96.6967
96.8211
98.9719
98.5217
96.9565
98.2511
99.0863
99.7505
98.3944
98.3609
98.1384
96.657
96.7228
98.3859
99.0054
98.7006
99.0906
97.9768
98.4651
98.9033
96.7334
99.6936
98.9763
98.1693
99.5678
96.6712
96.7139
96.7559
98.3531
99.2127
98.7928
98.6007
96.6823
98.9153
98.4414
99.0793
97.1028
96.7977
96.7015
99.1757
96.5581
98.3223
97.188
98.6458
96.6889
98.306
99.404
96.6734
96.6394
98.3345
97.0702
96.6132
99.0779
98.5181
98.2424
98.7648
98.3531
98.2424
98.4077
98.6257
96.9842
98.2564
98.3067
96.737
98.4496
98.2326
96.792
98.7137
98.8292
98.3345
98.7133
99.2928
96.7797
96.745
98.4369
99.6294
98.822
99.115
96.868
98.755
98.9726
98.263
96.6455
96.7328
96.8189
98.2917
98.9342
98.3481
99.3766
98.1607
98.9509
96.6676
99.0591
98.3797
96.6409
98.3293
98.755
98.2143
98.2883
99.2121
98.3493
98.8132
97.2922
98.3545
96.7708
96.7806
99.9725
98.3153
98.4958
96.7154
98.3786
99.3537
96.7538
98.7749
96.6718
98.531
99.4649
96.756
96.6146
98.0022
99.1221
98.3129
98.9344
96.6931
96.7218
98.6108
98.7044
96.6734
98.4591
98.7584
98.2817
96.7733
98.3654
98.6541
98.2234
98.8068
96.7635
97.9153
98.1641
96.6939
99.1129
98.3432
96.7283
98.2334
99.5015
98.1823
98.7779
98.3646
96.8004
98.9416
98.3798
98.3844
96.6924
96.7952
98.3941
96.6659
98.3944
96.6074
96.7122
98.1461
98.7775
96.9089
98.4252
96.8194
97.1967
99.2997
99.5617
96.7038
99.7791
99.1134
98.6854
98.7013
99.9029
99.126
99.1397
96.802
97.2546
97.0702
96.8104
99.0174
96.5343
98.4236
96.6766
96.6056
99.9982
96.8402
98.6038
99.3461
99.1107
97.1218
98.4185
98.8243
98.8313
98.9033
96.8514
96.7091
98.1709
96.7911
96.6867
99.1458
99.9136
98.3253
96.459
96.7039
99.646
96.6812
98.6426
96.659
99.824
96.7053
96.7776
96.6612
99.4271
99.0031
97.2701
98.2489
98.6735
98.5171
96.8084
96.5591
98.3873
99.0227
98.1461
98.4175
98.8378
98.5325
99.4252
99.116
96.6668
96.5577
96.7022
98.703
96.9582
98.338
98.2527
96.6809
98.3372
96.7189
96.6718
98.3129
96.737
98.1495
98.7928
98.4121
98.916
99.9949
98.6038
98.4323
98.3141
96.7427
96.8542
98.3979
98.6798
99.0361
98.6978
97.9482
98.6978
96.6801
98.7999
98.3292
96.6891
98.2892
98.8256
96.6495
98.5664
98.1687
98.2667
96.6678
98.4023
96.8826
99.0525
99.0028
96.6707
97.2854
96.6856
96.7922
96.7235
98.7016
98.2002
98.6683
96.7312
98.3126
98.184
98.663
97.2455
98.2883
98.6966
96.8726
98.2756
98.486
98.6243
99.4519
98.5217
98.2901
98.4245
98.5766
98.3283
99.147
98.3472
97.1983
99.0134
96.6042
98.2829
96.7222
98.3087
99.8677
96.6914
98.7711
98.2961
99.1379
99.5263
97.2679
96.7573
98.2947
96.8269
97.1613
98.2996
98.3603
98.3627
96.6677
98.3397
96.7965
98.3304
98.457
96.7806
96.6386
98.4656
96.7072
96.6583
98.4967
96.757
96.757
96.727
98.7155
98.7216
98.9584
98.7611
98.1945
96.6718
98.3126
98.2572
98.3789
98.2728
96.7014
98.5382
99.0828
98.7491
98.4236
98.4338
98.2947
98.4516
98.7825
98.6108
96.646
96.8078
98.2883
98.4024
99.8677
98.7232
96.7091
99.2466
98.279
98.8247
96.9842
97.2556
98.6849
98.6151
96.9842
98.726
99.3144
96.5888
96.8219
99.2687
98.3581
96.6796
98.3689
96.6132
96.8298
98.3293
97.7691
96.7009
98.7611
98.2907
96.7328
98.0928
96.7278
99.3537
98.4911
99.1379
98.7262
98.6792
98.6385
98.1285
98.4555
98.7623
96.8217
96.6985
98.2968
96.6643
96.6957
98.2295
99.0616
98.8404
99.2687
99.5799
97.2314
98.3167
98.3083
98.4689
98.4011
98.9041
98.0865
98.7027
96.8211
98.3464
98.7223
98.835
96.7611
98.2967
96.8117
98.5268
96.8344
96.8388
96.9208
98.3437
96.8175
96.7646
96.9208
97.1193
96.8084
96.4738
98.3026
99.0793
98.7611
98.3791
99.5799
98.6667
98.3331
99.1077
98.5072
98.9505
98.4347
98.4743
98.8658
97.1971
98.1428
98.3741
98.5048
99.1258
99.8867
98.3616
98.2018
99.8081
96.905
98.2985
96.7188
99.0506
98.7352
96.6219
99.6174
98.7212
96.8968
98.2123
98.6098
97.2948
98.3323
98.8514
96.7297
96.7181
98.9875
98.3614
98.7315
98.753
98.6126
98.5296
97.2309
98.3014
96.7982
96.7062
98.6453
96.6921
98.8064
98.8457
98.7574
98.9519
97.2701
98.4253
96.8267
98.3381
98.6669
98.8534
98.2991
98.3015
96.6075
98.6849
98.9642
98.1825
98.4706
98.8712
96.757
96.8104
98.8973
96.6904
96.6331
96.6771
98.3774
96.6921
99.054
96.7969
97.2101
97.2793
98.2056
96.7261
96.8703
98.2633
96.4326
98.6409
99.8852
97.2309
98.3241
99.0629
98.4245
97.2611
99.0361
99.1057
98.7575
99.0448
98.3983
98.9642
98.3278
98.2117
98.4989
96.7154
98.6159
98.394
98.2846
99.1591
98.8374
98.7378
96.7097
97.1875
98.3545
96.6985
96.7278
98.3597
99.161
98.1541
96.704
98.8518
98.3569
98.1053
96.8438
96.7828
98.3048
96.6698
98.7627
96.3507
96.8806
96.669
98.9092
98.4136
98.1549
98.8786
98.2361
96.6132
96.7554
98.4815
98.7896
98.7189
99.1317
98.3011
98.2554
99.6574
98.6973
96.519
98.4069
98.9771
99.1069
99.8224
96.7224
98.4153
98.7378
97.2091
98.6956
98.7412
96.6823
96.6557
98.3398
96.6455
98.7099
99.7003
98.7623
96.8838
99.8444
96.6856
98.7189
98.6544
96.9565
96.5919
96.618
98.3078
96.7588
98.4073
96.7083
98.6478
98.4716
96.6798
96.6791
96.8541
96.7977
98.6259
96.7022
99.5581
98.844
98.3505
98.5662
98.1893
98.8959
96.7317
96.7264
96.8214
99.1275
98.2498
96.777
98.3616
96.6078
96.708
98.4689
96.622
96.7555
98.8668
96.7416
98.5039
98.9642
98.3898
96.8339
98.8163
98.7925
98.184
98.4011
98.7224
98.3762
98.3119
98.4211
98.4016
96.7011
98.3394
98.6261
98.395
98.3805
98.7892
96.7772
98.3707
98.3073
98.3629
96.9063
98.8136
96.7333
96.6455
96.7482
98.5536
99.0077
98.2226
98.4227
98.7945
96.7877
96.7352
98.2683
98.2862
98.4227
98.8203
99.0226
96.7342
98.3644
98.3153
96.7557
96.6678
96.7296
96.7643
96.739
96.587
96.7372
96.7228
97.3015
99.4252
96.7278
99.9949
97.1967
96.785
98.3804
96.9839
99.5834
96.6858
98.5704
99.5272
96.8054
98.703
96.5672
98.4322
96.8993
96.7642
96.8676
98.7052
96.7117
98.4184
96.6718
98.3331
97.2188
98.3774
98.6346
99.7506
98.8447
98.3648
96.6532
99.116
98.996
98.2146
96.6939
96.7818
98.8181
98.7914
98.5982
99.0383
99.0952
98.6702
98.5151
99.5015
98.7217
96.6766
99.0273
96.6073
98.4253
98.9344
97.3015
98.9166
98.7276
98.2802
96.7627
99.1757
96.9248
98.401
98.3011
98.3494
98.251
96.77
96.617
98.7091
98.9693
96.7557
98.4689
98.3302
96.6536
96.7622
98.9092
96.6692
98.6426
98.3735
96.6312
96.777
96.6712
99.1862
96.7139
98.838
96.6219
96.7614
98.3397
98.314
98.5877
99.0486
98.9944
98.5921
98.4624
98.2959
97.2793
96.8054
96.6795
96.759
98.236
96.6899
98.6319
96.8471
98.6281
98.2582
96.8263
98.406
98.2352
98.2105
99.6115
98.3757
96.7437
98.4543
98.332
98.8612
98.3232
98.4603
98.3718
98.7108
96.7117
98.2901
98.0928
98.8688
98.8148
98.3397
96.8446
98.7438
97.2203
98.3934
98.2772
98.996
96.5936
96.7244
96.8473
98.271
98.3087
98.338
96.8731
96.7281
98.8261
98.7494
96.7042
99.1583
96.6157
98.4089
96.672
98.5982
99.5272
96.8124
96.7385
96.7383
99.2203
96.6052
98.1453
99.6656
96.6623
98.1712
96.8631
96.8322
96.6718
98.5851
96.6386
98.4227
98.4023
96.7903
96.6612
97.1201
98.8155
98.8668
98.2554
98.3242
96.7304
98.249
98.3159
98.3253
98.3167
98.3812
98.5563
96.7658
96.7588
96.7136
96.8066
98.7801
96.7708
98.8596
98.1391
96.893
98.7584
98.1678
99.0976
96.6821
96.7068
98.3104
96.7848
97.1875
99.047
98.3518
96.7004
96.6799
98.6973
97.8056
96.7615
98.2641
96.8045
98.4322
97.2465
99.4185
98.6763
97.2289
96.6309
98.7968
96.8435
98.7664
98.9324
96.8265
96.7107
98.2139
99.0273
98.4308
98.4706
98.9252
96.6579
98.3747
98.4211
98.3786
99.8665
98.279
96.6081
96.6988
99.4701
98.2694
96.839
98.2667
98.8183
98.7218
98.0765
96.7787
96.643
96.6553
96.7969
98.395
96.5287
99.5006
96.8307
99.1381
98.7806
96.7674
96.8263
96.6285
98.3298
98.749
98.6509
98.2814
98.8032
98.8347
98.3036
96.6285
96.8515
99.1705
98.6556
98.588
96.8043
99.0607
98.4496
98.7729
96.8413
98.3428
96.6065
96.7614
96.7648
96.6236
96.8084
99.13
98.263
96.657
96.7767
96.6491
98.2605
97.8056
98.3831
96.4386
98.4303
99.1184
99.0525
98.2511
98.4706
99.1679
98.7792
98.2968
96.6956
99.1397
98.2287
96.6602
96.9063
96.7935
98.271
96.6393
98.3437
96.7301
98.4507
98.7065
98.1384
98.238
96.7008
96.7614
96.8605
98.3013
96.9089
98.1641
98.3351
96.8632
98.8469
99.293
96.7802
98.8347
99.3753
99.0676
98.4685
98.4842
98.3931
96.8813
96.6644
96.7672
98.0397
98.6955
98.0817
96.7416
96.835
98.1911
98.3886
96.6438
98.1771
98.6256
98.3886
98.279
98.3843
96.7615
98.3696
97.2566
96.6976
97.1528
99.852
96.6924
98.6723
98.6881
96.71
98.2016
96.6219
98.2467
98.7062
98.8378
98.279
98.2117
98.0899
96.8222
98.3747
98.7152
98.4564
96.7776
98.3149
98.708
98.3517
96.771
98.7216
98.7212
96.7397
98.4685
99.0536
98.7438
96.6794
98.2802
98.9304
97.1613
98.4471
96.7767
96.5581
99.8023
98.8432
98.4085
96.7975
98.7063
98.6374
96.5361
98.4414
98.6702
99.2173
98.6849
96.6684
98.8374
96.7567
96.6732
98.6151
98.3359
98.0966
98.4685
98.3199
98.2805
98.7932
98.4591
98.9667
96.7554
97.0661
98.9726
99.1092
98.3677
98.3414
99.4271
98.3616
98.346
98.4507
97.2188
98.2136
98.2651
99.0807
96.6712
98.5815
99.0447
96.7565
98.6151
97.0661
98.279
96.7445
96.7004
99.7093
98.3189
98.9719
98.1454
98.1973
99.612
98.624
98.2893
98.2683
98.3958
98.5897
98.2159
98.4261
99.0028
96.8163
96.8436
98.6283
97.1815
96.9842
98.2853
99.0054
98.8203
96.7003
96.7231
99.126
96.6133
96.6108
96.7102
99.2928
98.345
98.7352
98.2698
99.4556
96.6856
98.4025
98.6827
97.2716
96.804
98.3568
96.8894
99.1077
98.7108
98.3074
99.0028
96.6553
96.6187
98.0042
99.1273
96.7247
96.7212
98.3372
98.2312
96.8048
96.7657
98.7615
99.0585
98.345
96.934
98.3897
98.7063
98.3445
99.0428
96.7398
98.2492
96.6422
96.8013
99.116
98.7873
98.2067
98.9855
96.7083
96.6074
98.3323
98.7509
98.2787
98.5664
98.7041
99.1071
98.9344
98.6832
98.1532
98.168
98.9682
98.7876
98.9559
98.7426
96.7978
98.7105
98.3001
96.6962
98.4236
96.6698
98.4925
96.6931
99.0467
98.6973
98.6183
99.2928
98.7611
98.3445
98.447
98.3646
98.8712
97.9698
96.6642
98.8132
96.6459
97.1586
98.3199
97.1983
96.8671
96.6172
98.6319
98.3948
98.7407
96.7292
98.2084
98.6019
98.9
98.3618
98.0511
97.2289
99.1537
98.1884
98.1585
96.8222
99.8293
98.8431
96.6476
98.3445
98.3224
98.3595
98.7964
98.3185
96.7555
98.3558
98.1687
98.3414
96.6972
98.4091
98.5304
96.4863
96.657
98.4338
96.7542
98.3382
99.0203
98.2996
96.7653
98.0765
99.7844
99.3876
96.8211
99.0475
98.6626
98.3629
98.9166
98.4057
99.1563
98.2123
98.7407
98.8007
96.8297
98.4118
96.6931
98.7749
98.2772
98.4585
99.1251
96.6923
99.0569
98.3948
96.6725
97.3062
98.339
98.3894
96.5803
96.7512
98.9153
98.5171
99.8025
98.2531
96.7915
98.1759
96.6107
96.4085
96.7685
98.2125
99.0031
96.6769
96.5577
96.7477
98.395
98.221
98.4329
96.6476
98.5217
98.4965
98.389
98.2903
97.2386
96.752
98.6763
98.7426
98.4085
98.6439
98.3331
98.2764
98.1738
96.715
96.6762
96.6872
99.8852
96.8161
98.5985
96.6718
96.6066
98.6478
98.479
96.6212
99.5114
96.8402
96.7776
96.7588
98.5712
98.811
98.6328
98.8959
96.8375
98.4499
96.7562
99.1874
98.2527
98.2764
96.8189
98.3493
96.6789
96.7333
96.7841
96.71
99.9875
98.2139
98.4466
96.6257
98.6453
98.6353
98.2123
98.5662
98.6281
96.6856
96.7848
96.8084
98.4778
96.7673
99.6582
98.2738
98.2667
98.4322
98.4977
96.8297
96.4849
98.994
96.747
98.2574
98.3644
96.6931
96.6455
98.2091
99.5922
96.5731
98.7749
96.6448
98.3528
99.8141
96.643
98.6047
98.6086
99.0551
98.5039
96.6455
99.3969
99.0077
99.7177
98.841
98.8677
98.4169
98.3779
96.8701
98.6683
99.6197
98.387
96.875
99.2075
98.9719
99.0369
98.86
99.9238
96.89
99.0902
98.2731
98.3999
98.4013
97.2779
97.2138
96.5083
96.8602
98.41
98.3397
98.7426
98.3747
96.7877
98.4612
98.6019
99.2127
98.9758
99.1059
99.0616
98.3475
98.6093
98.2071
98.2492
96.5374
98.3569
98.4141
98.7939
99.935
96.6393
97.0336
99.9875
96.7139
98.7281
98.7641
98.3792
98.3535
96.6762
98.2985
96.6867
96.8436
98.6281
98.5325
98.8431
98.8375
97.2455
98.4062
96.6696
98.6908
96.7554
96.715
96.7335
98.1914
98.8181
98.7352
98.3083
99.0414
98.7189
98.3774
97.2138
98.3828
99.3144
96.7802
98.6216
98.5957
98.7011
99.0429
98.1607
98.6376
98.3648
99.2177
98.4659
97.1978
99.0077
96.7604
98.4345
99.4177
98.9726
96.6856
96.8964
99.074
98.2862
98.7149
98.739
96.7444
98.1199
98.4026
98.6768
96.8703
98.2181
96.7679
96.7042
98.4818
98.1712
97.2314
98.2143
96.7044
98.1815
98.4249
96.6248
96.7064
96.7431
98.8457
96.9248
98.7749
96.8477
98.7009
98.3934
99.9725
98.2422
99.0597
96.7479
98.3934
98.6768
98.4965
99.1688
98.1083
98.3801
96.8084
99.7003
96.7139
98.3218
98.6284
98.7217
96.5649
98.5151
96.6792
98.6028
98.3388
99.086
96.8093
98.3729
98.7204
96.6553
98.2965
99.8156
99.2932
98.5259
99.4439
96.6856
98.6687
99.762
98.3805
96.7498
98.359
96.6872
99.0281
98.3897
99.3537
96.6911
98.5376
98.5048
99.1028
99.7905
98.3958
98.588
96.6532
97.2203
98.3741
98.1657
99.1874
98.4163
98.6583
98.2991
97.1293
96.7309
96.7436
98.3526
96.8348
96.4388
98.4054
98.5486
98.4023
98.7644
96.7873
96.7669
98.3507
99.0467
96.6368
98.2379
96.6766
98.1454
98.4054
99.0459
98.3506
98.2261
99.852
97.2917
99.0443
98.8149
96.7274
96.6516
98.981
99.0607
96.5866
96.519
98.2664
98.2681
98.8668
98.2016
98.0763
96.7877
98.9719
96.6773
96.7772
96.8476
96.7204
98.3615
96.8009
96.6842
98.755
96.4786
96.7732
96.829
98.6908
96.6967
98.3428
99.8293
98.7159
96.7889
96.7495
97.1037
98.385
97.2488
98.7539
98.712
98.3913
97.1218
98.811
96.9061
96.6762
98.8048
96.7301
99.0585
99.9725
96.6476
96.7646
98.4025
98.3813
96.77
98.7607
96.8603
98.3279
96.734
98.3297
98.2772
98.7006
98.414
98.395
96.4426
98.5835
98.994
96.7981
98.4708
98.3777
96.5361
96.6841
99.161
96.7484
98.4369
98.3329
98.2165
98.4507
99.0486
96.6698
98.4925
98.6509
96.7479
96.7436
99.0028
98.8006
96.5919
98.5296
96.8297
96.7328
98.8699
98.6609
98.0776
98.2489
98.767
98.398
98.3627
98.792
98.3078
98.2379
98.2105
99.0616
98.3332
98.7091
96.5888
98.7574
98.201
98.2801
98.3129
96.5976
96.6209
98.3281
96.6498
97.9768
98.6281
98.4491
98.5606
96.7333
98.1454
96.8297
98.4101
98.6358
98.3141
98.4499
98.394
98.3597
98.3176
96.7559
98.0022
98.7453
98.2002
99.293
96.8435
98.3708
98.9156
98.8668
96.8976
98.352
96.5091
96.7672
98.2497
96.6224
99.1221
98.4522
98.3452
98.3179
98.7352
96.6789
96.6762
97.2922
98.4347
96.8128
98.2834
96.7042
98.8026
97.2386
99.7505
98.2907
98.1425
96.6075
98.3778
96.6576
98.6439
98.3154
98.6381
98.8352
98.3528
98.3048
99.0313
98.4378
98.3048
96.5137
98.2122
98.5171
99.8609
98.9403
99.0226
99.154
99.1537
96.65
99.1069
98.9124
98.4073
98.6429
98.6008
98.2869
98.8156
98.6077
98.7224
98.3749
99.1117
98.0763
98.3706
96.7444
98.2025
98.4425
96.6897
98.24
98.3398
99.4888
98.38
99.0448
98.9233
98.5704
99.1221
98.6108
98.3612
98.2509
98.2763
98.5555
99.1393
96.6457
96.741
98.2664
96.641
97.2589
96.8543
96.6451
98.4249
96.8268
99.2929
96.7443
98.4012
98.8026
98.3615
96.7397
99.0031
96.5886
98.9071
98.8364
98.6019
98.4182
97.2168
98.2117
96.8418
98.3792
96.7662
97.2509
99.0996
98.3873
96.6872
97.2341
98.7885
99.0467
98.8364
98.6478
96.7512
98.5464
98.3224
98.6631
96.7989
96.8352
98.3786
98.3129
98.3735
96.7606
98.1425
99.1172
98.4009
98.7643
98.7189
98.064
96.677
98.1532
96.7268
97.2363
99.1397
96.6355
98.2996
98.4184
96.7083
98.1495
98.7041
99.448
98.455
96.7923
98.7749
98.6622
98.6854
98.2667
98.389
97.2101
98.2336
96.6902
97.2926
98.6233
96.8475
98.3265
96.7079
98.7187
98.7159
98.1532
97.1028
98.2714
99.1172
98.6735
96.6499
98.3104
98.2683
98.3552
98.2165
96.7022
96.8413
98.7325
98.4118
98.7108
98.981
98.7575
98.5048
98.3067
98.7476
98.8026
98.5854
99.5851
98.3269
98.2764
96.573
97.2701
99.3537
98.394
96.8471
96.8307
98.3201
96.6792
96.5976
98.6228
98.474
98.3531
98.3895
96.5361
96.7625
98.6353
98.7623
99.1273
98.9855
99.6197
98.2853
96.7555
98.7045
96.7139
98.6715
98.4467
97.3247
96.5936
98.4109
98.7099
96.7458
98.7156
98.3666
98.7589
96.7055
98.5268
98.367
96.8436
98.4175
98.3835
98.2687
96.7136
98.3687
96.8605
98.3033
98.4024
98.4163
96.5104
96.704
98.4109
98.2258
98.2242
98.3747
98.8596
98.2681
96.814
96.6285
98.2026
98.3797
98.3689
98.6522
96.8838
99.8849
98.4364
98.4253
98.4338
98.2985
96.7391
98.7801
99.4185
98.4157
98.6687
98.6453
98.7013
98.3372
98.9416
96.7672
96.6236
98.6631
98.7417
99.3738
96.8193
99.1388
98.3898
98.8645
98.9156
97.2005
96.5992
98.7729
98.4619
98.3073
99.1407
98.1945
96.7218
96.6963
96.7846
96.748
99.4073
96.7675
96.5192
98.2123
96.6475
98.7876
98.2531
98.3242
96.7658
98.4782
96.7868
99.1239
96.7004
98.3381
96.7398
99.293
96.8529
98.187
99.0974
96.4425
98.2572
98.9251
97.2926
98.8537
96.6142
98.3988
96.7247
98.7864
99.8497
99.0891
98.7216
98.8469
99.1723
98.2219
96.7677
98.4096
97.2566
97.2922
98.3312
97.2922
98.3401
98.2165
98.7927
98.6283
96.7351
98.7108
96.7038
98.2312
99.8609
96.7672
98.4136
99.9949
99.0428
96.708
98.8457
98.4054
98.4732
98.3972
96.8402
96.5584
96.7301
96.6491
96.5788
96.5714
96.7566
98.1105
96.7309
98.3297
96.8027
99.8825
97.2857
98.4061
96.934
99.0362
98.4024
96.6892
98.7641
98.2492
99.2827
99.7844
98.2712
98.712
98.306
98.6256
99.0718
96.6534
98.2814
96.8059
99.0856
96.7915
98.1921
98.936
98.4961
98.6978
98.3558
98.7811
98.2159
98.2164
98.4242
99.5145
98.6409
96.741
96.7062
98.7421
98.801
98.0928
98.3619
98.4954
98.7309
96.7334
96.6644
98.4026
97.1613
98.8934
98.8148
98.7664
98.5712
99.0364
98.9342
98.3469
96.7658
98.3176
96.7859
96.7122
96.7386
98.9435
99.4985
99.9906
96.7481
98.4175
98.3812
98.2361
99.7365
98.345
98.7218
96.7669
99.8852
98.2901
98.6162
96.8476
98.365
98.2429
96.8806
98.9903
99.4783
99.0426
96.6078
98.4522
96.6384
96.7526
96.4426
96.7537
98.5558
98.3703
98.6175
98.3487
99.0809
99.7637
98.0511
98.3507
98.4223
98.2017
99.3826
96.746
98.7643
96.6957
98.7134
98.758
98.5914
98.6455
98.3074
99.7821
98.7315
99.4185
96.6128
98.3653
96.8119
96.6557
98.1541
98.2041
98.3902
98.6582
98.6283
98.6381
98.9939
98.9252
98.5171
98.6717
98.4958
98.8032
96.8826
98.6735
98.4023
97.9017
98.4028
98.4177
96.681
98.343
98.994
96.7951
98.4965
98.8326
96.8204
98.4572
98.4145
98.6468
97.188
96.8806
99.0207
98.2459
96.748
99.0788
98.2547
97.2086
98.8577
96.7015
96.657
98.272
99.0283
98.6466
98.4543
96.7372
98.5662
98.7572
96.9248
96.6902
98.6047
96.7789
96.5748
98.2245
98.2507
98.8352
98.8374
97.0974
98.2724
97.3084
97.2987
99.7562
98.4069
99.4437
96.8701
98.4344
98.5912
96.6093
98.4136
98.9473
99.2928
97.1347
96.8298
96.7334
98.2417
98.3609
96.6073
98.9435
98.764
98.6216
99.7791
96.5959
96.6668
98.2239
96.6901
98.4163
98.6397
98.187
98.2384
98.7801
98.3526
98.6628
96.7107
98.3891
98.3568
96.8703
98.3724
99.1385
98.2781
98.4562
98.6319
98.4262
98.3936
99.9981
98.4338
98.3141
98.6622
98.1493
98.6978
98.3103
96.9215
96.6692
98.2952
98.4791
98.2299
96.785
96.7975
98.6467
98.2694
98.2717
98.9763
96.6849
98.226
97.1997
96.6027
98.8123
98.3332
96.7776
98.6245
98.7189
98.4585
98.0397
98.3183
99.0761
97.2398
96.6042
98.4262
96.8013
98.3235
98.3824
98.4862
96.7772
96.849
98.4069
98.527
98.6978
96.6457
98.4435
96.7641
96.7542
96.6812
99.4722
98.424
98.2211
98.9416
99.0664
98.9798
99.1874
98.8136
98.2728
96.9112
98.2467
96.8066
98.3627
96.7072
98.2089
96.6075
96.6425
99.4874
96.9565
98.3074
98.2934
98.2854
98.2651
96.7104
99.1106
99.1862
98.3897
96.7981
96.769
98.9156
96.7512
98.187
96.7342
99.0054
96.7366
96.8166
98.2338
98.4028
96.7212
96.7787
98.1956
98.394
98.7719
96.697
96.7674
98.4401
98.479
99.0926
97.2611
98.3427
98.3652
98.3996
98.359
96.6663
99.0475
98.4533
98.3242
98.4862
96.7658
96.6985
98.3015
96.6801
98.2572
98.2241
98.1017
96.5959
98.2872
98.201
99.0134
98.3456
97.2249
96.6718
98.2582
96.7106
98.6584
98.3362
96.6451
98.3152
98.359
96.8189
96.5374
99.0136
96.7212
98.2772
96.6042
98.3747
98.4837
98.7242
98.4599
96.8117
98.7716
98.3603
99.0996
98.3293
96.8097
96.6924
96.7309
96.9937
96.7227
96.6671
96.6796
99.032
97.7691
96.8153
96.7392
96.6996
98.6875
99.8825
96.8531
96.6679
98.0966
96.7766
98.3961
96.6049
98.4338
96.7371
96.6663
98.3201
98.4062
98.7425
98.7648
99.0209
97.2587
96.8041
98.3747
96.7672
96.6649
96.4863
96.8013
96.785
98.4606
98.156
96.7828
98.7645
98.4345
98.3293
98.3135
98.8068
98.3428
96.6457
98.4077
96.468
98.6126
98.3997
99.1688
96.7203
96.7981
96.7383
96.7828
98.7627
98.224
98.5464
98.5888
96.6802
96.8214
99.0073
98.099
99.1313
98.3651
96.56
96.7963
99.1757
97.188
96.6897
96.7495
98.2651
96.6642
96.4425
99.0586
96.7556
96.6707
96.871
98.3842
98.6631
96.7481
98.9944
97.853
98.3848
98.3771
98.7462
99.0378
97.1293
96.8379
98.2996
99.0079
96.5168
96.7358
96.6491
99.0585
98.6245
97.3131
98.4214
96.789
99.497
98.0322
96.8756
96.6042
96.6438
98.86
99.0828
97.3062
96.7312
98.3004
98.749
96.7733
98.8098
98.424
97.2086
96.8564
96.8098
98.5519
98.2539
96.6677
98.6098
99.0919
98.3067
98.4435
98.3004
99.0105
98.1961
96.5672
96.6897
97.2509
98.9352
96.6146
98.29
98.8619
96.7467
98.3385
99.9715
98.7129
96.8281
99.0664
99.0809
98.3617
98.6776
96.618
98.6733
98.416
98.201
99.9026
98.3153
99.1059
98.0966
98.3052
98.6257
99.1984
98.6257
98.6667
98.2997
96.7227
96.643
98.359
99.7712
98.0397
98.1391
96.681
99.1783
98.2109
98.9442
98.8577
98.2965
98.2296
98.8959
96.8093
98.7425
98.7868
96.6692
98.3343
99.2997
98.345
96.7912
98.7719
98.4956
96.5374
98.3425
98.4401
96.774
98.9033
98.8247
99.0253
98.7945
98.3948
99.7056
98.7631
98.4965
98.4993
98.7439
96.6072
98.8347
98.7396
98.6245
98.7849
96.8603
98.3001
99.0585
99.4999
98.7281
96.7989
97.2793
98.363
98.2656
98.5376
96.4394
96.8027
99.2938
98.3241
99.0234
96.6474
96.5233
97.2793
98.8479
98.7574
98.7653
97.2102
98.4593
98.86
98.3317
96.9775
98.5174
96.6738
98.2972
99.1148
97.2511
98.7238
98.2949
98.3026
96.5074
97.2546
98.7389
98.8048
98.2673
98.3001
98.6439
98.624
98.9293
98.8609
98.5382
98.7957
99.068
96.8298
96.5158
98.3183
98.3207
96.5192
97.2363
99.2928
98.3427
99.0597
96.7727
98.7615
97.2716
96.6132
98.3026
96.8542
98.822
98.2817
96.7189
99.0429
96.741
98.3418
98.5982
98.0042
98.3772
98.4295
97.2168
96.3698
98.2108
98.4733
98.4466
98.2984
98.401
98.4369
97.2854
98.0397
96.7374
98.3267
99.0448
99.3876
97.3485
98.2572
96.5731
96.5568
98.9519
98.2002
98.8064
98.389
98.5171
98.6545
98.4185
98.6722
98.3558
96.6178
98.3067
96.8058
96.7499
99.5274
98.1759
98.3253
96.7355
96.3698
98.1874
98.8658
98.3673
96.7567
98.1299
99.3515
98.588
98.2651
98.401
98.7281
98.7914
98.4003
96.7615
96.7304
98.4153
98.3292
96.7097
96.6107
98.3771
98.1739
96.7555
96.5083
99.3826
96.7342
96.7859
98.3851
98.6847
98.8668
98.3293
98.6082
96.4425
98.3597
96.5748
98.7876
98.6093
98.3144
96.6891
96.6093
99.0187
98.6261
99.0772
99.558
96.6856
96.7087
98.4085
99.4957
98.1823
98.5486
96.5936
99.013
98.4606
98.1493
98.3536
98.4203
98.666
99.0173
98.6284
98.6047
98.1017
98.9639
97.2909
98.184
99.1312
96.7566
98.4085
99.9029
99.0283
98.7291
98.2769
98.5815
96.6417
96.804
98.7574
98.3646
96.7827
99.116
99.1688
96.6398
98.3143
98.6768
98.3805
98.5921
96.519
98.6493
98.4284
98.1736
98.3926
98.6421
98.2801
98.3898
96.7353
98.3908
98.1921
96.8671
97.2779
98.306
98.7412
98.4454
98.1915
96.6907
97.0561
98.5617
99.7844
99.0174
96.792
98.9416
99.8037
99.4977
98.1083
99.192
96.7759
96.8108
96.7113
96.8592
99.0031
98.7332
96.6375
98.4837
98.4937
96.9068
98.0511
96.7187
96.7039
98.4253
96.8175
98.5555
98.7307
99.6582
99.8447
98.394
98.6584
96.6908
98.9962
99.5229
98.5606
98.1607
96.7828
98.4329
98.4491
96.6557
98.4227
98.3268
96.6963
97.9153
99.6174
98.6798
98.3073
98.6926
98.4323
96.7304
96.6291
98.6283
96.7357
98.4211
96.7004
96.4861
99.0172
96.6649
98.4073
98.0322
98.1299
98.2947
99.4957
98.3444
98.2716
98.8156
98.6963
98.154
98.5851
98.7894
96.6872
98.6637
98.7641
98.7457
98.8658
98.6155
98.4085
99.0369
99.1117
98.8132
98.406
96.7245
98.2384
98.3824
98.6467
98.2091
96.6761
97.1964
97.3015
99.6508
99.119
98.2071
98.6595
98.7009
96.7828
99.0823
98.54
96.7296
96.6899
98.4016
96.8041
96.5946
96.8173
98.3184
97.1528
99.1182
98.2445
99.4073
96.8189
98.4508
99.154
98.4958
96.8529
98.3934
98.7757
96.7106
99.0585
98.5766
98.5072
98.7385
98.3947
96.7444
98.3581
98.3129
99.0841
98.3293
98.4322
98.9033
98.1732
96.7279
98.2117
96.8872
96.6799
98.7876
98.996
99.074
98.8431
96.6689
98.4967
99.8064
98.9769
99.0688
98.4023
98.5866
97.2138
98.3445
96.7247
97.2581
99.2171
98.7711
99.0079
98.93
98.4236
98.2694
96.6996
98.4516
98.3265
98.3242
96.7652
97.1971
98.2656
98.8668
98.5854
99.168
96.7027
98.3379
97.1971
96.617
98.2018
99.2042
96.5235
98.5118
98.3677
98.3531
99.0788
96.6971
98.5048
96.6766
98.3439
96.877
98.3774
99.5229
98.6776
98.7204
96.6792
99.8061
98.7645
99.1381
98.4141
96.7798
98.4612
98.3972
98.4167
96.7589
97.2406
99.13
98.6292
96.6291
96.6736
98.487
97.2948
96.6455
96.6931
98.0817
96.4952
96.7934
96.6679
98.1461
96.8568
96.6976
98.455
96.8603
96.6553
98.3749
99.4177
96.8867
98.2445
98.6968
98.381
97.2922
98.2564
98.3972
98.838
98.6541
98.2068
98.7149
99.0288
98.0858
98.2371
99.1151
97.2086
98.6966
96.724
96.5866
96.7614
98.3687
96.5888
98.2996
96.6212
98.2108
96.7542
98.2081
98.3506
96.7848
98.4102
96.7766
98.4659
97.3028
98.4158
98.1712
99.0518
98.6284
96.7479
98.726
98.6701
98.221
99.798
98.3779
99.9906
96.7458
98.407
98.3312
98.284
96.7797
96.6457
96.6956
98.3724
96.7845
99.0551
96.6891
98.5877
99.5145
99.5274
96.7965
96.8211
96.8153
98.4442
96.7652
99.0447
98.1596
98.395
98.28
96.4051
98.4708
99.8293
96.6914
98.3135
98.3427
99.798
96.519
98.7249
99.9604
98.7216
96.7297
97.188
96.893
98.6145
96.8217
98.3902
96.7887
98.7421
98.967
98.8668
96.5683
98.2108
98.613
96.7557
98.5217
96.747
98.4562
96.5462
99.293
96.7644
98.5563
98.3808
96.6696
96.7091
96.6393
98.3609
98.6077
98.8479
96.7072
98.3446
99.1069
98.6943
99.008
99.1397
98.4118
96.7401
98.5662
96.7443
98.4425
98.7825
98.3768
98.2651
96.5866
98.415
98.5558
98.8668
98.6522
99.1092
96.519
98.9293
96.6712
96.7136
96.71
99.2362
96.7105
98.5009
98.2787
99.0383
96.7819
98.8136
96.8515
96.724
98.9293
98.3926
98.2846
98.3183
96.7733
98.8148
98.3377
98.6798
98.9667
98.2531
98.9009
98.3932
98.4157
98.4676
98.403
96.6199
98.386
98.3001
97.2948
96.739
98.3087
98.8148
99.5838
98.2782
99.7951
98.4369
98.3792
99.5678
98.2949
98.9124
98.3677
96.8097
98.7876
98.3526
99.5006
98.4077
98.4954
96.6526
99.7844
96.7982
96.6604
96.6823
98.8374
98.9304
98.4952
96.5731
98.415
98.7999
98.3298
98.1582
96.7802
96.7734
98.6082
98.7283
96.459
96.6762
97.853
98.6701
98.5766
96.7963
96.6867
98.4603
98.5234
96.7725
99.806
96.6726
98.4359
98.4069
99.935
98.4097
96.7245
98.3138
99.0906
99.0551
96.6358
96.9582
96.6789
98.8775
98.4383
96.5584
98.6435
98.7108
96.7436
99.1076
98.1565
99.7267
98.4047
99.1984
96.7802
96.7385
99.0919
99.7506
98.4383
98.3926
99.4992
98.3777
99.2239
96.6954
98.2903
98.7217
98.4338
99.2929
98.6028
98.2002
98.6216
98.2467
97.1956
98.9758
96.5832
98.4256
98.4533
98.6162
98.1771
98.8329
96.8214
96.4388
98.7564
96.6798
98.8913
98.2795
96.7312
98.2978
97.1201
98.6593
98.394
99.0313
96.7568
98.7213
99.154
96.6526
98.1825
98.4029
98.284
96.7632
98.3123
96.4952
99.7093
98.2869
96.6922
98.2105
99.0448
98.3618
96.65
98.3961
99.9931
97.1347
97.7779
98.236
96.7842
98.6603
98.5039
96.4366
98.3518
98.3029
98.2651
99.1117
99.8609
98.6978
99.115
96.7265
96.5888
98.064
98.8156
98.4658
98.3774
99.7107
96.5601
98.3972
98.405
99.0105
98.792
98.797
99.4519
99.1641
96.8272
98.3591
99.0525
96.6812
98.7134
98.154
99.1163
98.2869
99.1148
97.1528
99.4701
96.8894
96.695
96.7547
98.8364
98.6984
98.9031
96.9775
98.6541
98.1927
96.8413
98.792
96.7977
98.6011
98.4676
98.3651
98.8668
98.5215
98.3373
98.7261
96.8592
99.3965
99.8141
96.6072
99.0273
98.3385
96.7038
98.3353
96.7481
96.792
96.6985
98.7027
97.0546
98.9344
96.6963
98.1914
98.7122
98.9791
98.2965
96.6078
98.3891
97.2546
98.0812
97.1201
96.7694
98.3489
96.8583
99.2177
99.1071
99.1539
98.4791
98.1391
96.613
98.6373
96.8806
98.3999
98.2763
97.1108
96.8432
96.6049
98.379
97.2297
98.8375
98.2572
98.7378
98.3929
96.6802
98.1657
98.6926
98.4337
96.9081
96.6867
98.7129
99.4992
98.2352
98.7328
96.7481
98.9719
96.6075
98.2633
99.005
98.1657
98.5662
98.0865
98.0606
98.3398
97.1956
98.407
96.7848
98.6975
98.3919
98.3427
98.1585
96.7479
98.8132
98.1454
98.3477
98.6245
96.7963
98.3126
98.4732
96.8182
96.7212
98.3926
96.5976
98.7999
99.1616
98.3591
98.8032
98.2143
96.6809
96.7658
98.8406
98.9875
99.1233
98.9268
99.8156
98.2787
98.3014
99.1182
98.3777
98.4364
98.3323
99.1723
96.8357
96.7066
98.6964
96.6374
98.6975
98.4508
96.7222
98.7925
96.7357
96.7495
96.71
98.4668
96.7356
98.4658
99.0486
98.338
96.7291
99.4701
96.7871
98.3619
98.4706
96.7243
98.3558
98.758
99.076
99.8867
99.0734
96.6931
96.4938
98.7108
96.8407
99.1783
96.8632
98.2226
98.6216
99.6174
98.527
98.5519
96.6789
96.643
98.1815
99.053
96.7559
96.7274
98.3961
98.3808
99.1783
98.7489
98.3437
98.3332
96.7427
98.3758
98.3603
98.4322
96.6963
96.5714
96.8814
99.5941
99.8987
98.6049
98.3842
98.2985
98.9715
99.4386
98.7008
98.201
98.3153
98.2067
98.5009
98.2763
96.6291
98.0022
98.3293
96.7827
99.1028
96.7066
96.8968
99.7003
96.7951
99.7506
98.822
98.2853
98.6833
96.7733
98.5038
98.3323
96.6554
99.8061
98.2068
98.633
96.7695
96.5975
98.5695
98.4656
98.4863
98.9071
98.7063
98.4168
97.3084
96.71
96.7542
98.6637
98.8454
96.5551
99.1177
98.8658
98.4202
99.4701
96.7963
98.3597
96.7014
98.8378
98.4473
98.4528
98.4163
98.1915
96.8352
98.405
96.7725
99.3671
98.6735
99.1054
96.6498
98.4126
98.409
98.4096
99.0506
99.1381
98.9342
98.2497
97.1613
96.4394
96.802
98.2821
98.5888
98.3323
96.8964
98.4152
96.7011
98.6356
96.6732
98.4029
98.7284
98.3827
96.7602
96.7484
98.9797
96.6939
98.3581
99.0245
98.3774
98.1541
98.3798
98.2258
98.4245
98.2694
96.7556
98.5721
98.5896
98.5464
96.3507
98.4747
98.6776
98.2299
98.3644
98.624
98.2834
99.4669
98.1135
99.9977
96.6499
98.9258
96.7374
96.7313
98.2656
96.7935
98.6175
99.2127
98.749
98.3353
96.7278
98.1562
98.5587
98.7615
98.6717
98.3999
98.8315
97.1679
98.9971
99.1783
98.7615
96.5788
97.2793
98.7328
96.8256
98.0966
98.3697
96.6499
98.2893
98.4429
98.249
97.2412
99.7163
96.6872
98.7301
96.8211
99.0518
98.6881
98.7572
98.797
98.4016
99.0238
98.8315
98.4614
98.3392
98.7611
99.7003
96.7567
98.2379
98.4573
98.3185
98.2056
98.7664
98.6477
98.8132
98.3654
98.6595
97.9064
99.0823
98.4965
98.486
96.8897
99.1071
99.0234
99.9026
96.7873
98.2524
98.3619
98.9092
97.3484
96.6312
99.1134
98.3397
98.5038
96.7374
98.4249
99.0585
96.6726
98.7463
98.2756
96.8476
96.6911
98.4028
98.7574
96.7889
97.1038
97.853
98.7045
98.6439
99.7992
98.4473
96.7767
99.8449
98.4012
96.9248
96.8503
96.6891
96.6346
96.6736
98.5709
98.2859
98.6412
98.2299
97.2949
98.3422
98.3442
96.8603
98.4522
98.3902
98.3587
98.1585
98.6696
98.4734
98.6439
98.3339
96.7657
96.7099
96.7391
99.8825
98.7209
99.1379
96.708
98.7026
96.6199
96.7653
98.0042
96.7079
99.0788
99.9824
98.7811
96.7672
98.4168
97.2816
98.7864
98.3428
98.7857
98.7385
99.4177
99.1054
98.7008
98.2524
98.2467
96.8222
98.7841
98.1428
96.6132
96.9063
96.7338
98.2968
96.7559
99.2369
98.3648
96.8043
96.7969
98.4287
96.7708
98.2527
98.656
98.2203
98.3415
96.8475
96.7817
98.4409
96.4425
97.2289
98.2991
98.1687
96.8348
96.6604
98.3808
98.3446
99.0759
98.2995
98.8457
98.3397
99.1177
98.0763
98.7276
96.7085
98.0817
96.7547
96.7694
96.7817
98.9821
98.3041
98.5038
96.8473
98.3469
96.8357
98.4454
96.6809
98.7439
98.3004
96.5714
97.2504
98.6892
98.1105
98.8498
96.6134
98.7607
98.7491
96.7374
98.4117
98.3782
98.1798
98.2099
96.4425
96.7912
96.6375
96.7802
98.4057
96.8703
96.6734
98.4177
96.7817
98.3312
98.4322
98.7062
98.3199
96.8013
97.3247
96.6583
99.1453
98.7885
96.8161
99.5851
96.8964
98.6584
98.2056
96.8404
98.8733
98.194
98.3859
98.3736
98.5662
96.757
99.762
98.4659
99.9931
98.3281
98.2026
98.3531
98.6798
99.0031
96.8046
98.184
99.0447
98.835
98.2062
98.9403
96.8544
98.3394
99.0922
98.3569
98.6151
98.8431
98.7825
98.0899
98.9302
98.2961
98.7249
98.9166
97.1679
96.5584
98.3159
99.0414
98.663
99.4139
98.4241
98.7893
96.7244
96.5803
96.8514
99.5114
98.9995
98.3001
99.0809
96.8084
96.8182
97.9153
96.769
96.7233
96.6602
98.7914
98.2714
98.3128
98.4184
96.7845
99.1134
96.7496
99.1984
98.5575
96.6676
98.5325
99.6912
99.3469
98.2245
98.4414
96.7802
98.3947
98.3347
98.3014
98.3564
96.6375
98.3792
98.4089
98.5268
96.7268
99.2239
96.7038
98.4659
99.0629
96.7261
96.7079
98.7917
98.4494
96.7675
98.3972
96.8612
96.8264
98.187
96.6771
98.1406
98.4152
99.1641
96.7278
98.7453
98.338
98.841
98.3651
98.3026
96.7741
98.3437
96.734
99.2075
98.3128
98.9344
98.407
99.1163
98.0985
98.8457
98.36
99.6131
98.0511
98.176
97.2556
98.3228
98.4023
98.4555
98.6409
98.7213
96.7265
96.668
97.2827
97.2399
98.6733
98.2118
98.7729
98.2402
96.7079
98.2589
98.8261
96.7436
98.3323
96.6717
98.6628
99.122
96.6924
98.5233
98.2334
98.9324
98.3506
96.7063
96.6931
98.7332
96.7335
98.5181
98.3761
98.8062
98.5048
96.7042
98.3896
97.2546
98.712
98.168
96.8307
98.7574
98.5118
98.5118
98.3041
98.2903
96.7652
98.7276
96.7015
98.3281
98.5854
96.7646
98.5915
98.9352
96.7806
98.4102
96.7611
98.7149
98.3444
97.1152
99.1351
99.0315
96.7577
96.7444
98.3936
98.4157
96.7224
96.6918
98.7775
96.8806
96.7627
96.6042
98.5271
96.7644
98.1948
98.7927
99.1281
97.1152
98.7844
98.7589
97.2309
98.487
98.7641
96.7266
98.7262
98.3343
98.1384
97.1967
99.0361
96.8193
98.3452
98.666
96.8119
98.3029
98.4227
98.3294
98.2333
98.2464
96.6842
99.8023
99.448
96.6476
96.8066
98.2336
98.6696
96.8413
99.4701
96.8813
99.0779
98.3945
98.7589
98.3081
96.7658
98.6701
96.7794
99.047
98.4677
96.7977
96.6678
98.3515
98.6631
99.4985
99.008
96.4326
98.3891
99.0079
96.7658
98.3284
98.2492
98.2571
97.2275
98.5039
98.7063
99.0105
96.8013
98.2984
96.8631
98.3677
96.6133
98.3653
98.279
98.2529
98.2605
98.4028
98.6715
96.7204
98.753
98.416
98.3329
98.3152
96.7114
98.3749
96.4326
98.8766
96.7374
96.7312
98.3492
98.3444
96.8269
98.414
98.7105
99.0645
96.7559
96.6867
96.8229
96.7393
96.6417
96.8031
98.7716
96.7011
96.7079
98.6838
96.7526
98.9124
96.6368
98.9403
96.9123
98.8457
97.2827
99.4439
98.9971
99.5834
96.7367
96.739
98.2336
98.3379
96.7829
98.5704
98.2956
98.3886
96.7116
96.6725
98.9719
97.1956
98.659
98.9269
98.2893
98.1975
98.3708
98.93
96.6212
96.618
98.2494
98.7574
98.4184
99.0718
98.3359
96.4923
99.0226
98.3844
99.8776
98.2667
96.4085
98.4734
98.7876
98.7161
98.2143
98.0509
96.6236
96.7105
98.9977
98.2846
98.3004
99.8665
98.2956
98.4062
96.6134
98.9682
98.0397
96.7798
98.8177
98.4156
97.1586
96.7795
96.6476
98.3931
98.2564
98.2651
98.7584
98.5376
96.6649
98.5896
98.3013
96.7484
99.115
98.2489
98.6556
96.6985
96.7616
96.6219
97.265
96.7537
96.777
98.3141
96.7274
96.6802
98.6155
98.1607
97.2091
98.487
98.54
98.4077
98.4581
98.3848
99.8586
98.3931
96.7278
99.047
98.4117
98.37
97.1983
96.7261
96.6488
96.7732
98.6243
98.394
98.8378
99.7506
98.4212
97.1028
98.3224
98.4474
96.9063
98.3805
98.4659
96.7615
98.4815
98.2361
98.633
98.6439
96.746
98.4215
98.8163
99.1874
99.7805
96.8267
98.2984
96.6146
98.2089
98.3961
96.6985
96.7679
96.5959
99.7163
98.738
98.3013
98.5606
99.9136
96.7526
98.6768
96.7106
98.2299
96.7064
98.3191
96.669
96.6916
98.991
99.0273
96.715
98.6966
98.3771
96.7264
96.734
99.1239
97.1978
96.7961
98.2991
99.5272
96.4326
98.1495
98.2728
96.8476
99.1583
98.6256
98.7792
98.443
99.9977
98.6038
96.5946
99.7654
96.7139
96.7143
98.3813
98.7344
98.708
98.3536
98.4604
98.3891
98.156
96.6718
96.934
98.2698
99.2362
99.7992
98.6631
96.5698
96.8671
98.7027
98.7262
96.6173
99.0585
96.7797
96.8465
98.2529
96.7244
98.3805
96.7496
98.2554
96.746
98.2336
98.4322
98.4829
96.8117
96.6642
98.4555
96.8632
97.127
96.6642
99.7163
99.1862
98.3657
98.8459
98.367
96.7725
98.4954
98.3381
99.1054
98.2115
97.1399
96.7085
99.8061
99.762
98.2084
98.2143
96.7392
98.6735
98.3415
96.7427
98.2022
98.4435
98.8498
96.771
97.1964
99.3738
96.8379
99.0173
96.8267
96.6367
98.3812
96.8332
96.8298
96.8514
96.6554
96.8099
98.0765
99.0558
96.871
98.3385
98.9416
98.2687
97.1037
96.8163
98.352
98.7806
96.7458
98.4911
98.3033
96.756
98.415
96.881
98.27
96.7366
98.7539
96.4394
99.1473
98.4182
98.1017
98.5009
96.7559
98.9124
99.0134
96.672
98.4183
98.57
96.7379
98.4293
96.6858
99.4649
96.6142
99.952
96.5484
98.93
98.4661
96.6212
96.7625
98.3143
98.2429
96.5158
98.9258
98.5233
99.0209
99.0315
96.7868
96.6398
96.752
99.1364
99.8794
98.2068
96.8122
97.2611
98.6344
98.4977
96.646
96.6809
99.4386
98.755
98.6955
96.6398
98.3176
96.7672
96.7296
98.4211
98.7105
98.0855
98.771
97.2275
98.2421
98.7057
99.3523
98.4215
96.7296
98.5118
98.2123
99.0414
98.3588
96.868
98.4564
96.6867
97.2917
96.7672
98.0763
99.1757
98.2728
96.7392
98.414
98.4624
99.1407
98.6631
98.3392
98.6631
99.0234
98.3886
96.7194
96.8154
99.5358
98.0817
96.5978
98.4661
96.7877
96.9842
96.6971
98.8084
98.4185
96.7038
99.0079
98.8326
96.7036
98.4323
98.2756
96.7437
96.5192
98.3979
99.1802
98.2311
96.8993
98.2216
98.2817
98.7294
96.5374
98.7149
98.3653
98.6849
97.2546
98.6583
99.9604
96.7104
99.4139
98.9883
98.4925
98.7286
98.3758
98.4603
98.7641
98.9594
96.7776
99.5833
98.8694
98.3425
98.1671
98.3224
98.5039
98.2681
98.3786
98.38
96.6455
98.308
98.6966
97.1948
98.1739
98.8396
98.7914
96.5591
98.6574
96.7614
96.6142
98.1874
96.6074
99.324
96.6455
98.3899
99.005
97.3062
98.8203
96.6368
99.5581
98.722
97.2909
99.9931
96.7797
98.4494
98.5921
98.9639
98.7283
96.6939
98.739
99.0779
99.7821
98.6007
98.3453
96.587
96.6078
96.7982
98.1784
96.704
96.6732
96.6674
98.821
98.6637
98.7453
98.7091
99.0086
96.8756
98.8183
96.835
98.4952
96.6368
96.8275
99.1076
96.6738
96.8389
98.9269
96.8222
98.1914
98.7911
96.6295
98.4544
98.424
98.7779
96.7181
98.3835
98.1428
96.785
96.5745
99.055
98.1017
96.7512
98.1499
98.4466
99.5833
96.7871
96.6291
99.113
98.613
96.7555
96.7887
98.2996
99.1221
98.9939
98.633
97.9403
98.7779
98.2667
98.4201
98.3281
98.5956
98.3627
96.7231
98.3999
96.7008
98.3265
97.1983
96.6622
96.7427
98.3452
98.6757
98.1739
96.7526
98.3801
98.3325
99.9026
99.0253
96.6719
96.6719
99.0671
99.0086
96.8219
98.4241
98.9791
99.1641
99.1397
98.3843
98.3545
98.3573
98.5695
96.7186
98.4086
98.2629
99.2369
98.5464
98.3312
98.3988
98.6509
98.4102
98.2959
96.6963
99.7637
98.2324
99.2466
98.4505
98.2775
98.3001
98.6849
98.4256
96.4567
98.6626
98.9258
98.389
98.7099
99.646
99.738
98.0817
97.1201
98.5039
99.2174
96.7083
96.785
98.666
98.6622
98.5662
98.0042
98.4989
99.9715
98.3591
98.7438
96.7632
99.0974
98.8007
99.2402
97.1586
98.4224
99.1092
98.6261
98.6968
98.5929
98.6385
98.2861
96.5959
98.5258
96.7604
98.4863
98.3343
96.6052
97.2589
97.1815
98.7564
98.2968
98.3428
97.2275
98.2621
98.3492
96.6078
99.6459
96.7309
98.8247
98.2136
96.7398
97.2716
98.4203
98.3014
98.3385
96.724
96.8503
98.2976
96.6276
96.7087
98.7801
98.666
98.8313
96.4426
98.1687
99.0172
98.9977
96.8219
99.1151
98.3718
98.3325
98.4012
98.404
98.3381
98.5877
99.0919
96.7674
98.3734
98.7155
98.4308
98.3143
96.8612
97.2742
98.4954
98.6509
98.4606
98.6353
96.6962
98.3891
98.2756
96.6707
96.8577
98.3073
96.6108
96.7558
98.6019
98.3437
96.7948
97.2091
96.6914
98.3958
96.7024
98.4091
98.7009
98.5914
99.1148
96.5731
98.7519
96.7003
98.41
97.1218
98.3958
96.689
99.1107
97.2594
96.6684
99.8447
98.1874
96.7667
98.4676
98.8256
98.712
98.379
98.7811
96.7499
98.9798
98.6487
97.0702
96.7431
98.3079
98.7108
99.0591
98.6019
96.4986
98.4603
98.9801
98.398
96.7006
96.7116
96.6013
96.7051
98.9258
96.7317
98.2995
96.7234
98.8429
98.6798
99.0683
98.3839
98.3345
98.3444
96.7443
99.5263
96.7961
96.6029
99.646
98.3945
96.8806
98.5915
98.3582
99.0983
98.4293
98.3536
96.5974
98.2068
98.4167
98.1948
96.73
98.3315
96.8726
98.2883
96.8066
96.6679
96.8169
96.6918
98.9324
98.3026
99.0238
98.3999
98.297
98.2402
96.6236
96.7467
96.6384
97.2188
96.814
98.516
98.2261
96.6056
96.6674
98.7564
98.253
96.5959
98.7091
97.1492
98.8474
99.1233
98.4175
99.0639
99.612
98.3128
98.3619
96.7848
98.2311
96.7802
98.2656
99.3969
96.6554
96.7116
96.6975
96.8009
98.3428
98.9851
98.3892
96.7188
99.093
98.4135
98.6637
98.3706
98.2949
97.1924
96.65
98.2595
96.7062
98.3671
98.4152
98.3644
98.4572
97.2854
98.2109
98.8431
98.6964
98.2172
98.7161
98.2295
98.4359
96.7139
97.2504
98.9939
99.5114
96.7547
97.2455
99.0315
96.8413
99.005
98.4241
98.659
98.712
98.996
96.7479
99.5523
96.5679
99.8558
98.3558
99.2369
98.279
96.7224
99.7506
98.7212
96.7471
98.6674
99.053
97.1245
98.3116
96.8044
98.3056
99.2075
99.6772
98.3531
96.8264
98.5376
96.6678
98.3779
98.3844
98.3154
98.2712
99.4439
99.2173
99.0234
98.844
96.6053
98.6261
96.617
98.4303
98.8699
97.2213
96.6799
97.2742
98.2712
98.4604
98.7749
98.3472
98.7412
98.345
96.6516
98.7917
98.3269
98.6833
96.5601
99.1688
96.7001
98.5558
96.8568
98.4364
98.4156
98.9726
98.5558
98.3801
98.3813
98.2756
98.5866
96.9081
96.6533
99.0772
96.56
99.1641
96.7648
99.1757
98.3565
98.3665
96.7981
98.0509
99.0851
98.6908
96.5577
98.2738
99.7365
99.0362
98.2756
98.7575
98.3475
97.3247
97.9153
98.1199
98.7825
99.1075
98.6243
98.3265
97.2509
98.4181
98.4169
98.2492
98.2996
98.7204
96.8044
96.7733
98.3827
99.8444
98.4982
98.7129
99.0361
98.6541
98.8352
96.7845
98.9416
98.527
98.6467
98.3844
97.1997
98.4494
98.4193
97.3131
98.4977
98.251
98.2817
98.7011
96.7274
98.5985
98.0479
96.7329
98.0865
96.7301
98.6082
98.36
96.8128
98.6827
98.6175
98.9977
98.726
98.3747
98.7609
98.7589
96.7817
96.6173
98.9281
96.8894
99.8558
96.7644
96.6921
98.8316
96.8027
98.7995
96.7445
96.663
96.8473
99.1002
99.0203
98.2108
96.7283
96.756
98.6931
98.2772
98.5912
98.409
98.6257
98.5982
97.9403
97.2836
98.3657
98.4862
99.3766
98.9771
99.5114
98.1671
99.0448
98.7156
98.1884
96.8179
98.3087
96.6967
98.3159
98.1461
98.379
98.3813
98.3385
98.2062
98.7892
98.9124
98.703
96.6719
99.2171
96.7611
99.0598
99.3753
98.4606
99.3648
99.3523
96.7309
98.2524
96.6474
98.201
96.6081
99.0054
98.9281
98.1562
96.7009
96.8477
99.9949
97.853
98.345
98.3653
96.8154
98.6358
96.6939
98.7026
99.1641
96.6643
98.2067
99.0841
98.7045
96.6495
96.8108
96.6128
96.8473
98.6509
96.71
98.7325
98.2422
98.238
98.2299
96.7482
99.4999
98.8149
96.737
96.9112
96.6056
98.6595
96.8676
98.7249
96.8263
98.7539
96.9582
98.7719
98.3439
97.2583
98.4214
98.5038
96.7961
98.8149
96.6769
98.4668
98.8326
98.7584
99.4977
96.4676
98.4026
99.8037
98.3388
96.6963
98.284
96.8564
98.3184
98.7575
99.0788
96.7675
98.0707
98.2818
99.8864
97.2909
96.6904
98.4013
96.8806
99.2177
98.7397
96.8193
98.3398
98.2605
96.7083
98.5969
99.0635
98.2459
99.1258
98.3987
96.7222
98.8214
98.3329
98.395
96.8119
98.3492
98.326
99.0856
99.192
97.2351
98.8214
96.7007
96.65
98.516
98.1759
98.6344
96.6985
98.2164
96.7999
98.4167
99.1397
96.7416
96.6391
98.3682
98.8699
98.3397
98.3948
96.8312
96.7136
99.0671
98.3242
96.6049
98.9031
96.7643
99.0151
98.1499
98.3597
98.2203
96.5577
98.3464
98.3548
99.8586
98.2002
98.6997
98.764
97.2742
96.6535
98.9791
98.2829
99.8776
99.7959
98.4442
96.8119
98.3682
98.8064
98.3329
98.3671
96.8632
96.6684
98.3616
99.8064
99.0273
96.697
98.6244
99.0788
98.7417
98.7423
98.8498
98.3126
98.9416
98.7453
98.2475
96.7781
96.7243
98.8316
98.3618
98.637
98.8181
97.2496
98.8457
98.2995
96.4738
96.7087
99.4992
98.3671
96.6422
98.5721
98.7885
98.4249
98.3401
98.4778
97.2138
96.8814
98.3934
98.3828
96.7652
98.4562
98.3329
99.161
97.1152
98.9435
96.8175
96.6618
96.7247
98.1562
96.849
98.3183
96.6802
96.5857
98.2995
98.9682
96.6678
98.3859
96.7212
96.6826
98.0397
98.4937
96.7526
96.6671
96.7934
99.8444
96.8004
99.5737
96.8813
99.0288
96.6491
99.2976
98.1586
98.2494
96.8281
98.2504
97.169
96.8104
98.3843
99.0569
97.1586
96.7011
98.7325
99.0778
99.2203
98.1956
99.8586
96.7538
98.3616
98.4163
96.468
98.7806
99.1687
98.6439
98.4619
98.5519
98.2687
99.0974
96.7083
96.7079
98.3595
96.8041
99.5678
98.4214
97.1245
96.8235
96.7787
99.8825
98.5606
96.669
98.1732
98.1657
98.7927
96.6312
98.9903
99.0073
98.6358
96.8586
99.0031
99.2938
98.7108
99.116
98.6702
96.7221
98.0733
98.7397
98.3353
98.3494
96.4743
98.3994
96.77
98.8448
99.0841
96.8098
98.5587
98.332
98.487
98.2571
98.8386
98.2903
96.3698
98.2056
97.2742
98.4101
98.4223
98.637
98.2605
96.7482
96.7281
99.5391
96.8676
98.7911
98.4193
98.3422
96.7383
98.3297
99.1583
96.7789
96.8265
96.6128
96.412
98.4743
98.2965
98.4863
96.877
98.6545
98.7885
98.2621
98.2686
98.2234
97.1875
96.6766
96.8193
98.1775
96.8605
98.5174
96.7136
98.6458
98.2687
96.7091
98.3339
99.1563
98.4223
98.1798
96.7969
96.8117
96.7265
98.5558
98.4036
96.7333
98.6833
98.8316
98.4977
98.6583
99.0645
98.3734
96.5727
96.6698
96.6842
98.7262
96.56
98.4101
99.1104
98.4772
96.7083
99.0983
98.5896
98.487
99.0245
99.0134
98.3377
96.7203
98.936
98.6548
96.6455
96.5518
96.663
99.4519
99.8864
98.0707
98.4646
96.6761
96.6908
98.6099
98.2995
98.7058
96.7107
98.4069
98.306
98.7932
98.3528
98.5039
99.0073
98.3414
96.6644
96.669
98.7462
98.7291
96.4535
98.663
98.8326
98.3945
96.7024
98.2311
98.6408
96.8098
98.2338
98.5555
96.6798
98.3422
99.3625
98.2769
98.718
98.4013
97.2309
98.2544
98.2398
98.764
98.3489
98.3824
96.8265
98.4033
98.0397
98.2352
96.7727
98.3651
96.7511
98.3246
98.8386
99.2203
98.7928
98.1083
96.6762
98.8068
99.5145
96.8163
98.2299
96.7194
99.0387
98.6631
96.6725
96.8993
99.0253
96.5589
96.4426
96.8009
99.0665
98.7648
99.0952
96.7948
96.6454
98.6717
98.7757
96.7554
96.5698
98.2143
96.771
98.2494
96.7039
99.0902
98.4061
98.6298
96.7657
97.2546
98.1937
96.7889
98.844
98.9903
98.3929
98.3983
98.2489
99.8507
98.4982
97.9064
96.7458
98.2324
96.6809
97.2496
96.6056
98.6881
96.7948
98.3298
98.4564
99.8586
98.3339
96.8348
96.7015
98.3674
99.0598
96.689
96.8515
96.6453
98.3749
96.7771
96.7113
98.2996
98.1961
98.3011
98.6257
96.7044
98.5402
98.4533
98.9233
96.7102
98.3843
96.7851
96.8128
99.0616
98.3945
98.7463
96.8119
96.7798
96.6841
96.8688
98.3965
98.9336
98.4094
98.4414
98.6715
98.7648
98.3362
96.8703
98.4167
98.2985
98.2529
96.7625
96.7356
98.4175
96.5551
99.7805
98.3724
98.9336
98.7758
98.1736
98.3507
98.415
98.5835
98.6606
96.7379
96.4388
99.1057
99.1177
98.3388
98.5382
99.324
98.4604
98.407
99.2466
98.6426
99.3104
99.5441
98.5969
98.8358
96.7556
98.4397
98.3891
98.936
99.1104
98.998
99.1687
98.1975
98.3074
98.4029
96.5888
96.7881
96.8667
98.2815
98.2241
96.6924
98.7844
98.7213
99.0245
98.6622
98.6978
99.5441
96.8605
96.8413
98.3724
96.726
98.6093
99.0793
96.3698
98.3279
96.8037
96.7685
96.8312
98.6718
98.4185
98.3948
96.7216
96.6516
98.7509
98.3721
99.2239
98.9797
98.611
96.8438
99.0676
96.6364
98.2164
98.516
98.9726
96.7309
96.7206
96.7977
96.7911
96.6295
97.2314
98.3332
96.7072
97.1586
99.9977
98.4096
98.4151
99.0711
96.7741
98.5587
96.7479
96.829
98.314
96.8529
98.4471
99.9906
96.7204
98.1975
98.8006
96.8009
96.9842
96.672
98.3302
98.8973
96.624
98.4734
98.3697
98.7627
99.0665
98.221
96.7139
98.0985
99.7163
98.2712
98.0479
98.6926
99.6508
98.613
98.4175
98.4537
98.6142
98.4293
96.9063
98.2016
96.6802
96.7889
98.5851
98.9269
98.7641
98.367
98.4573
96.6375
98.1199
99.1381
98.2782
99.2142
96.6073
96.6579
96.8503
98.8247
98.8123
99.161
98.2109
96.641
96.7559
98.5296
98.3232
98.3707
97.2091
98.4564
96.7371
96.8269
99.0429
98.2165
98.4572
98.2234
98.4481
96.7044
99.8447
98.4646
98.3362
96.6474
98.2815
98.4442
96.7091
98.2621
98.8699
97.2583
98.4925
98.6977
98.487
96.6078
98.187
98.7611
98.8432
98.3444
99.0456
96.6358
98.5914
97.2857
96.6692
96.6732
98.8518
98.4555
97.2816
98.27
99.4669
96.6219
97.2504
99.798
96.6916
96.8703
98.633
96.7265
98.7216
98.447
98.7849
99.8141
98.2904
97.3485
96.7818
98.4658
98.7611
99.4801
98.4745
98.4157
98.6729
97.2249
98.3489
96.8897
98.7011
98.2115
98.363
98.4343
96.7873
98.708
98.3179
96.8367
98.2672
98.3696
98.3399
98.3373
98.4658
97.853
96.6424
96.6535
98.5536
99.0639
96.6459
98.531
98.4185
98.4676
96.7007
99.3648
96.6985
98.8098
98.7547
98.2554
98.3422
98.3232
98.2143
98.3706
96.9208
96.8307
98.7397
97.2213
98.3359
98.3176
96.7147
98.3651
96.8701
98.3749
98.7453
98.3902
99.0598
98.6298
96.8037
97.2406
98.4177
98.3029
96.6553
96.7066
98.2417
96.8119
96.7526
96.5974
96.6081
98.3439
98.4203
98.3167
99.324
98.54
97.2341
99.0028
97.2363
99.9026
99.2203
98.6159
96.6499
98.36
96.7243
96.5957
98.3304
96.6648
98.4136
96.9215
96.7889
98.407
98.4958
96.8338
98.6098
98.4747
99.8825
99.0851
96.7102
98.3311
98.2417
96.8544
98.2417
98.9403
96.704
97.2289
96.6073
98.4782
98.3999
98.7058
98.4001
98.4442
98.3135
96.6924
98.2181
99.612
96.893
96.5506
98.3774
98.4212
98.1608
98.3736
96.8458
98.2829
98.3569
98.7664
98.4183
98.2782
96.7458
98.7129
98.6956
96.7189
97.1037
96.8402
98.4157
99.053
96.6075
98.3696
98.1453
98.7052
98.483
98.5405
96.6451
98.5709
98.1562
96.4535
98.2607
98.9033
96.4861
97.2138
98.1736
96.6985
98.3359
99.2173
98.3706
98.9027
96.6892
98.3466
98.6429
98.7957
98.3747
98.8138
98.7011
98.6687
98.6007
98.8619
97.2716
98.6243
96.6476
96.7841
98.1499
98.2115
98.7232
98.479
98.9519
96.739
96.837
96.6823
96.5589
98.666
96.8211
97.2909
96.7772
96.7024
98.8256
99.7163
98.6458
99.795
98.4012
98.3844
96.7011
99.0919
99.3625
98.3081
98.7439
98.3469
99.3826
98.3703
98.7286
98.2781
96.7567
98.7719
98.1798
98.3081
98.7395
96.6295
99.0598
96.8054
98.4467
98.5258
98.6975
98.3466
98.6589
98.3259
96.8217
98.4425
98.3492
99.8402
98.7792
98.3279
99.1984
96.8689
96.6475
98.2633
96.7064
98.5854
96.8181
97.2354
98.9962
98.3199
99.0506
96.6107
98.3141
98.7574
99.7951
98.064
99.0077
96.8046
98.3422
96.714
98.2531
98.4329
98.5221
98.838
96.7904
99.119
98.2801
98.4659
98.4347
98.2507
98.9473
98.3302
97.2297
98.4977
98.3385
97.9153
98.3687
99.0926
97.134
99.0369
96.7675
99.8081
98.5712
96.7366
96.6856
98.4223
96.7488
98.6298
96.8161
99.1575
98.6439
98.6086
96.4386
98.4658
96.4986
98.624
96.6618
98.844
96.7741
96.6417
98.6439
97.1983
96.756
98.9798
98.4581
96.7766
98.2464
99.4649
98.4993
99.9441
98.4555
98.3317
96.7614
98.5099
96.7006
98.3176
98.3074
99.055
97.2827
98.1565
96.785
98.7108
96.6902
98.3381
98.2968
98.4429
96.748
96.7162
96.8586
97.2455
98.2537
96.7188
99.0447
98.8469
96.4952
98.8773
98.2677
98.424
96.7672
96.759
98.8386
98.9786
98.3697
98.4425
98.2312
99.1764
98.4578
98.9758
99.9147
96.726
98.2056
98.4862
98.6397
98.151
96.7766
98.8068
98.2664
96.839
98.7396
99.1251
96.7481
99.8447
98.2864
98.3648
96.6925
98.3786
98.4322
98.2903
96.5643
98.3212
98.8315
98.712
98.6284
98.3707
97.9768
96.7692
96.7032
98.1515
98.6548
98.9801
98.2993
96.6209
98.1917
96.7685
96.7635
99.0919
96.646
98.801
98.7932
98.1549
98.2537
99.5678
98.4322
96.8059
99.1705
98.1585
96.8471
96.7708
98.7615
98.0899
98.3654
99.0645
98.3936
98.5382
98.168
98.916
98.29
98.7806
98.2641
96.9112
96.6075
98.3958
96.6448
98.4091
96.6612
96.6642
98.6281
98.4337
98.3757
98.7462
98.1515
96.7224
99.9238
96.8968
96.6075
99.1549
98.3475
97.1028
99.106
98.346
96.77
96.6276
98.201
98.2683
98.389
99.0734
99.4783
98.8313
98.2016
96.9775
97.9482
96.7632
98.6687
98.1759
96.6029
96.6516
98.3332
98.7301
96.6611
98.6412
98.2309
98.7212
98.2173
96.8561
96.7394
98.4961
98.151
98.41
98.7841
98.405
96.5518
96.7371
97.2496
98.3612
96.7677
98.3014
98.3805
96.5168
98.7204
96.7054
98.3304
96.6557
96.6826
96.6474
96.7097
99.1407
96.881
98.4161
98.3768
98.8712
98.4842
96.8475
96.4863
98.6012
97.0661
96.804
99.952
98.5709
99.2121
96.8477
96.8211
97.265
98.6631
98.8973
98.6158
99.1082
99.0863
98.8782
98.3179
99.6656
98.6722
98.6381
99.5521
98.3414
98.2309
97.2611
98.7342
98.8429
96.669
98.4184
98.3805
98.7439
98.2787
96.6276
96.7802
98.6257
96.6066
98.4733
98.4338
96.6924
96.6157
98.7609
96.8117
99.8402
96.7788
99.1379
96.8059
96.587
96.6453
98.4651
96.8348
96.6107
99.1028
98.7099
96.6027
98.7328
96.6309
99.0598
98.2667
98.2146
99.2203
98.6284
99.4556
98.4227
99.795
98.7133
96.6358
96.7433
98.7426
98.6775
98.8447
97.25
96.8703
98.8132
98.3279
98.3174
96.835
96.5104
96.6455
98.9682
96.5992
98.6964
98.4343
99.147
96.8092
96.8104
97.1038
98.1495
96.7727
99.4701
99.1705
98.3808
98.1956
98.4772
98.4329
96.4743
98.3948
96.7922
96.7614
98.2996
97.2917
98.29
98.2459
98.8326
98.8034
98.3805
96.6199
98.4591
96.6901
98.4227
99.2623
98.1438
96.7221
99.0283
96.8632
96.7915
96.6075
98.9977
98.099
99.8849
96.7614
98.2143
99.1616
98.3232
97.1405
98.4011
98.7099
98.755
99.0234
96.6985
98.3771
98.7667
98.7564
96.8352
99.2369
98.3153
98.8375
96.7627
99.17
96.752
96.8297
99.067
99.9026
98.2527
96.8222
98.7896
98.7407
96.7701
97.2188
98.4494
98.7453
98.3013
99.116
99.0788
98.3762
98.3542
98.9802
96.7068
98.3067
99.154
98.4863
98.7757
98.3651
98.6142
98.2084
96.6707
98.9509
96.8048
98.3718
98.2763
96.7433
98.3786
98.3293
99.3766
98.4255
96.7567
98.2459
96.8097
99.5799
96.7015
96.6858
98.5956
96.7116
96.6172
98.7108
96.5484
98.6786
99.9147
98.7242
98.2143
98.3931
98.2947
98.4157
98.3223
97.1815
98.7552
96.8265
99.0028
98.3665
99.4669
96.7195
98.8375
96.6826
98.6674
98.0858
99.1313
98.8149
98.4603
98.3792
96.6422
98.7964
98.424
98.2108
98.5962
98.9252
98.201
98.7397
99.5834
98.7417
96.6488
96.7445
98.7857
98.1759
98.3987
98.3932
99.4403
96.5104
99.093
99.0277
98.6849
99.8864
96.7811
97.1347
98.7609
98.3908
96.6438
98.8352
96.6798
96.7889
98.3026
98.4863
96.7614
96.777
99.0234
98.6467
98.767
99.0934
98.1453
98.8431
98.2361
96.519
98.5616
96.7336
96.8438
96.5773
96.8154
96.7557
96.7981
96.7802
98.3948
98.2123
96.8044
98.3749
99.0856
96.857
96.7673
96.8541
96.7887
96.6417
98.9642
98.4957
96.8153
99.9441
98.7589
99.2042
98.0865
99.7979
98.7801
97.2091
98.1384
98.4115
99.7844
96.7701
98.7216
98.755
99.053
96.6272
98.3048
96.8561
96.6146
96.6668
99.5737
96.7881
96.7889
96.8586
99.3969
99.2402
98.2621
98.3428
98.6798
99.0283
99.1028
96.7264
98.8231
96.6893
98.4185
96.6554
98.3613
97.2594
99.0629
98.7644
98.7421
98.3073
96.5713
98.531
98.384
98.2621
98.3616
98.3138
98.6792
96.7244
98.4957
96.7398
96.7846
98.6702
98.2451
97.2341
96.8043
99.1251
98.613
98.284
96.6791
96.7243
98.1961
99.3766
96.7011
99.6294
98.4287
98.7928
99.0676
98.4606
96.7819
98.4035
98.4013
99.5678
98.5055
98.4481
96.5584
98.2864
96.8402
96.8897
96.8111
98.9595
98.3119
98.9995
96.7555
96.5083
96.8265
99.3469
98.4842
96.7212
96.6996
96.7042
98.09
96.7394
98.3234
98.3718
96.6902
98.338
99.7093
96.6422
96.6438
98.797
96.6532
99.6508
96.6172
99.8677
97.1956
99.4649
99.4722
98.7645
96.6042
96.7976
98.3381
98.8313
96.7548
96.7798
98.5506
98.3293
96.6916
96.7911
97.2091
98.5451
96.6798
97.3084
97.2102
98.1083
96.6455
96.6976
96.6128
98.4954
96.5506
98.5766
98.3135
97.2465
98.2172
99.8444
98.4364
98.7204
96.7969
99.0028
96.7136
99.9715
98.7342
97.1108
98.6261
96.6718
98.8048
99.2932
98.405
98.2219
98.0765
98.1532
98.2219
98.0855
99.0414
96.8332
96.6187
98.7779
98.3311
98.2607
96.8577
96.5936
96.7398
98.6284
98.3026
96.4326
98.103
96.5946
98.168
99.1313
98.7641
96.4425
98.3385
99.9866
97.2213
96.7008
99.8283
98.8498
98.3697
98.2869
96.6642
98.8406
98.2422
98.5039
98.4728
98.9995
99.9866
98.5712
98.8432
98.6435
98.7648
98.1884
98.9875
98.8959
98.2084
96.7431
98.6082
96.7036
96.6924
98.3294
96.8211
96.8045
98.5957
96.8756
98.284
99.0414
96.6689
98.4646
98.7923
98.3548
99.599
98.5009
98.2595
98.1709
96.756
98.7912
99.5678
98.4262
98.8026
98.2122
96.7039
98.7309
96.8475
98.3791
96.8561
98.6234
96.6696
98.2429
97.1492
96.6892
96.7877
98.2022
96.5946
96.6516
96.7091
96.7243
98.6077
98.3359
99.0151
98.8537
96.6367
99.852
96.6488
96.8344
98.4135
99.0227
98.9033
99.8064
96.837
98.1973
98.7261
96.6668
96.6908
98.4163
99.0467
96.7772
96.6533
96.7195
96.6236
96.5235
96.7644
98.6126
98.7925
98.7285
98.2494
98.3913
96.7496
98.6244
96.7789
96.8475
96.7083
96.6725
96.7383
96.7789
98.4193
98.3779
99.8703
98.5616
98.41
98.3312
98.6439
96.65
98.6158
98.3079
98.2089
96.7841
99.4992
98.2459
98.3067
98.6735
98.2814
96.8128
99.3625
99.005
98.7675
98.3011
99.0277
98.3761
96.6453
98.224
98.236
98.4734
96.8211
98.8329
99.0207
96.6971
98.2763
99.4649
98.6259
96.752
99.2623
97.188
98.7013
98.387
96.6717
96.6967
96.7139
99.7791
98.3331
96.7798
98.6875
96.7044
99.0788
98.3894
96.7313
96.6438
98.404
98.9726
96.7615
98.5099
98.2961
96.7982
99.126
99.1129
96.6049
98.099
99.5391
99.293
98.37
98.2667
98.4614
96.7281
96.6579
99.17
96.3698
98.7152
98.4175
96.802
98.4926
99.0952
96.6858
96.6717
97.9698
96.7741
96.6492
98.9166
98.2172
96.7397
96.6941
96.7873
96.7566
96.613
96.6236
98.6261
99.1549
98.3609
98.3748
98.3259
98.9324
98.8242
98.5325
99.8156
98.2352
97.1964
98.6833
96.8894
96.7567
98.415
98.2965
98.4743
98.3139
99.1583
98.9971
99.5521
98.6319
99.6174
98.3478
99.6174
96.6474
99.5006
97.2581
98.7397
96.4388
98.6435
98.771
97.1205
96.5888
96.7309
98.2996
98.9092
96.5698
96.7291
98.167
98.6353
97.2816
98.4153
98.4227
96.7296
98.4183
96.7091
99.5678
99.0629
99.7637
98.405
98.2258
96.6364
96.6042
96.5235
98.486
98.2172
96.7053
96.6671
99.0031
96.6476
98.4181
98.7385
96.7548
96.7264
98.2772
96.7662
98.3129
96.6849
98.1671
96.7341
98.3116
97.1193
98.339
96.8297
98.9124
98.2261
96.7952
96.7982
96.5643
98.3979
98.3176
96.905
99.1757
96.7162
98.3791
96.8577
98.3279
98.7758
99.3648
96.6962
98.4345
98.2792
98.2108
98.7224
96.746
98.6477
96.7573
96.7039
96.5866
97.3247
98.3351
98.36
98.4862
99.8064
96.7006
96.8046
98.4581
98.0855
98.4253
98.7027
98.1641
98.3026
99.0767
98.8316
99.0038
96.8544
96.7328
98.6687
96.7975
98.8609
97.1108
96.7397
98.7281
96.8703
99.074
96.6146
98.2651
98.4184
96.7966
98.3297
96.6648
98.9875
97.1997
98.7841
98.1671
99.168
96.7325
98.154
98.3422
96.7566
98.7108
98.4507
98.4168
98.1515
98.3232
97.188
98.8364
98.2197
98.6584
98.379
98.9
96.7309
98.2853
98.2815
96.6801
96.6988
98.527
98.7914
96.6133
96.7602
99.067
98.6028
96.8211
96.7338
96.6534
98.29
98.7216
98.6082
98.7489
96.7781
99.7506
98.6108
96.7156
98.8386
96.7981
99.7791
96.5959
96.7615
99.0173
96.704
98.5815
96.6236
99.6656
96.7027
98.2497
96.6593
99.1351
99.404
98.6158
98.6093
96.6794
98.1739
96.6696
96.7481
96.8531
98.2118
98.3848
98.6283
96.6455
96.7981
98.3768
99.7506
96.8375
96.7741
98.4528
96.8838
98.4733
98.3382
98.1532
98.2398
98.9416
96.6557
98.4098
98.6674
96.6823
98.2334
99.9238
96.6132
98.2607
98.6082
98.2641
96.7904
98.4829
98.4555
98.4109
96.8878
98.6346
98.9473
98.7758
96.5589
98.2539
98.1299
96.5584
98.3531
98.4926
98.3983
99.404
96.6957
99.7654
98.3779
96.7844
99.1317
96.8211
96.8078
96.7032
98.4135
96.8013
97.2386
99.1757
98.3747
99.2174
96.6359
96.6454
96.8297
97.2793
98.36
98.7407
98.4562
98.7238
97.188
98.0899
98.0247
98.0022
96.7371
98.3207
96.5542
98.8913
98.7026
98.0322
96.6924
98.3988
96.6355
98.6292
98.6715
96.6867
98.3548
98.6142
98.352
96.7162
96.6804
96.8529
98.2917
98.8163
98.6203
98.8514
98.4028
98.9821
96.6187
99.0585
98.3696
96.8867
96.643
96.7588
99.1163
98.2025
98.7876
96.7511
96.7116
96.6094
99.6936
96.7038
99.7505
96.7055
97.7779
99.0277
99.0134
96.7114
96.6809
96.6534
98.0858
96.8402
97.2716
96.4863
97.1613
98.7328
96.7247
98.9657
98.4245
96.519
96.7107
98.3729
98.4989
96.6134
98.9875
98.1608
98.2333
97.2546
98.4689
98.3087
99.4888
96.5343
96.7567
98.0817
98.5575
98.3797
98.7868
96.6726
98.8406
98.5766
98.1549
98.4337
98.2572
98.0707
99.0919
98.2683
98.4482
99.6912
98.7249
98.7711
98.8149
98.4025
97.2203
98.2017
98.4023
99.0976
98.443
96.6907
96.8009
99.4439
96.6422
97.1586
96.7195
99.0983
99.1317
98.3174
98.8431
96.4786
96.7952
99.6574
98.2402
99.8794
98.4818
96.5091
99.8037
98.2764
96.7558
98.3493
98.5982
98.8155
97.2566
96.7537
98.3443
98.3428
96.9582
98.5616
96.6042
99.4185
98.2993
96.6488
98.6346
98.9875
98.9962
98.4646
98.0247
98.967
96.6791
98.338
98.3965
98.4118
98.3614
96.7981
98.9771
96.875
98.7281
98.3828
96.7139
96.715
99.2827
99.4985
98.5181
98.7825
98.6453
98.7912
96.7566
98.7453
99.0383
98.6956
98.916
98.0606
98.9041
98.38
98.6086
96.643
98.7345
98.7063
97.2138
96.7181
96.6891
96.6027
96.6172
96.6856
96.7644
98.6603
96.5679
98.3394
98.4262
98.4778
96.7794
98.6786
96.7641
98.416
97.3223
98.6453
98.9657
98.7995
98.4026
99.0467
98.3377
98.2917
98.3908
98.3848
98.3526
98.7189
99.5523
96.7397
98.3218
96.6074
98.1825
96.785
97.2917
96.6257
99.0486
99.0664
98.7008
98.5234
98.4676
97.2594
98.9519
98.764
97.2406
98.3418
98.8243
96.4986
99.0597
96.7481
96.4738
98.8148
98.8694
98.7155
96.7766
98.3439
99.0891
98.3478
98.7932
96.5158
96.7911
96.6769
96.8813
98.7108
96.7309
96.814
99.1862
98.6234
98.2445
99.7712
98.5304
98.5048
98.4209
98.0817
96.6676
98.5866
98.3353
96.5937
98.7249
96.5158
99.0536
97.2455
98.2159
98.3283
96.7616
96.6422
98.3505
98.338
98.4287
96.6967
98.6823
96.8163
98.7294
96.7725
98.4322
99.1092
96.8968
98.3234
98.3844
98.9758
98.3472
98.6145
98.4954
98.3936
98.2146
96.6355
99.7003
98.2792
96.7851
96.785
96.6172
98.4573
97.127
96.6455
96.6345
98.2211
98.2061
96.65
98.8498
98.176
98.936
98.7964
98.7161
98.8256
97.2742
96.6792
96.6985
98.3588
99.824
98.3041
98.6126
96.7512
97.2245
98.6669
98.3844
96.8473
96.8037
96.8098
96.6066
98.3453
98.2492
99.3469
96.769
96.7122
96.6391
98.2022
99.1688
98.1893
98.7547
98.6049
96.7844
99.1783
98.338
96.7806
98.8959
98.7209
98.3246
96.5168
99.4519
98.4115
99.8794
96.8561
96.5683
99.3738
98.7874
98.8612
98.7923
98.6631
96.8435
98.6429
98.3721
96.8059
98.2143
96.6516
98.3941
98.5914
96.8689
99.1177
98.1678
96.7393
98.7928
97.1956
98.3359
98.5851
97.2091
96.7336
96.6856
96.6346
98.2984
98.3285
99.119
98.5823
99.3469
98.3481
98.3808
96.677
96.4849
98.3011
96.7616
99.053
98.9411
99.076
99.1381
98.4917
99.0688
96.6454
99.4437
98.2961
98.4564
98.6292
98.2828
98.9269
99.047
98.5563
98.2026
96.7278
98.9195
98.1945
98.3844
99.4139
98.4135
96.837
96.8388
98.2539
98.4224
98.3994
98.3415
98.6213
99.9136
96.7145
98.6609
96.6557
96.7513
96.573
96.7669
98.9758
98.7757
98.2903
99.0912
96.7852
99.0361
99.0983
98.7792
97.9403
99.0447
98.2061
96.868
96.8473
96.6422
99.1453
98.2099
97.1037
98.8454
98.4982
98.8163
98.4659
96.8124
98.6827
96.7562
98.3778
99.1293
98.3427
98.4211
99.448
98.6522
98.991
98.6735
98.9559
98.5575
98.3153
96.6761
98.4734
98.3804
98.4471
96.5192
98.3153
98.3842
96.6128
96.8352
98.5519
99.1641
96.7852
96.668
96.7482
99.2928
98.9875
99.6932
98.6931
96.8826
96.6762
98.9789
98.4706
97.2546
98.3721
98.2657
99.0414
98.6833
98.4062
96.7477
98.9682
96.7695
96.7123
96.6248
98.9726
98.4917
96.6734
98.2429
96.6795
96.7577
96.6925
98.4603
98.2893
96.746
98.6838
98.93
96.8077
99.0767
98.1299
96.7982
98.5835
99.4985
96.7966
98.7281
98.2821
98.1105
96.7783
98.86
98.3569
99.0283
98.338
98.2991
98.7209
96.6409
98.4229
96.8432
98.7204
98.3281
98.6722
98.4733
96.8605
99.1679
98.3616
96.6754
98.184
99.2025
96.6809
98.8596
98.2589
96.7797
99.952
96.7802
98.8329
98.8534
98.4261
98.7923
99.8081
98.6244
98.3651
98.4057
98.2082
97.2005
96.8153
96.7484
96.5462
98.4323
97.2102
98.3997
98.4089
98.4322
98.4024
98.7757
96.6355
98.5234
96.6809
98.3382
98.2862
98.4461
98.3994
97.1205
98.7769
98.2402
97.0336
98.4604
98.1671
98.2574
98.3687
98.1798
96.7802
98.2123
98.3805
98.2961
98.7344
98.2801
98.479
98.5912
99.115
98.3786
98.2624
98.7627
96.8111
96.6078
98.3268
96.7355
96.8432
96.7387
98.3558
96.6924
96.7196
96.6887
96.641
98.2118
96.6532
98.3469
98.4293
96.6476
98.1874
98.41
99.1591
97.2488
98.6126
98.4685
98.8068
98.3892
96.7677
98.6216
98.3466
96.7243
98.4227
98.1927
98.3285
98.1657
98.6775
96.6754
97.9698
98.2829
99.0607
98.7769
98.9304
98.3343
96.7708
98.1425
96.6924
96.613
98.9639
98.2146
98.253
98.7187
98.2633
96.7889
96.8602
99.0379
98.2082
98.4134
98.613
98.8313
98.2143
98.9269
98.3278
98.339
98.3919
99.5358
98.9304
99.0974
96.7342
98.7787
96.412
98.3913
98.7719
98.2629
96.7416
99.4701
98.7729
99.852
98.3207
96.6049
98.2295
99.1757
98.8448
98.6908
96.6659
98.7008
98.3965
96.7024
98.4135
96.757
98.2573
99.8686
98.3126
98.9233
98.359
96.7679
98.3191
98.3394
98.6768
98.3588
98.4902
96.7644
98.2862
99.0558
98.3398
96.7105
98.9302
98.3934
99.055
98.7589
96.7064
98.2219
99.1583
98.3466
96.6718
96.7227
96.7218
98.5969
98.3581
98.8379
98.2917
96.6823
98.3777
98.4209
98.3199
96.6451
98.4661
98.6955
96.695
97.1799
98.5877
97.2587
98.753
99.0134
99.1984
98.44
98.4578
98.151
98.6319
98.7519
98.3329
98.5039
96.6554
98.3293
98.6963
98.486
98.6637
98.3851
98.3381
98.999
98.9251
96.6801
96.663
99.013
98.5506
98.207
98.194
98.4958
98.8429
96.6078
98.251
98.86
96.7542
96.7156
99.2687
96.5568
99.9026
96.669
98.3359
96.5334
96.7753
98.2818
96.6488
98.5296
98.7939
99.7844
98.9802
96.7467
98.5982
96.5287
96.7484
98.6233
98.844
99.9866
98.8136
98.3001
99.1208
98.7026
98.6728
98.2138
98.2641
98.8379
98.5304
98.4716
98.3332
98.4993
98.3779
98.4091
96.7989
96.618
98.3372
98.4429
98.7385
98.0765
99.7654
96.7622
96.6836
96.6492
96.9089
98.9962
98.479
98.3074
96.7975
98.385
96.741
98.1135
98.2846
96.659
96.6908
98.6548
98.4778
97.3485
98.9258
98.6541
98.9509
99.952
98.1299
96.7265
96.7104
96.7871
98.3444
98.7792
99.0174
96.756
96.6826
98.4782
98.414
98.6038
98.1961
98.3808
99.1177
96.6858
98.8913
98.4148
96.6453
98.996
98.9801
96.6312
99.0813
98.8609
96.8361
98.2164
96.6029
96.6975
98.3677
96.6812
98.3613
98.1759
98.406
99.0187
96.6867
96.7978
99.086
99.7478
99.4701
96.4645
98.3189
99.2976
98.7957
96.6236
96.6093
96.8175
98.7849
96.7242
96.641
96.7313
98.3741
98.2159
98.263
96.6056
98.8326
99.005
98.5957
99.8622
99.2177
98.6647
98.3542
98.2421
98.2978
98.1739
98.3812
96.6826
99.798
98.4229
97.2249
98.8688
99.1064
96.6172
99.0486
96.7672
99.6656
98.3443
98.3428
98.2507
98.3428
96.6732
98.5587
96.5714
96.6108
98.738
98.2165
98.6047
99.3636
98.5399
96.6476
98.7108
98.7643
96.8189
96.6142
96.7087
96.8465
98.3149
98.156
99.0281
98.4967
99.8507
98.306
98.4035
98.2717
98.2164
96.7859
96.5074
98.9233
98.3466
98.3618
98.933
98.6631
96.7338
98.753
96.8211
98.3894
96.934
98.1911
98.2421
99.3104
98.6346
98.9657
96.7559
96.7116
98.749
98.2402
98.8429
96.6236
96.6911
98.3569
99.5838
99.3753
98.7385
98.7459
96.6013
98.4603
99.1258
99.0187
98.6162
98.6931
98.1541
98.3087
99.4439
98.0022
98.994
98.4153
98.2965
98.2475
96.711
98.0899
96.6867
96.6659
98.224
98.2997
97.169
97.2827
98.3315
98.3526
98.5174
96.7841
96.6248
98.4338
96.6391
98.6162
98.6824
96.7481
99.008
98.6145
98.6832
98.6429
98.2952
97.2716
98.3398
98.588
98.6245
96.7851
98.4242
98.2972
96.8269
96.5946
98.4136
98.4256
98.4619
96.7181
96.8689
96.6842
96.4426
98.367
96.8059
99.8497
98.4818
96.7686
98.2769
96.689
96.814
98.6233
97.853
98.3657
99.1057
99.0635
98.7787
98.3265
98.381
96.7278
98.7892
98.2997
98.8469
98.3442
98.1709
98.8329
96.7558
96.669
98.5586
98.6908
98.4369
98.7481
99.8825
98.5296
96.785
98.3427
98.8432
98.7825
96.7794
96.7982
99.7267
96.8265
98.2801
98.4253
98.7476
98.2728
99.116
98.3805
99.6574
96.7162
99.497
98.6718
96.4938
98.2378
98.2995
98.2764
99.1148
98.3041
98.6281
97.2701
98.8148
98.4658
98.6283
98.9505
98.0308
99.7959
98.4214
98.4185
96.8529
96.6013
98.6108
96.6902
98.3103
98.3067
97.2388
98.3033
98.9802
96.8529
98.6977
98.6356
96.5591
99.5838
98.797
98.6768
98.8786
98.1771
96.6914
98.4338
98.1428
98.6717
98.3948
98.3087
96.7066
97.2922
96.643
99.061
98.3439
99.4177
99.0692
98.2379
98.338
98.8345
98.7412
98.2712
99.1251
96.7817
98.9821
99.1385
98.5039
98.7216
98.6647
98.314
99.168
98.345
96.7068
98.2324
98.9041
98.4012
98.6674
98.6453
98.3652
98.5835
96.7433
98.9962
98.6973
96.7281
98.4562
96.6872
98.5009
96.6312
98.4293
96.5083
98.3531
96.73
96.7309
96.7156
96.8098
98.2379
98.4201
98.8345
98.2731
96.6172
98.7352
98.4619
98.4091
98.314
98.2947
96.7212
96.7623
98.4054
98.3481
96.7604
98.6245
98.3792
98.3323
99.7003
96.8344
96.8379
98.194
98.8098
96.7008
98.7209
98.4961
96.7204
98.0707
98.4255
96.7686
98.2763
98.2582
99.154
96.6939
96.9068
99.0428
98.3666
99.1106
98.1372
98.1596
98.7161
96.7328
98.7999
98.4323
98.1825
96.7358
98.4148
98.2683
96.6671
98.4863
98.7564
99.4985
99.8449
98.4668
98.2511
98.7806
97.2679
99.795
99.1182
99.068
99.8025
98.8913
98.2451
98.238
98.1105
98.3087
98.4181
99.0863
98.1406
98.3167
98.7159
98.263
98.3143
96.7701
98.6775
98.3185
98.3775
99.0379
99.1082
99.2667
98.3437
96.8322
98.3492
98.3398
96.677
99.1106
98.8469
96.6072
96.6671
98.7398
98.4677
97.1152
98.3311
96.6393
98.4564
98.3329
96.7264
96.769
98.5721
98.2398
98.4624
98.3232
98.3323
96.7352
98.3085
96.7186
98.8062
99.0203
96.748
96.8543
98.4956
98.2117
96.6455
96.6616
98.4578
98.24
96.3507
98.7129
96.7733
96.6825
96.7036
96.6914
98.3428
98.5575
96.7677
96.7797
96.9839
96.7615
98.2361
98.7187
96.7064
96.6056
99.2239
96.6424
98.3761
98.7483
98.6281
99.076
98.3597
96.7542
96.769
98.8306
96.6696
96.5683
98.6631
98.6328
98.5151
98.7749
98.3304
98.4223
98.2022
98.7779
96.6224
99.1591
96.7977
99.5805
99.0203
98.7529
98.1798
98.2605
98.3456
96.829
98.8537
96.6533
98.8518
98.3859
98.5259
98.3372
99.0639
96.6459
98.2311
98.7896
96.7776
96.7952
96.7573
98.2336
99.0891
99.0813
98.3616
98.3232
98.2311
98.3857
96.6792
98.2118
96.7055
98.4466
96.5936
98.2907
96.7186
98.1657
98.7481
96.8217
98.9798
96.8446
98.2258
98.5695
96.5976
96.8092
96.6791
96.8976
98.8668
98.1461
96.7467
98.5038
96.5832
98.2494
98.4016
98.4118
96.6677
98.1199
98.4036
98.8375
98.3768
99.0226
96.8104
96.7841
98.3797
96.8813
96.5558
98.7572
99.1076
98.3758
96.71
98.7648
96.4952
98.3848
98.4085
98.3422
96.8577
98.0322
96.4977
98.5766
98.8668
98.4619
98.9875
96.8046
98.4494
98.3934
98.1017
98.2296
96.7766
96.7416
98.1607
98.5709
98.7719
99.161
96.6463
96.5866
98.8375
99.293
98.2731
99.5006
96.6108
98.2972
98.7914
98.7463
98.6717
98.4214
98.4003
96.6956
96.7977
98.2369
96.702
98.2883
98.8261
96.6073
99.3965
96.6424
96.5959
98.4168
97.1121
98.8428
96.8357
96.6576
98.7792
98.8214
98.2081
97.265
98.8364
99.795
96.8194
96.6602
97.0546
96.6798
97.2948
96.9215
99.5834
98.7912
98.7396
98.6319
98.201
98.2334
96.7398
98.2714
98.3415
98.3791
96.7802
98.3813
99.4271
96.7961
98.2017
98.3492
96.6422
98.527
98.8733
98.2996
96.6941
99.0448
99.1388
98.2917
98.9719
98.7561
96.7357
99.0227
98.1607
98.6353
98.1921
96.7266
98.1823
99.0692
96.849
98.8138
98.6358
98.991
99.1723
98.3813
96.6644
99.0996
96.7139
97.1038
99.4649
98.755
99.8852
98.9009
98.2089
98.2904
96.934
96.7194
97.9064
99.0683
98.8084
98.7345
96.6798
96.697
96.715
98.2123
98.9962
96.6872
97.2398
98.9505
96.5866
96.6072
96.7328
96.5745
96.7312
98.821
98.3798
98.6439
96.7136
99.1757
98.4097
96.868
98.4728
98.7864
98.3808
96.4394
99.161
96.7105
98.3482
96.6476
98.4593
96.7398
96.7679
96.6804
98.7232
96.7606
98.4347
98.0858
96.6108
98.2961
96.715
96.759
98.7589
99.0288
99.106
98.2763
98.2673
98.7352
96.7602
96.7247
96.746
98.3284
99.8444
96.8688
98.6466
98.2138
96.5714
99.4957
96.7335
99.1397
96.7196
98.3284
98.4466
96.8583
98.8786
96.6248
98.6281
98.5815
98.4689
98.4668
96.697
98.7841
98.6019
98.7164
96.8046
96.8193
98.4028
98.6098
98.3242
98.4543
96.7189
96.6668
98.3831
96.5937
98.3418
99.8141
99.4977
98.3343
98.6466
96.8432
98.479
99.0077
98.3279
96.7537
98.3285
98.9716
98.0865
98.3617
98.7648
96.9068
98.6082
98.4201
98.3297
96.7297
98.6478
96.7264
96.7079
98.3842
96.7292
98.151
99.1862
98.4156
99.154
98.2369
98.9251
99.8677
98.656
96.7537
98.6435
98.9995
96.7566
98.168
96.6762
98.932
98.7045
96.8124
98.4775
96.7976
99.5834
96.7733
96.7557
96.7547
99.1397
96.5581
98.1759
96.7022
96.7982
98.4359
98.2687
98.0042
98.4562
98.4732
98.386
96.746
96.6663
96.6904
96.4738
99.0234
98.4145
98.7309
98.4717
99.6582
97.3485
96.7004
98.6768
96.5506
98.3506
98.8518
96.7353
97.2909
98.3696
96.748
98.4287
96.6812
98.2978
98.7641
99.5617
97.2341
98.2864
96.541
96.4849
98.249
96.8964
98.4733
98.3379
98.3311
99.4437
99.4701
98.7378
96.6675
98.3439
98.9851
98.8261
98.4091
98.3948
96.6455
98.5519
98.6256
98.3789
98.332
96.6374
98.5851
98.2814
96.8092
99.1696
99.4437
99.0974
96.7393
98.6824
96.6029
98.7631
98.673
96.7309
98.7719
99.0919
96.7253
98.5171
98.3536
99.7712
98.8203
98.7285
98.6397
96.7087
98.7425
98.4245
99.053
98.8498
99.0767
99.0629
97.2926
98.4077
98.3487
98.9269
98.3477
96.5714
98.2467
99.9906
96.7374
96.6914
98.3936
96.646
96.7887
98.3359
98.3735
96.7106
96.7554
96.9247
98.7301
96.7187
96.5936
99.1874
98.7769
96.8592
98.2537
99.1069
98.2672
96.4388
98.279
96.7222
96.6291
99.0598
98.4661
99.0761
98.2667
96.7977
98.4522
96.6386
98.4151
99.1069
98.5536
96.5158
98.2821
98.2917
97.3032
99.1466
98.3528
96.7622
96.697
98.2099
96.7062
98.6493
96.6602
98.3932
96.5074
98.2872
96.7725
98.1914
96.9215
99.7654
98.3646
98.4471
98.2295
96.7379
98.4661
98.6984
97.1037
96.7297
97.2922
98.332
99.0635
98.3747
98.339
98.4193
98.1391
99.8776
99.0028
97.3084
96.6654
98.4923
98.3789
96.8189
98.2494
98.3205
98.0855
96.7004
96.7981
97.2386
98.7806
98.3792
96.4425
98.3372
98.2769
96.7604
98.7729
98.7011
98.5956
96.7333
96.6823
98.3482
98.718
99.0558
98.3411
98.2664
99.0426
96.8523
96.8514
98.3428
99.4252
98.4098
97.1205
98.1937
98.2451
96.745
98.3851
98.2582
96.8268
98.1017
99.0569
98.8668
98.4086
98.2991
98.1975
98.4115
96.7602
98.2242
98.9962
98.8136
99.8025
96.8128
98.7769
98.5866
97.2399
98.7841
96.9123
98.3958
96.7068
96.7279
99.1723
98.7152
97.2716
98.2507
98.3152
99.0448
98.2022
98.457
98.5004
98.394
98.3026
99.8449
96.668
98.3494
97.2465
98.3882
98.6159
96.708
98.6049
96.6459
99.0281
98.5048
98.2764
96.7675
96.7802
98.835
98.8432
98.2216
97.1492
98.8773
98.1771
98.3595
99.0459
98.6257
98.7483
98.2853
96.7281
98.8934
96.5866
98.9304
96.7022
99.0428
99.0996
98.8973
96.7291
98.3859
99.0245
96.7398
96.727
96.6677
98.1914
98.279
98.792
98.6735
98.3466
96.8701
98.4743
98.194
98.4136
96.714
99.0828
96.8104
96.7811
96.7851
97.3635
96.7379
98.1736
98.9719
96.641
98.3842
96.6384
98.4409
98.2667
98.6093
98.9595
96.7859
98.7223
97.3223
98.2573
96.8531
96.752
98.2547
99.9875
99.0506
99.106
98.7609
98.4102
98.3979
98.2683
96.5137
96.7558
96.7526
98.9505
98.3831
96.695
96.4326
98.1948
96.7247
98.2607
98.2287
98.0397
98.1823
96.7022
96.6499
98.486
96.746
98.3445
96.6712
98.3721
99.3896
98.4471
98.2903
97.2546
96.7022
98.6292
96.4986
98.2815
98.1453
98.1671
98.3359
98.3281
98.3362
98.7422
98.4533
99.324
98.201
98.3048
98.7519
96.6796
96.7104
99.0151
96.8348
96.9123
98.3013
98.5536
96.7247
98.5464
96.6677
96.7187
98.6007
98.8378
98.3619
98.3183
98.226
98.7156
98.3323
96.7482
96.8543
98.3482
98.9971
98.3651
96.689
98.4734
96.7569
99.8402
99.0187
96.7481
98.3323
98.4151
98.4241
98.3948
98.6467
99.0054
96.4273
98.3652
96.7268
98.7105
98.2903
98.5506
96.474
98.3718
96.7669
96.5233
98.4937
98.3843
98.2893
97.169
96.5856
98.3478
96.8586
98.2002
98.2685
96.5946
99.0934
99.1984
96.7611
98.3475
96.7604
96.6368
99.2177
99.7267
98.3844
99.5015
98.2507
99.8061
96.6799
96.7437
99.2121
98.7008
96.7686
96.6823
96.7102
98.3945
98.8138
98.4102
96.7977
98.6696
98.3478
98.2828
98.415
96.6375
98.2451
98.3278
98.663
97.1799
96.7231
98.7494
98.6838
98.8345
98.0966
99.6932
98.2492
96.8357
98.4242
96.5978
96.9565
96.7685
98.2261
98.4371
98.4098
98.486
96.6916
96.6801
96.7139
98.8431
98.5558
98.2498
98.3379
96.7477
98.3269
98.398
98.3359
98.7561
98.8658
98.656
98.3548
98.3048
98.401
96.7803
96.8806
98.7995
98.3205
96.7756
98.3464
98.9791
98.4435
98.1641
98.6776
98.4954
98.6468
96.7218
98.6093
98.4772
96.7068
97.2354
96.474
98.4508
98.3372
97.3032
98.3801
98.4499
96.804
96.8592
99.762
96.8077
98.9258
96.7004
96.6988
98.7825
98.8579
98.3136
98.352
98.6175
99.0779
99.8507
98.5402
96.4738
98.3159
98.3789
98.3627
98.4154
99.1539
96.7569
98.6426
96.7733
97.2816
98.4466
99.126
98.7149
98.2524
96.8013
97.2005
98.5506
96.5832
99.8586
97.3028
98.2173
98.4708
98.1961
98.3176
97.2398
96.6924
96.8544
98.2664
96.6737
96.618
98.6175
96.8108
98.3896
98.3517
99.7805
98.6162
98.372
99.5737
98.8084
98.7307
96.6911
98.7885
96.6453
99.0809
98.6233
98.6409
98.8518
98.6292
99.1182
98.8098
96.6798
98.7641
97.2213
96.7781
96.6789
98.7463
98.6824
96.7301
98.2211
96.6583
98.9771
99.053
98.3517
98.4003
96.7565
99.2976
98.4435
98.4677
98.7262
96.7701
98.4201
96.7961
96.6939
96.7615
98.4676
98.4157
99.8677
98.749
98.5915
98.7224
98.4967
98.3618
98.1105
96.7766
96.6796
98.3362
98.2686
96.5601
99.1077
98.3329
96.3507
96.6398
97.2386
98.991
98.2402
98.2494
99.6131
98.8579
98.7242
98.3774
98.386
98.6545
98.6833
96.7679
96.7767
96.8514
96.6056
98.6468
96.6821
96.8413
98.3741
98.3768
98.3674
97.1875
98.6631
96.6345
97.9768
98.6931
98.9268
99.1397
96.8826
96.6391
98.3843
96.891
98.5233
98.1945
98.7159
96.8098
96.7558
96.7374
98.7291
99.8081
98.386
97.1038
96.6648
99.2932
98.4989
98.2965
98.9302
99.762
98.4612
96.5233
98.3148
98.6798
97.2793
96.4786
98.4772
96.6668
96.7488
96.6133
98.1775
98.7108
96.7392
96.7114
99.032
98.1823
98.4508
98.3665
98.194
96.7602
99.5441
98.7159
98.1914
98.6234
99.1221
98.6956
98.9505
99.8449
98.7609
99.4985
99.8023
96.7204
98.8163
96.7708
98.9531
96.8181
99.4437
98.821
98.7932
98.0776
98.9519
96.4426
99.0558
96.714
96.7367
97.0546
98.3339
98.3721
98.2105
98.7481
96.6398
98.3674
98.4244
98.4185
98.3362
98.9855
99.5805
98.6256
96.7499
98.8313
98.7242
98.8518
98.2717
98.6376
98.2539
96.7614
98.44
98.2775
99.0387
98.9324
98.3011
96.804
98.7864
96.6593
96.7319
98.6011
98.5402
98.3548
98.3353
96.618
98.4061
97.7779
98.7243
98.2402
99.0664
98.2728
99.1275
99.4888
98.4732
98.3734
96.7978
96.474
96.7003
96.689
99.0976
98.8247
99.3469
98.4466
96.7644
96.837
96.7635
99.9906
99.1575
98.2527
96.6199
98.3671
99.9715
96.6671
96.6488
96.6922
96.8814
98.3772
96.618
99.1071
98.7481
96.7977
96.6157
98.0707
96.7352
96.8031
99.0253
96.6535
99.161
98.2629
99.1221
98.3913
98.483
99.1453
98.3792
98.4012
96.8031
98.6908
98.4604
96.7117
97.1205
98.5464
99.4669
99.9981
96.7481
98.9293
98.0707
98.5962
96.6367
96.7004
98.4603
96.7325
96.6698
98.3703
96.8541
98.2968
98.2445
96.8867
99.0597
98.3353
98.3144
98.8243
98.4177
99.2042
96.6872
98.4414
96.7969
96.6717
96.6801
96.6553
99.0456
98.3936
98.5304
96.7789
97.1028
98.7395
96.7357
96.689
98.3961
98.7806
96.7143
99.0922
98.2091
96.746
98.4136
96.8542
98.3292
99.3766
99.646
98.7283
98.3281
96.6108
96.746
98.3362
96.6967
98.3947
96.7218
98.3001
98.2165
99.0038
98.9962
98.3665
96.7732
96.7194
98.9657
96.7228
96.6642
98.3036
96.6771
98.479
98.5766
98.2226
96.6422
96.7212
96.5343
98.7315
98.633
98.4284
98.3931
99.4957
98.5271
98.487
98.2295
96.7216
96.7829
96.7154
98.332
98.3515
98.4977
98.7589
98.2475
96.7398
98.9442
98.1454
98.4141
96.7766
98.7065
97.2275
99.1874
99.0767
96.6042
96.7231
98.4016
98.6358
98.6228
98.6142
99.1225
97.1108
96.7147
96.6453
99.0172
96.7795
96.6535
96.7538
99.6131
96.5919
98.9009
98.2787
98.7849
96.8169
98.4862
98.7876
96.7104
96.6491
98.3897
96.7771
97.1983
96.7756
98.7463
98.403
98.4967
98.1608
98.7407
96.4986
98.2817
96.8564
96.5233
98.2991
96.7658
96.4977
98.3627
97.2522
99.0028
96.7296
96.857
98.8362
98.7462
98.6757
96.8964
96.6802
98.4708
96.6463
98.064
98.4658
96.7846
98.4086
96.6734
96.7963
98.5376
98.306
99.055
97.1038
96.7829
98.3259
99.1177
98.6007
98.4121
98.1945
96.6893
96.8438
96.7648
96.8058
96.6891
96.5672
98.8064
99.8849
99.3469
97.2488
96.6798
98.6328
96.7708
96.6719
98.3148
98.8694
96.7698
99.1177
97.1193
96.7278
98.4154
97.127
98.3644
96.672
98.2299
96.7701
98.282
99.0585
98.3083
99.0851
99.1239
98.7641
97.2496
98.0901
98.8379
98.2326
99.404
98.7232
99.0387
98.414
96.7392
98.194
98.4245
98.3377
98.9473
99.0934
98.3315
98.3552
98.3385
98.7438
98.3987
98.936
98.4253
98.9403
98.3427
98.9519
99.9949
96.5866
98.2814
98.6544
96.8128
98.3477
96.837
97.1875
98.4057
97.1875
98.3782
99.8867
96.9247
96.6921
98.6453
98.4245
99.0841
99.0369
96.7139
96.8703
96.8543
96.7055
96.6376
96.8222
96.6726
98.4732
96.7234
98.3242
98.6028
98.4344
96.7615
98.1083
98.9801
98.764
98.0858
98.2772
96.5334
98.6595
98.4967
97.1492
98.2017
98.7105
96.7283
98.3518
98.6012
98.4035
99.102
96.6648
99.068
99.0387
98.4091
98.7841
97.2857
97.1956
96.6858
96.6867
98.9403
98.9851
98.2216
98.4152
99.4437
98.2995
99.8677
97.1997
98.3418
98.3772
98.3518
99.9949
98.7917
98.2834
99.1591
96.6219
99.0778
96.7672
96.7496
96.7701
98.1565
98.624
96.8092
96.7274
98.7238
99.2938
99.7323
98.9977
98.1657
99.1679
97.1815
96.8332
98.8183
98.9786
98.2002
96.8477
98.3707
98.7425
98.4167
98.1384
98.6574
98.3615
96.8446
96.7635
96.8085
98.4028
98.4344
98.6978
99.6772
98.3345
98.8645
96.641
98.2728
96.7526
98.4227
96.697
99.0379
99.1508
98.3004
99.0506
96.7701
98.3388
98.1815
98.6439
96.7776
98.1917
96.6248
98.9166
98.6757
96.5679
98.2369
96.7139
98.4262
98.8136
96.6236
99.5833
99.3826
98.9855
99.3876
98.7957
96.714
97.2566
98.2862
98.363
98.8396
96.7297
98.2062
96.6157
96.8108
98.3087
98.3573
96.7569
96.5484
99.1783
99.3636
98.8352
98.3581
98.4117
96.6921
98.7133
98.6155
96.669
99.0429
98.4035
98.457
96.5546
99.0585
98.0511
99.0456
98.7026
99.2177
96.6662
98.6966
96.7672
98.6595
98.5914
99.5737
99.6294
96.7252
99.0378
96.7279
96.7356
98.4028
99.147
96.7604
99.0919
98.2787
98.7407
96.7091
96.875
98.4102
99.4649
97.1528
96.6692
