99.1082
99.7214
98.3041
99.115
99.7434
99.3636
99.2203
99.1453
99.7434
99.6936
99.0604
99.1134
99.2667
98.991
98.3149
98.3478
99.0456
99.8864
99.935
98.4036
99.7434
99.1258
99.9214
98.5536
98.5896
99.8677
98.5896
99.935
99.824
99.1028
98.5536
99.8753
98.3651
99.0952
98.996
99.1873
98.9786
99.053
99.2239
99.0635
99.515
98.5896
99.115
99.0639
99.798
99.0586
98.9719
99.4783
99.2929
98.3568
99.0234
99.852
99.1239
99.0234
99.8121
99.1028
99.795
99.0414
99.8023
99.0134
99.8864
98.6977
99.0809
98.5536
99.1028
99.9906
99.1473
99.8677
99.7177
98.9531
98.5704
98.3782
98.3568
99.0456
99.9866
99.1172
99.0414
99.0456
99.1028
99.7107
99.0227
99.9866
99.9866
99.115
99.1054
98.5536
99.8283
99.4185
99.1616
98.9789
99.1473
99.068
99.8061
99.1505
99.7562
99.852
99.0079
99.0079
99.8622
99.1134
99.1129
99.1172
99.0129
98.3478
99.1082
99.1028
98.405
98.3149
99.0227
99.1473
99.0467
99.3461
99.1453
99.1148
98.6047
98.3779
99.0919
99.0227
99.6508
99.1275
99.2203
99.1281
98.996
99.0134
99.1134
99.0234
99.324
99.1082
99.0079
99.2203
98.3782
99.1275
99.0645
99.1984
99.738
99.0767
98.5704
99.2025
99.6574
98.9789
98.6455
99.8061
99.3461
99.0779
98.6977
98.3948
99.8794
99.5391
99.0315
99.1148
98.3934
99.0379
99.8156
98.6984
99.2239
99.2121
99.4977
99.2997
98.4036
99.4439
99.8686
98.6455
98.712
98.991
99.2667
99.0467
99.935
99.7562
98.3528
99.1591
99.1616
98.7309
99.0974
98.3528
99.1092
99.1473
99.1275
99.293
99.7562
99.7951
98.3597
99.0315
99.4977
99.2203
98.4036
99.8121
99.1239
99.1583
99.0912
99.1583
99.1233
99.1054
99.2667
99.324
99.17
99.4439
99.2203
99.7821
99.3537
99.7434
98.656
99.8224
98.6421
99.2203
98.712
99.7163
98.3777
98.3545
99.0639
99.1616
99.1092
99.8586
99.8156
99.0912
98.6409
98.712
99.0586
99.1239
98.3782
99.8283
99.1453
99.798
98.5896
99.795
98.3779
99.795
98.3651
99.2466
99.7434
98.5704
99.122
99.4185
99.5391
99.2121
98.6696
99.122
98.3528
98.3149
99.935
98.3041
99.0414
99.8444
99.1909
98.6159
98.5536
98.3721
99.935
99.8794
98.7301
99.115
98.7301
99.3469
99.1092
99.3826
99.17
99.795
98.3558
99.7805
98.3651
99.2997
99.0227
99.7805
98.3478
99.0809
99.2121
99.2121
99.0767
99.1723
99.1616
98.3558
98.6977
99.3461
99.7434
99.7905
99.6508
98.3782
99.795
99.0277
99.0813
99.7163
99.8677
98.6455
99.1239
99.935
99.1221
99.1757
99.0151
99.1275
99.7214
99.0277
99.5617
99.3461
99.515
99.0809
98.3568
99.8794
99.053
98.3948
99.1505
99.4783
99.7654
99.0809
99.1591
99.5391
99.1239
99.0459
99.0772
99.0591
99.0414
98.4036
99.0912
99.9214
99.6932
99.7905
99.0734
99.1554
99.2466
99.4439
99.7821
99.2018
98.3934
98.6047
99.8864
99.1082
99.0604
99.0569
99.4439
98.656
98.3568
99.122
99.17
99.1028
98.712
99.1351
99.0586
99.2025
99.053
99.0234
99.008
98.9716
99.17
99.9824
98.9789
99.324
99.0227
99.8224
99.3826
99.1984
99.9214
98.996
99.008
99.1273
99.1028
99.2997
99.3537
99.0427
99.0779
99.0767
99.1583
99.0313
99.7107
99.0952
99.1909
99.8283
99.0315
98.3597
99.7093
98.6696
99.8794
98.6984
99.7093
98.4096
98.2173
99.0414
99.8156
99.2466
99.0174
98.712
99.8677
98.9716
99.0379
99.2667
99.053
99.1505
99.7478
99.008
99.7805
98.3782
99.324
99.0586
99.1239
99.795
99.7821
98.6984
99.1172
99.061
99.7805
98.6409
98.996
98.4036
98.3528
99.1239
98.3568
98.3782
99.7821
98.9789
98.991
99.2025
99.8037
98.6047
99.7506
99.1616
99.7478
98.6158
99.0379
99.3537
99.0151
98.6047
99.0772
99.8023
99.3537
98.6439
99.1082
99.0277
98.6409
99.8121
98.6984
98.996
99.0919
99.7505
99.7951
99.7805
98.5536
99.9214
98.3478
98.991
99.7093
99.1281
99.7163
99.6574
98.3558
99.8753
99.0586
99.0591
99.7267
99.9866
99.0779
98.4096
98.8959
99.8025
99.852
99.115
99.2018
99.1233
99.6932
98.3528
98.9302
99.515
99.8025
99.2018
98.3948
99.8037
99.0586
99.17
98.3779
99.8622
99.1172
99.3826
99.7505
99.9906
99.1106
99.008
98.7301
99.0379
98.6158
99.6932
99.7478
98.3782
98.3934
99.2203
99.2203
99.7163
99.2466
99.1281
99.5391
98.6977
99.17
99.068
99.8558
99.1134
99.2997
99.9906
99.4977
99.061
99.0976
99.0277
99.4073
99.1281
99.824
99.3826
99.0467
99.0174
99.6936
98.6158
99.738
99.8061
99.1082
99.7821
99.0378
99.1616
99.798
99.8558
99.1583
99.0379
99.0734
99.7163
98.5704
98.5536
99.1239
99.1239
99.0427
99.1473
99.1554
99.1273
99.0586
99.0315
98.3597
99.3826
99.5391
99.0414
98.6421
99.3537
99.7905
99.7951
99.2997
99.0129
98.6696
99.6932
99.5229
99.515
99.1554
99.7267
99.7107
99.738
99.7056
99.068
99.2025
99.8686
99.824
99.8753
99.2623
99.2239
99.1909
98.6409
99.0772
98.7301
99.2466
99.0414
99.515
99.8293
99.7107
99.8025
99.0443
99.2997
99.3461
99.6936
98.3779
99.0809
99.1591
99.9866
99.4783
99.8224
99.0427
99.824
98.3651
99.8864
99.0129
99.1873
98.3545
99.1616
99.1148
99.8753
99.852
99.5229
99.6936
99.5229
98.3597
99.0414
99.4073
98.3597
99.4977
99.0151
99.1473
98.3528
99.17
98.6647
99.1473
99.8293
99.4073
99.7177
99.1583
99.5834
99.0427
98.4096
98.7301
98.9789
99.8023
99.798
98.3568
99.8794
99.1505
99.7056
98.9302
98.6159
99.7177
98.6421
99.0779
99.0378
99.515
99.2018
99.061
99.8156
98.9531
99.1129
99.1351
99.8023
99.4977
99.061
99.0604
99.0922
99.1757
99.0809
99.4439
99.0767
99.7214
98.9302
99.1616
99.3636
99.068
99.9214
98.9786
99.0772
99.8794
98.6647
99.1258
99.3461
99.738
99.0983
99.2997
98.6409
98.9789
99.6932
98.6647
98.7301
99.0772
99.8023
98.3528
99.4649
99.6936
98.6047
99.1554
99.0313
98.6977
99.1273
99.0779
99.1082
99.8037
99.515
99.5229
99.824
99.1148
98.8959
98.6439
98.6439
99.852
99.1129
99.7951
99.0983
99.0813
99.7181
99.1909
99.0569
99.1148
98.3568
98.3528
98.3478
99.2025
99.8677
99.2203
98.3777
99.0151
99.1233
99.8283
99.7562
99.0922
98.6159
99.0976
99.293
99.1351
98.9716
99.5617
99.6508
99.558
99.0234
98.3558
99.3537
99.8686
99.9824
99.7093
99.8558
99.0645
98.5536
98.3558
99.0813
98.3782
99.7181
99.0134
98.3545
99.9824
99.0922
99.2025
99.3636
99.8558
99.0569
99.1757
99.122
99.7562
99.1757
99.2018
99.1984
99.2173
99.9866
99.7107
99.4073
99.8037
99.0313
99.2623
98.7309
99.8622
99.0983
99.0645
99.1723
99.6574
98.3478
99.2929
99.1364
98.3528
99.0983
98.3782
99.7056
99.7805
99.3537
99.7951
99.1273
99.8622
99.7821
99.0569
99.1591
98.3528
99.0414
99.8037
99.6936
98.5704
99.8224
98.7309
98.3149
99.1453
99.4977
99.0315
99.1172
99.1106
98.3478
98.3779
99.1616
99.7434
99.0277
99.1909
99.515
99.8064
99.1129
99.0456
99.3537
99.1351
99.0379
99.8025
99.2997
99.738
98.9302
99.8864
99.7821
99.8064
99.053
99.7951
99.7181
99.0809
99.293
99.0569
99.068
99.1148
99.6508
98.3721
98.3528
99.0604
98.6647
99.2018
98.9789
99.0313
99.2466
99.0467
99.0443
99.9866
99.122
98.6696
99.0456
99.0767
99.2997
99.1273
99.1064
99.053
99.2203
99.795
99.824
98.3041
98.5536
99.1106
99.0379
99.7905
99.7821
99.8794
99.798
99.8023
98.6159
99.0974
99.1054
99.2025
98.3545
99.8686
99.0586
99.8586
98.3041
99.0315
98.3568
99.1134
99.1258
99.1221
98.6439
99.1873
98.6409
99.1473
99.1082
99.0922
99.8224
99.1028
99.8794
99.7107
99.1148
99.7163
99.8283
99.9866
98.6984
99.7093
98.7058
99.8794
99.324
99.8753
99.9866
99.8121
98.3528
99.0809
99.0467
99.8156
98.3948
99.824
99.0174
98.3558
99.1351
99.0079
99.0443
98.3597
99.1583
99.852
99.1591
99.2623
99.1092
99.935
98.6159
99.0378
98.996
98.6158
99.0793
98.6159
98.3948
99.115
99.1281
99.1873
99.7214
99.0129
99.1233
99.1258
99.1275
99.1873
98.3721
99.0427
99.1028
99.8753
99.7056
99.7562
98.3558
99.2025
99.1134
99.1134
99.122
99.0151
99.8586
99.4783
98.3478
99.1984
98.3212
99.9824
99.2173
98.7301
98.6977
99.1554
99.935
98.996
99.1281
99.2239
99.0427
99.5617
99.5834
99.1909
99.1453
99.7107
99.852
99.2121
99.0604
98.6696
98.6439
99.1233
98.7058
98.6984
98.3041
99.824
99.4977
98.991
99.5229
99.8864
99.2121
99.2018
99.0129
99.8586
99.7959
99.0379
99.1239
99.0983
98.6047
99.0459
99.852
99.1453
98.6439
99.8753
99.1054
99.0586
99.8025
99.8677
99.1239
99.1909
98.712
99.9214
99.122
99.9906
99.1554
99.0793
99.2929
99.0591
99.0379
99.5229
99.4185
99.738
99.7505
98.3651
99.0129
99.4185
99.0912
99.0813
98.6439
99.852
99.0079
99.061
99.1453
99.1258
99.1281
99.1281
99.3826
99.1258
98.5896
99.1505
99.7056
99.1364
98.991
98.6159
99.1473
99.9214
99.8224
99.0277
99.4649
98.3948
99.1591
99.935
99.0456
99.8794
98.3528
99.1233
99.0813
99.4649
99.852
99.9824
99.1453
99.0569
99.0414
99.8121
99.0639
99.5229
99.8224
99.8121
99.1184
99.1281
99.2997
99.5834
98.4036
98.9719
99.9824
99.0639
99.9824
99.8023
99.8622
99.7505
98.6439
99.1591
99.515
99.8864
99.8023
99.3636
99.0974
99.7821
99.0234
99.3826
99.1233
99.2623
99.1221
98.9302
98.9789
99.1273
98.6977
99.324
98.3777
99.1351
98.3597
99.7093
99.1453
98.3651
99.1453
98.9716
99.8025
99.1273
99.7951
99.17
98.9789
98.3782
99.7107
99.8586
99.1184
99.061
99.7506
99.935
99.8224
98.5704
99.8677
99.3636
99.2121
98.656
99.795
99.2997
99.0974
99.0734
99.0591
99.738
99.106
99.1184
99.1239
98.6455
99.6508
98.6984
99.852
99.6932
99.7505
99.1757
99.1281
99.1129
98.9716
99.115
99.8025
99.2667
99.8586
99.7093
98.656
99.0459
99.17
99.7505
99.5834
99.8224
98.6696
99.2018
99.7267
98.3149
99.9824
99.0734
99.7506
99.1239
99.7821
99.8444
98.8959
99.0234
98.9789
99.1233
98.5536
99.2466
98.3777
99.2173
98.6647
99.106
99.558
99.1281
99.061
99.1273
99.1757
99.0793
99.061
98.3782
98.9786
99.3461
99.061
99.1275
99.9824
99.3469
99.2466
99.8864
98.405
99.3826
99.0459
99.8677
99.3826
99.8061
99.6574
99.0234
99.9866
99.4439
99.4185
98.6647
98.3528
99.824
99.9214
99.0079
99.7506
99.106
99.1184
99.0922
99.0952
99.7821
99.0772
99.558
99.8794
99.1129
99.795
99.0813
98.6047
99.1184
98.712
99.5617
99.1505
99.0779
98.3934
99.0974
98.6984
99.0586
99.8622
99.7093
99.9214
99.8037
98.6696
99.9866
98.6159
99.3461
98.3212
99.1148
99.4439
99.0203
99.1064
98.3948
99.7951
99.0591
99.0586
99.5391
99.7056
98.3651
99.1873
98.3597
99.4439
99.5229
99.0313
99.0234
98.3597
99.7506
99.0174
99.0443
99.515
98.3558
99.8586
99.0569
99.558
99.0779
98.9716
99.7505
99.0414
99.3826
99.1092
99.6508
99.7805
99.7562
99.0151
99.8156
99.0952
99.1554
99.9906
99.0129
98.7058
99.1616
99.7214
99.1258
99.0604
99.8586
99.1258
98.9719
99.3469
99.1505
99.935
98.991
99.824
99.0604
99.2173
99.0456
99.0569
99.4783
99.8023
99.8061
99.9866
99.1134
99.0443
99.1723
99.1129
99.8586
99.0569
98.6047
99.7951
99.798
98.9786
98.3545
99.0734
99.0793
99.8064
99.1909
99.8283
99.6574
99.798
99.0427
99.0983
99.8121
99.1505
99.8686
99.6574
98.9789
98.4096
99.293
98.6455
98.8959
99.0174
99.7267
99.0912
99.3537
99.0378
99.1591
99.053
98.3651
99.1082
99.0635
98.9786
99.1239
99.8064
99.5617
98.6421
99.0315
99.1233
99.9214
99.1129
99.7163
99.7654
99.2997
99.1239
99.2929
98.3779
99.0591
99.2025
99.122
98.3212
99.3636
98.3545
99.3537
99.8061
99.3537
99.0734
98.3568
98.6439
99.17
99.0922
99.1064
99.7562
99.8753
99.1106
99.0772
99.1233
99.8686
99.7505
98.9531
99.061
99.824
99.053
99.795
99.0379
98.9302
98.6409
99.3826
99.8753
99.1092
98.3934
98.6647
99.5834
98.3545
99.0379
99.4649
99.2929
99.8622
99.8293
99.4073
99.7905
99.17
99.17
99.1453
99.7905
98.3934
98.9716
99.0604
99.1909
99.7654
99.6936
98.3597
99.0604
99.1984
98.3212
99.5391
99.1233
98.3528
99.7505
99.8753
99.795
99.8677
99.6936
98.3777
99.0313
99.6574
99.935
99.0645
99.3537
99.0315
98.5704
98.3651
98.3149
99.0813
99.1909
99.1505
99.122
98.6047
99.8864
99.1984
98.3528
99.1281
98.7058
99.5834
98.3779
99.0767
99.6574
99.7434
99.0779
99.1616
99.824
99.0645
98.3782
99.7093
99.1505
99.8686
99.7562
99.1184
99.738
99.324
99.2203
99.0976
99.0919
99.0952
99.0813
99.1129
99.3461
99.0635
99.1873
99.0414
99.1172
99.0586
98.8959
98.3528
98.6158
99.4073
99.1148
99.2173
99.1129
99.122
99.0912
98.9716
99.1351
99.0129
99.8037
99.0912
99.7905
99.1239
99.0129
99.2173
99.558
98.3934
98.5896
99.9866
98.3782
98.6647
99.3537
99.0779
99.7093
99.4185
99.6932
99.3636
99.1233
98.405
99.068
99.0922
99.0129
99.3826
99.0983
99.0459
99.738
99.0277
98.9302
99.7505
99.5229
99.293
99.798
99.1591
98.6455
98.3934
98.5896
98.3948
99.8622
99.1909
99.0129
98.6047
99.5229
98.6409
99.4439
98.3777
99.8558
99.4185
99.0277
99.1172
98.9719
99.0414
98.405
99.7905
98.6977
99.0443
99.1134
98.3558
98.3651
99.8622
99.5834
98.6047
98.9719
99.2203
99.1028
98.3212
99.1239
98.3782
99.2173
99.9824
98.8959
99.0203
98.5896
99.4073
99.1184
98.3651
99.4649
99.1723
98.712
99.2025
99.7654
98.996
99.0983
99.0983
99.1909
99.0604
99.1273
99.1591
99.0277
99.7107
99.9866
99.6508
99.1583
99.1909
99.0734
99.0227
99.0645
99.6574
99.1233
99.1064
99.1054
99.0922
99.0952
99.7905
99.8622
99.7959
98.6696
98.6158
99.1184
99.8224
99.0414
99.0134
99.8444
99.1453
99.0604
99.2239
99.7505
98.3597
98.3651
98.3149
99.8864
99.5617
99.7821
99.0151
99.0277
99.4649
99.8025
99.0976
99.9906
99.0779
99.115
99.053
99.0234
99.1172
99.7505
99.1723
99.8586
99.0443
99.7056
98.6159
99.3826
99.7821
99.2018
99.738
98.3777
99.8025
99.1909
99.0734
99.4073
98.3478
99.1583
98.9789
99.8064
98.3545
98.4036
99.7434
99.1616
98.6455
99.7562
98.8959
99.935
99.795
99.7959
99.1134
99.0922
99.7506
99.0315
99.5229
99.1064
99.2025
99.0456
99.7821
99.9824
99.4439
98.9789
99.8586
99.8037
99.1275
99.0174
99.2121
99.1351
99.8864
99.4977
99.0315
99.0151
99.0809
99.0315
99.7478
99.0974
99.1054
99.0586
98.6158
99.7562
99.8025
98.9716
99.5617
99.053
99.1106
99.2929
99.558
98.3651
99.8064
99.8224
99.852
99.4977
99.1616
99.852
99.0459
98.6439
99.4439
98.712
98.3041
98.3721
99.5229
99.1233
99.1275
99.1233
99.8794
99.4185
99.0459
98.712
99.0313
99.0443
98.9786
98.3528
98.3777
99.1984
99.7056
99.8444
99.0315
98.3721
98.656
99.2203
99.1239
99.5617
99.1221
99.4977
99.4439
99.0976
99.293
99.0983
99.7056
98.5896
99.8586
98.9531
98.7301
99.8025
99.2203
99.0922
98.3934
99.8061
99.1184
99.6932
99.1134
98.7309
99.7181
98.9786
99.0922
98.8959
99.2203
99.1281
99.1172
99.7562
98.6421
99.7214
98.6421
99.2018
99.0591
98.9531
99.738
99.0772
98.7309
99.1258
98.2173
98.6984
99.2997
99.1984
98.9786
99.7177
99.5834
98.9789
98.7309
99.0129
99.3469
99.6574
98.7058
99.0809
99.7654
98.5704
99.8558
99.8224
99.2239
99.8753
99.0779
99.9824
99.0313
99.738
99.8686
99.0976
99.1453
99.7506
98.9719
99.1984
99.0793
99.1723
99.1984
99.0974
99.8061
98.3041
98.3212
98.5536
99.0129
99.3537
99.7959
99.0467
98.6409
99.0427
99.0151
99.0313
99.2623
99.0922
98.6047
98.3568
99.1984
98.3558
99.8156
99.1909
98.6409
99.0591
99.2018
99.1184
98.3948
99.2667
99.0779
99.1054
99.8283
99.1054
99.0414
99.8444
99.0645
99.1351
99.1092
99.0569
99.293
98.3568
99.3537
99.0772
99.0313
99.0779
99.0134
99.0639
99.6932
98.6696
99.068
99.0813
98.3212
99.0467
99.824
99.0974
99.0772
99.0151
99.3826
99.7805
98.3651
99.0922
99.5617
99.9866
99.0586
98.6409
99.106
99.3469
99.8061
99.0919
98.5536
99.7107
98.5896
98.9716
99.0227
99.0912
98.3528
99.17
99.8023
98.6984
99.738
99.5391
99.106
99.1184
99.1364
99.8037
99.3826
98.2173
98.3558
99.7905
99.4649
99.0203
99.8224
99.8753
99.0591
98.6158
99.0974
99.1554
98.3651
98.2173
99.738
99.1351
99.1233
99.4783
99.935
99.1106
98.3149
98.3041
99.1134
99.0234
99.4649
99.558
99.1054
99.4783
99.0313
99.1172
99.3537
98.712
98.8959
99.1082
99.0129
99.4073
99.9866
99.0586
99.1351
99.293
99.0151
98.3478
99.8293
98.996
98.3721
99.7056
99.1239
99.0922
99.0767
99.0639
98.6409
99.824
99.0313
99.3461
99.0443
99.008
99.8686
99.1082
99.1275
98.6984
99.4073
99.8025
98.7301
98.9789
99.515
98.6455
99.8283
98.9789
99.0379
99.1583
99.0414
99.0378
99.5229
99.8283
98.991
99.1233
98.6047
99.3636
99.2203
99.795
99.0772
99.106
99.1554
99.7805
99.1129
99.1473
98.3212
98.6158
99.0079
99.1554
98.5536
98.3478
99.0919
99.515
99.8753
99.4439
99.0203
99.2929
99.0174
99.061
99.7181
99.1275
99.8864
99.1505
99.1364
99.0772
99.0315
99.0793
99.4439
99.2018
98.3779
99.8283
98.3041
99.9214
98.656
99.0467
99.2623
99.0456
98.6647
99.8064
98.3149
99.8283
99.0456
99.8864
99.1028
99.1273
99.8025
99.6936
99.293
99.1505
99.7181
99.8064
99.0134
99.0079
99.8064
99.1148
99.1184
98.6047
99.0912
99.2203
99.1909
99.6574
99.2025
98.6647
98.7309
99.7805
99.1233
99.9214
99.0151
98.6647
99.852
99.0459
99.1351
99.1129
99.6932
99.2623
98.5536
99.0467
99.2025
99.6574
99.1106
99.8444
99.2466
98.7301
99.738
98.6158
98.6158
99.1453
99.1239
99.8293
99.2239
99.0203
99.2018
99.4783
99.2121
99.1184
99.7959
98.3934
99.8677
99.1184
99.4977
99.8293
99.1909
99.8061
99.7478
99.0079
98.3782
99.7093
99.7562
99.8753
99.8025
98.6158
99.1351
99.0378
99.0952
99.0919
99.7181
99.053
99.8023
99.1134
99.1757
98.3934
99.115
99.061
99.798
99.8677
98.7309
99.0976
98.6421
98.991
99.7267
98.4036
99.4073
99.0443
99.061
99.7506
99.8753
99.0734
98.3721
99.2667
99.0456
99.8293
99.8156
99.1258
99.0809
99.0414
99.7805
99.8753
98.3779
99.8293
99.1221
99.1453
99.0079
99.3537
99.7163
98.7309
99.8677
99.4185
99.8444
98.3948
99.0952
99.0379
99.5834
99.3826
99.0912
99.0639
99.0983
99.8677
99.0809
99.0974
98.5704
99.8224
99.0591
98.8959
99.3461
99.8025
99.0919
98.3545
99.0952
99.795
98.3651
99.2667
99.6574
99.7478
99.1351
98.3528
99.0779
99.4649
99.7214
99.8864
98.3934
99.2239
99.0983
99.515
99.1909
99.1473
99.1505
99.1583
99.7959
99.1757
98.3478
99.4439
99.738
98.3528
99.1172
99.0604
99.8558
99.852
99.9906
98.8959
99.0974
99.0459
99.1723
99.1554
99.0443
98.3568
99.1909
98.6047
98.3934
99.4649
99.4439
99.1233
99.8224
99.1273
99.0983
99.0591
99.7805
98.405
99.0976
98.6409
99.0779
99.7093
99.824
98.6455
98.6158
99.1184
99.293
99.7163
98.3934
99.8025
99.5391
99.3537
98.9716
99.8677
99.0234
99.2121
99.293
98.3777
98.7058
99.8794
99.1082
99.515
99.0378
99.2667
99.0912
98.4096
99.0313
99.0635
98.9786
98.6977
99.1873
99.4649
98.9719
99.1275
99.0983
98.7301
99.8864
99.8064
98.6696
98.6977
98.3149
99.4649
99.5834
99.852
99.7959
99.1064
99.0793
99.8622
99.7177
99.4073
99.7821
99.824
98.3651
99.008
98.6439
99.2025
99.1221
99.2203
99.8558
98.5536
99.2623
99.2667
99.0456
99.0569
99.2997
99.0151
99.7107
99.1082
99.1281
98.3948
98.6159
98.6977
98.6158
99.515
99.3636
99.1172
99.0414
98.6984
99.1616
99.0378
99.8677
99.8023
99.0813
99.0772
99.558
99.8064
99.0586
99.738
99.7214
99.1184
99.6932
99.7654
99.0313
99.7177
99.3636
99.1873
99.3469
99.7562
99.0569
99.0379
99.1591
99.0793
99.6574
99.0767
99.0079
98.4096
99.2466
98.3779
99.0569
98.6439
98.996
98.6421
99.1233
99.1054
99.0379
98.3478
98.4036
99.293
98.9719
98.3777
98.3545
98.7309
99.2667
99.0772
99.3636
99.7181
99.7478
99.3469
98.6421
98.3597
98.9302
99.1364
98.6409
98.3779
98.3149
99.0974
99.515
99.115
98.6421
99.1723
99.3537
99.7951
99.0227
99.2025
99.2929
99.0414
99.2173
99.2466
99.8864
99.8023
99.053
99.7093
98.6439
98.656
99.7905
99.0952
99.2203
99.0639
99.0772
99.1909
99.8037
99.1148
98.3782
99.7562
99.3537
99.0203
99.3461
99.2018
98.2173
99.1054
99.5391
99.0793
98.4036
99.7805
99.1092
99.7905
98.9786
99.7506
98.3041
99.1723
99.3469
99.738
99.935
99.0134
99.17
98.405
98.3779
99.8622
99.7805
99.0912
99.7267
99.0767
98.7058
99.1148
98.6696
99.8061
99.2239
99.0378
99.0779
99.7905
99.1364
99.0772
99.7177
98.6159
99.0734
99.9824
98.3934
99.1351
99.0922
99.5229
99.7821
99.0639
99.0079
99.0772
99.1221
99.0772
99.8864
99.6508
99.0645
99.0234
99.7959
99.7181
98.6158
99.7107
99.324
99.8686
99.795
98.9302
98.3558
99.0983
99.1028
99.8064
99.0793
98.2173
99.5229
99.1473
99.17
98.3478
98.6047
99.053
99.0203
98.3597
98.8959
99.0234
99.0734
99.1984
99.2997
99.1473
99.0313
98.6439
99.5617
99.7163
99.1723
98.3149
99.0134
99.0203
99.053
99.0976
99.4977
98.5896
99.8293
99.8444
99.9214
99.7805
98.6977
98.6984
99.8224
99.0767
98.8959
99.1281
98.405
99.0772
99.1757
99.9866
99.515
99.3461
99.6936
99.0459
99.0919
99.1275
99.7434
99.1239
98.712
98.3948
99.1616
98.6159
99.0234
98.6977
99.0591
99.0203
99.7654
99.1054
99.7478
99.0379
99.0604
99.8121
99.5391
99.8121
99.7951
99.1092
98.2173
98.2173
99.7951
99.3461
99.8061
99.7478
99.7093
98.8959
98.6159
99.1028
99.0813
98.3782
99.8064
98.3948
99.0427
98.656
99.7805
99.4185
98.5536
99.2025
99.0443
98.6047
99.3461
99.0922
99.0767
98.6455
99.1184
98.8959
99.6574
99.324
99.8283
99.1275
99.3461
99.8622
99.8023
99.2667
99.2997
99.2239
98.3651
99.0079
98.3528
99.0922
99.6936
99.2623
99.0079
98.6984
99.4649
98.3651
99.8794
99.7951
99.1364
98.6696
99.1554
99.7181
99.6574
99.7093
99.1281
99.3461
99.0174
98.712
99.4977
99.5229
98.3528
99.8064
99.7163
99.7821
99.0456
99.0793
99.1064
98.9719
99.8444
99.8224
99.7478
99.1757
99.5834
98.712
99.0813
98.3545
99.1364
99.558
99.1723
99.2239
99.061
99.8224
99.7163
98.3041
99.4439
99.1092
99.0378
99.2239
99.798
98.405
99.8064
99.8794
99.7562
98.6158
99.7478
99.0919
98.991
98.3041
99.8558
98.3934
98.5536
99.324
99.0793
98.5536
98.9716
99.7951
99.3469
99.7959
99.8121
99.795
99.2173
98.3545
99.935
98.6421
98.6455
99.9214
99.3826
99.3636
98.6984
99.8677
99.1554
99.8444
99.7181
99.0604
99.7107
99.2623
98.3782
98.6439
99.0645
99.0639
99.0378
99.1873
99.0277
99.0591
99.0591
99.1505
99.8121
99.8293
99.2929
99.7905
98.6439
99.122
99.0313
99.7181
98.3478
99.8864
99.0151
99.0734
98.5896
99.0234
99.1505
98.6696
99.0079
99.0277
98.3934
99.1453
99.7177
99.0922
98.6159
99.0313
99.0174
99.8864
99.0919
99.2997
99.106
99.4977
98.6159
98.5536
99.7654
99.6936
99.0234
99.795
99.1134
99.2623
98.3782
99.0467
99.1281
99.0767
99.2239
99.0134
99.7821
99.8753
99.0734
99.7093
99.3469
99.0313
98.3721
99.2997
99.8444
99.2025
98.9302
99.1129
99.8558
99.7163
98.3934
98.6439
99.2173
99.7505
98.6047
99.0635
98.6159
99.0151
99.4439
99.2623
98.6984
99.7163
98.9302
98.9531
99.4783
99.1129
98.3651
98.5536
99.0734
99.2025
98.9531
99.324
98.712
99.7267
99.1258
99.1172
99.7107
98.3149
99.068
99.9906
99.0809
99.0586
99.738
99.0414
99.1148
99.2173
99.8064
98.6047
99.1351
99.558
99.1148
99.7959
98.6984
99.515
99.3537
99.4783
99.4073
99.1616
99.2929
98.3948
99.6574
99.1148
98.3558
99.0922
98.3568
99.0793
99.4439
99.0456
99.9866
99.0779
99.4073
99.2929
98.656
99.0379
99.1873
99.7959
99.7506
99.0793
99.8025
99.106
99.3469
99.0983
99.8293
99.5834
98.3934
99.2929
99.7905
99.1129
98.3558
99.0079
98.656
99.8586
99.8121
99.795
99.9214
99.1873
99.1909
99.1505
98.8959
98.5896
99.2173
99.7505
99.4439
99.2667
99.8586
99.293
99.1723
99.0974
98.9716
99.8224
99.4185
98.7301
99.2203
99.7267
99.0134
99.8622
99.1092
99.0277
98.3777
99.122
99.1281
99.0459
99.0952
98.3934
99.8686
99.106
99.1364
99.0134
98.9716
99.1473
99.8677
99.0809
99.9906
99.2667
99.7434
99.7107
99.0467
99.6508
99.0639
98.8959
99.9214
99.6508
99.7654
99.5229
99.8037
98.6455
99.738
98.3568
99.0134
99.115
99.2667
98.3934
99.1583
99.0379
98.9789
99.1092
99.0227
99.9906
99.2173
99.122
99.0079
98.5896
99.6508
99.7163
99.2239
99.9906
98.6455
99.1757
99.7805
99.1473
98.3212
99.1909
99.6936
99.008
98.6455
99.1082
99.1064
98.6158
98.5536
99.8864
98.6158
99.4439
99.053
99.1028
98.3568
99.061
99.4649
98.3568
98.3558
99.0767
98.6439
99.8283
98.3721
99.2203
99.5834
99.1273
98.4096
99.0974
98.6984
99.8686
99.0983
99.1134
98.3568
99.0591
98.6047
99.0734
98.6159
99.0919
99.1281
99.7056
99.0467
99.1757
98.9719
99.9906
99.1129
99.1184
98.3041
98.3651
98.3558
98.3212
99.0912
99.0983
98.3041
99.7805
99.0414
99.1723
99.0234
99.7107
99.6508
99.7107
99.0151
99.0315
99.8283
99.7654
99.1172
99.7093
99.1723
99.0427
99.795
99.0591
99.3537
99.1281
99.8025
99.4783
99.0129
99.824
99.1028
99.4073
99.8283
98.3782
99.008
99.935
99.4649
99.8444
98.6409
98.6047
99.0456
99.1505
99.4185
99.1064
98.6409
98.4036
99.8156
99.9824
98.5896
99.8121
99.8156
99.4649
99.1723
98.2173
99.0767
99.8558
99.0922
99.0456
99.4185
99.0234
99.5229
99.9906
99.0976
99.0919
99.8025
99.0793
99.8293
99.6932
99.3461
99.5391
99.1453
99.1129
99.0912
98.3782
98.3777
99.8444
99.0645
99.8753
98.405
98.4096
99.2025
99.0591
99.4439
99.3826
98.9789
99.2929
98.991
99.7434
99.6932
99.7959
99.0952
99.122
99.1221
99.7905
99.3636
99.795
99.0315
98.7058
99.0586
98.3558
98.996
99.8622
99.0569
99.8293
98.3528
99.7951
98.3782
99.8061
98.6455
99.852
98.3721
99.0976
99.1233
99.4783
99.1092
99.0779
98.2173
99.0227
99.8864
99.7478
99.7821
99.0639
99.9866
99.1583
99.0983
99.2173
98.7309
99.1591
98.7058
98.9531
99.1909
98.9789
98.3597
99.1275
99.0912
99.0734
98.991
99.2121
99.0443
99.1082
99.1281
99.7093
99.2623
99.0767
99.0234
99.1054
99.2239
99.1028
99.1221
98.4096
99.1757
99.935
98.3777
99.1591
99.1583
99.1873
99.5229
99.5391
99.7181
99.7805
99.8444
98.656
99.324
99.1064
99.0767
99.935
99.1233
99.7214
98.3777
99.8156
99.3636
99.1239
99.1184
98.6159
99.1909
99.008
99.1172
99.0604
99.8677
99.0772
99.798
98.6159
98.6409
99.1148
99.9866
99.0459
98.3777
99.0645
99.0767
98.3545
99.2173
99.9866
98.7058
99.7562
99.2018
98.4096
99.1364
99.9906
98.6696
99.1351
99.7951
98.7301
99.3537
99.7805
99.3461
99.1583
99.8037
99.4783
99.8677
99.0604
99.4073
99.0983
98.9789
99.5391
99.0976
99.1221
99.8794
99.1233
99.8156
99.0635
99.1273
99.115
98.3779
99.1106
99.7951
98.712
99.7107
99.8037
99.515
98.6158
98.3149
99.068
99.7214
99.8586
99.1082
99.1909
98.3568
99.6932
99.7181
99.1273
99.0313
99.2997
99.4439
99.852
99.1984
99.9866
99.0079
99.0586
98.656
99.935
99.935
98.4096
99.8677
99.053
99.17
98.5704
98.3528
98.7301
98.7301
99.1172
99.8023
99.8293
99.0635
99.1909
98.7301
99.7505
98.4096
99.1184
99.1909
99.1028
99.1221
99.6574
99.9824
98.6421
99.053
98.9786
99.0976
99.1233
99.1221
99.7434
99.0645
99.0134
99.2121
99.0129
99.7093
99.8558
98.4096
98.996
99.1591
99.1757
99.1148
99.0983
99.0952
99.0277
99.0809
99.7805
99.106
98.3149
99.6574
98.3651
99.3461
99.8677
99.8156
99.5391
99.1148
99.0129
99.008
99.6932
98.6158
98.991
99.7821
99.0767
99.795
99.7177
98.6439
99.7093
98.6409
98.9302
99.738
99.1473
98.6977
99.7434
99.122
98.3528
98.9302
99.0974
98.3212
99.3636
99.2018
98.7301
99.0313
98.3948
99.1028
99.6508
99.4439
99.0414
99.0414
99.3537
99.115
98.4036
99.8677
99.1134
99.2466
99.4073
98.3777
99.106
99.1092
99.6932
99.1129
99.738
99.0793
99.1473
99.1129
99.1064
99.0767
98.6696
98.7301
98.2173
99.8064
99.0315
99.0809
98.3545
99.1221
99.0459
99.7107
99.1028
99.5834
99.5834
99.7821
99.061
99.9866
98.9531
99.061
98.3779
98.3558
99.1873
99.9866
99.0443
99.798
99.1591
98.3545
99.8444
99.0234
99.798
99.0315
99.8064
98.656
99.7805
98.3545
99.0974
99.0234
99.293
99.0443
99.0414
98.3568
99.1554
99.8061
99.8558
99.5834
99.1473
99.7478
98.3948
99.6936
99.8293
99.795
98.3545
99.1082
99.7951
98.3528
99.9866
99.7267
99.0772
99.4649
99.4073
99.324
99.0459
99.798
99.9866
99.1757
99.558
98.5896
99.1273
98.9719
99.1172
99.0772
99.1258
99.738
99.1064
99.8622
99.0277
99.1239
99.8586
99.1873
99.1258
99.7214
99.122
98.7309
99.7951
98.6159
98.3651
98.3782
99.7951
99.7506
99.1129
99.122
99.1757
99.4439
98.9786
99.0234
99.5229
99.3537
99.0983
98.9786
99.852
99.0734
99.2121
99.8444
99.8864
99.1148
98.5704
98.9716
99.1591
99.0174
99.2025
99.8064
98.3041
99.1054
98.6159
99.7267
98.3528
98.3478
99.7177
99.7805
99.0134
99.0952
99.1172
99.1473
99.5229
99.122
99.0912
99.2121
98.3558
99.0922
98.7058
99.0586
98.3478
99.8121
99.1221
99.935
99.2667
99.115
99.1148
98.6047
99.4783
99.8224
99.0767
99.9866
98.6158
99.1909
99.0809
99.7905
99.3461
99.7905
99.1028
99.7506
99.0604
99.1129
99.7959
99.5834
98.405
99.8586
99.738
98.3651
98.6696
98.5536
98.3041
99.1909
99.1134
98.6421
99.8686
99.2623
99.8121
98.9531
99.0079
98.3782
99.0456
99.068
99.0779
99.8677
98.3934
99.1275
98.3041
99.7506
99.0456
98.3782
99.1591
99.0227
99.7821
99.106
98.6696
99.7821
98.7309
99.7506
99.1239
98.2173
99.1258
98.712
99.0912
98.7058
99.1591
98.5896
98.2173
99.852
99.0604
99.7905
99.2203
99.6936
98.3721
99.1184
99.6936
99.4185
99.8283
99.1028
98.3777
98.3721
99.558
99.1616
99.008
99.8686
99.1723
99.0277
99.7654
99.17
99.1184
99.8444
99.738
98.9789
99.1984
99.1281
99.0378
99.0809
99.0809
99.115
99.1106
99.2239
99.2997
99.558
98.4036
98.6439
98.6977
99.1092
99.0772
99.8444
99.8025
99.008
99.7478
99.8293
99.0922
99.7505
98.405
99.0277
99.4783
99.852
98.3568
99.7959
99.0919
99.1082
98.6647
98.6696
99.935
99.0134
98.5896
99.0952
98.9716
98.9716
99.8558
99.9214
99.1028
99.8293
99.558
99.1172
99.7959
99.1616
99.515
99.7163
98.6696
99.0912
99.2121
99.0639
99.0922
99.0467
99.1984
98.3528
98.3528
99.0129
98.9716
99.0443
98.2173
98.3568
98.3597
99.558
99.053
99.1453
99.515
99.8064
99.8686
99.795
99.1984
99.1364
98.6647
99.0813
99.9866
99.0234
99.1591
99.7107
99.1172
99.0645
99.7267
99.0227
99.0459
98.6455
98.3478
99.1984
99.5617
99.8586
99.7562
99.0203
99.0315
99.8224
99.0427
99.1054
99.3537
99.2667
99.2466
99.2203
98.9531
99.1258
99.3461
99.0456
99.1273
99.1453
99.0427
98.656
99.5834
98.6977
98.6421
98.5896
98.9786
99.0813
99.0227
99.9906
99.1583
99.8156
99.1064
98.7309
99.8794
99.8061
98.6409
99.1909
99.0379
98.656
99.0604
99.8558
99.8293
98.3558
99.0809
99.324
99.8586
99.1984
99.8794
98.6409
99.2466
99.0604
99.2203
99.0639
99.7056
99.6932
99.935
99.2239
98.9716
98.6047
98.6439
99.0277
99.1233
99.0952
99.0414
98.3779
98.996
99.852
99.7107
99.324
99.0079
99.0203
98.3478
99.1148
99.1054
99.1453
98.3545
98.996
99.7506
99.008
99.2203
99.0467
99.122
99.824
99.17
99.0976
99.0378
98.3478
99.2667
99.7821
99.8224
98.6409
99.3636
99.1616
99.0952
99.8037
99.0767
98.3149
99.4073
99.8224
99.1984
99.9866
99.3537
99.0919
99.8023
99.0315
99.0772
98.6047
99.9824
98.8959
99.7654
99.7056
99.3826
99.293
99.8586
99.5229
99.0569
99.115
99.7821
99.7056
99.0974
99.1909
98.991
98.7301
99.0604
99.1092
99.0813
99.8586
99.1757
99.8156
99.8023
99.3826
99.795
99.738
99.0443
99.0604
99.8444
99.4439
99.0767
99.7177
99.1258
99.1273
98.6647
99.0604
99.6508
98.3545
98.5896
99.7177
99.0772
99.1453
98.3545
98.3777
99.1473
99.5834
98.9302
99.8283
99.6574
99.3461
99.106
99.2929
99.5617
98.6047
98.9786
99.1873
98.3149
99.0813
99.798
99.7478
99.7434
99.0443
99.0174
99.0813
99.0414
98.7301
99.7181
99.2623
99.1473
99.8293
99.795
99.798
99.1505
99.0974
99.5617
99.3469
99.795
99.3461
99.2239
99.4977
99.1129
99.1273
99.0779
99.0922
98.3777
98.5536
99.1134
99.3461
98.9786
99.8622
99.6932
99.0952
98.7058
99.1281
99.2997
99.1364
98.9716
99.4185
99.8444
98.3779
99.8753
99.3461
99.9906
98.6409
99.1273
99.1233
99.1984
99.8023
99.7434
99.1583
99.935
99.2466
99.2121
98.4096
99.2173
99.2997
99.7267
98.6647
99.1092
99.8753
99.2239
99.0809
98.5896
99.6932
99.1364
99.1591
99.8686
99.4073
98.6409
99.8677
98.3568
99.9866
99.7951
98.996
99.6574
99.1092
98.6158
98.3934
99.0129
99.515
99.3636
98.5896
99.8023
98.3041
99.0772
99.7959
99.061
98.4096
99.0427
99.1082
99.0591
99.7951
98.3558
98.5536
99.8794
99.9214
99.0734
99.2025
99.0604
98.5896
98.3149
99.1757
99.2173
99.1054
99.8064
99.3826
99.6508
98.6647
99.2997
99.8283
99.1028
99.1054
99.0734
99.852
99.795
99.1148
99.738
99.1723
99.8586
99.4439
99.7107
99.0734
99.1873
99.7951
99.1281
99.0793
99.0779
98.6047
98.3597
99.0586
99.4977
99.795
99.6932
99.7959
99.0203
99.8061
99.515
99.8558
99.106
98.3558
99.293
99.1757
98.405
98.3558
99.7654
99.9824
99.0635
99.8156
99.0639
98.6409
99.8064
99.1184
98.5704
99.0976
99.1757
98.656
99.0234
99.1134
99.0134
99.0443
99.0591
99.7267
99.8558
99.2929
99.2623
99.5391
98.3568
98.3651
98.9719
99.4977
99.068
99.4185
99.9866
99.1172
99.1106
99.1129
99.0912
99.0779
98.991
99.0919
99.0379
98.6047
99.8794
99.0569
99.6936
99.1148
99.4439
99.7181
99.798
99.7478
98.656
99.7805
99.1129
99.0974
99.4185
98.6455
99.8224
99.6574
98.6696
98.3149
99.8686
98.6455
99.0635
99.0129
99.738
99.8224
99.1054
99.0779
98.405
99.0772
99.2929
99.0378
99.824
99.106
99.8677
98.3721
99.852
99.1129
99.0779
99.7505
99.053
99.115
99.4649
99.1873
98.3041
99.1054
99.4185
99.2466
98.6696
98.4096
99.7905
99.7214
99.0277
99.8677
99.1505
99.0151
99.1148
99.068
99.2929
99.6508
98.3478
99.8224
99.4185
99.9866
99.8156
99.0379
98.3651
98.3651
99.1473
99.824
99.7654
98.3545
99.0234
99.1554
99.8864
99.1258
98.3478
98.6696
99.1258
99.324
99.1028
99.7214
99.1364
99.1184
98.6439
99.0443
99.4073
99.1258
99.1351
98.6409
98.6455
99.7434
99.0635
99.7181
99.068
99.5229
99.1054
99.0427
99.7506
98.9716
99.0586
99.7821
99.0569
99.4185
99.6932
98.9302
99.8444
99.2018
99.0922
98.9716
99.0456
98.9786
99.7506
99.515
99.0234
99.8444
99.053
99.0772
99.0779
99.7654
99.8064
98.6159
98.6984
98.5704
99.068
99.5834
98.9789
99.4073
99.7181
99.7214
99.0809
99.2623
99.0919
99.2018
99.7506
99.6574
99.9866
99.1064
99.1239
99.2239
99.1351
99.1239
99.1554
99.0378
99.6932
99.0234
99.1092
99.0952
99.0227
99.0912
98.7309
98.6159
99.0313
98.3545
99.0635
99.1064
98.6158
99.0203
99.2018
99.8794
98.6439
98.7309
99.2623
99.9214
99.0174
98.6647
99.0974
98.7309
99.0227
99.1873
99.8121
99.0645
99.1757
99.8061
99.0604
99.8224
99.2018
99.558
99.1233
99.0779
98.991
99.8686
99.1281
99.6508
99.1172
99.0639
99.0779
99.4783
98.9716
98.3934
99.0134
98.2173
98.3948
98.6977
98.6421
99.7951
99.7056
98.3568
99.6932
99.0586
99.1221
99.7093
99.0734
98.656
99.8064
98.2173
99.0315
99.0129
99.7056
99.5229
99.7267
99.7267
99.1092
99.061
99.7805
98.9719
98.996
99.0277
99.3469
99.1554
98.6455
99.0129
99.17
99.0813
98.3597
99.9214
98.3545
98.8959
99.9906
98.6439
99.0734
99.8558
98.3597
98.9302
98.3597
99.8558
99.008
99.0976
99.4977
99.8622
99.3469
99.0635
99.7181
98.6421
98.6984
98.3528
99.795
99.7506
99.0227
98.5896
99.4977
99.0919
99.3636
99.0635
99.0734
99.2173
99.1723
98.6647
98.3212
98.7058
98.7058
99.9824
99.2997
99.1239
99.4439
99.0227
99.1239
98.3545
99.0922
99.0134
99.0315
98.9716
99.8753
99.0922
99.4649
99.2929
98.3478
99.8061
98.996
98.3782
99.935
99.1351
99.5391
99.7214
98.6047
98.3149
99.2239
99.7267
99.8061
99.6508
99.0591
98.9789
99.8156
99.2173
99.8037
99.7214
98.3721
98.6159
99.1583
99.0174
99.1554
99.0645
99.7107
98.3948
99.2121
99.7093
99.7905
98.712
99.7267
99.5834
99.852
99.0586
99.6932
99.0976
98.9789
99.1064
98.3721
99.0456
99.1054
99.8023
99.6508
99.7434
98.3721
99.1082
99.106
99.2018
99.0414
99.7951
99.8558
99.0912
98.5704
99.0793
99.9214
99.6508
98.3597
99.8037
99.0443
98.3777
99.0277
99.515
98.3558
99.0378
99.1172
98.4096
99.1134
99.5834
99.4977
98.7309
99.0079
99.0134
98.6409
99.0974
99.1172
98.3545
99.1184
99.2173
99.0591
99.7107
99.1134
99.1351
99.7821
99.1258
98.9531
99.0378
99.1172
99.0983
99.0809
99.3826
99.935
99.852
99.6574
99.0639
99.061
99.824
99.8293
98.3041
99.0277
98.3934
99.2667
99.0772
99.1172
99.1909
99.1129
99.115
98.3478
99.2025
99.1873
99.0315
99.3636
99.9214
98.6647
98.3779
99.0079
99.0809
99.0378
99.0734
98.9786
98.8959
99.1351
99.8558
98.6647
98.5536
98.5536
99.8283
99.0586
98.6984
98.712
99.515
99.8864
99.935
98.3545
99.0313
99.7959
98.6409
98.6047
99.008
99.1129
99.0203
98.3934
99.0912
99.2929
99.4185
99.3537
99.0645
99.8794
98.3934
99.0234
99.053
99.0467
98.3597
98.7309
99.106
99.0734
98.6158
98.7309
98.3779
98.3149
99.7562
99.0315
99.0313
99.7107
99.5834
99.106
99.7056
99.3636
98.6047
99.8677
99.8293
99.0134
99.053
99.0079
99.0313
99.8686
99.0443
99.3469
99.7959
98.5536
99.3826
99.1064
99.061
99.0313
99.7181
98.3597
99.7959
99.1258
99.9824
99.852
99.0151
99.324
98.712
99.1273
99.1364
99.8677
99.1583
99.0645
99.7478
99.3469
99.3469
99.3636
99.1134
99.7434
98.3478
99.935
99.2929
98.6439
99.1554
99.935
98.6439
98.7309
99.1172
99.8064
98.9786
98.3597
99.7654
99.1909
99.8864
99.5229
99.0569
98.9786
99.0591
99.1134
99.4649
98.3777
99.7951
99.0203
98.3149
98.3212
99.8224
99.0174
99.7506
99.6508
99.1064
98.6455
99.7181
99.2173
99.7093
99.061
99.0129
99.1583
99.7805
98.3934
99.0203
99.0174
98.3779
99.0467
98.6977
99.068
99.0772
99.2929
99.1364
99.5391
99.7505
99.0414
99.7214
99.7951
99.4649
99.2623
99.17
99.8283
99.0379
98.3721
99.8283
99.0315
99.7163
99.8293
99.3636
99.9214
99.17
98.2173
99.0779
99.515
99.8558
99.0779
99.0227
98.3782
98.6421
99.0793
99.738
99.6936
99.1172
99.4977
99.053
99.106
99.7107
99.852
99.0983
99.8037
99.1453
98.3777
99.2025
99.0734
99.0456
99.0983
99.7505
99.0983
99.0456
99.0976
99.8224
99.852
99.1473
99.7506
99.0974
99.1258
98.7058
99.3469
99.7107
99.8864
99.1583
99.1909
99.1281
98.3528
99.1233
98.6696
99.7478
99.7505
98.6158
99.4185
99.2239
99.0467
98.3651
98.6421
99.9906
99.824
99.558
99.5229
99.1473
99.9906
99.1275
99.8293
99.0922
98.7301
99.1984
99.0779
98.9786
99.8677
99.0313
99.9824
98.6158
99.3469
99.7959
99.7506
99.8444
99.4977
99.0079
98.7058
99.053
99.0974
98.3528
99.8586
98.3934
99.7056
98.3721
98.7309
99.8794
99.0635
98.3545
99.1351
99.0151
99.7107
98.5536
99.9824
99.0772
99.068
99.7805
99.9866
98.3545
99.1281
99.1554
99.0793
98.996
98.996
99.0734
99.738
99.0151
99.1092
98.3528
99.4783
98.7058
99.1129
99.0919
99.1583
99.1106
98.6455
99.7107
99.0809
99.061
99.0151
99.061
98.9789
98.5536
99.8156
99.7056
99.7478
99.8622
99.0813
98.7301
99.4783
98.5896
99.8025
98.3948
99.1106
99.0952
98.3528
99.0443
99.1184
99.0151
99.7654
99.1184
98.6047
98.991
98.6977
99.738
98.3651
99.1092
98.3568
98.991
98.2173
99.4439
99.8293
99.3826
99.8061
99.0635
98.6421
99.0645
99.1028
99.7562
99.6508
99.7177
99.7163
99.115
99.0813
99.8753
99.0234
99.0079
99.515
99.2121
99.5391
99.324
99.7214
98.6647
99.7163
99.798
99.7959
99.0983
99.0779
98.3597
99.0734
99.2203
99.8061
99.1221
99.7434
99.6508
99.0203
99.1134
98.6421
99.0983
99.5834
99.1909
98.3212
99.0379
99.1129
99.0591
99.0234
98.6421
99.8686
99.0912
99.2997
99.8025
99.935
99.2025
99.6508
99.935
99.7267
98.6696
99.8064
99.7107
99.0134
99.4783
99.1129
99.1134
99.0315
99.0134
99.0379
99.1473
98.6647
98.6696
99.8586
98.6409
98.6977
99.7905
98.5536
99.0734
98.5704
98.8959
99.2239
99.7214
99.7821
99.17
99.1239
99.0919
99.0779
99.1505
99.1028
99.4649
99.1453
99.0639
99.0734
99.0313
99.9214
99.0919
99.9214
99.8121
98.6696
99.0129
99.0635
99.1064
99.8586
99.0569
98.5704
98.5896
99.8794
99.0203
99.8444
99.3461
99.8864
99.0227
98.6439
99.9866
99.0772
99.2173
99.0569
99.0129
99.4073
99.8622
99.6932
98.3528
99.7107
98.6984
99.7805
99.3461
99.0129
99.5391
99.1554
99.0134
98.6647
99.515
99.1092
99.4185
98.405
99.8121
99.7951
99.1583
98.6647
99.6932
98.8959
99.0174
99.1172
99.1106
98.5536
99.8677
99.7506
99.2025
98.7058
98.3558
99.1873
98.996
98.3545
99.2466
98.3934
99.0976
99.0443
99.1873
99.1473
99.0378
99.0378
99.7821
98.3149
99.7654
99.0456
99.7562
99.1028
99.8622
99.8224
99.9824
99.0378
98.6984
99.6574
98.5704
99.0976
99.1351
99.4783
99.106
99.106
99.2121
98.996
98.3948
99.0639
99.935
99.7654
99.7177
98.6977
99.1054
99.738
99.0414
98.3545
98.9302
98.3777
99.9824
99.5391
99.2025
99.1258
99.7093
99.4977
99.8686
98.5536
99.7562
99.061
99.7107
99.2121
98.3651
99.0772
99.1273
99.1184
99.324
99.798
98.4096
99.0974
98.5704
99.1106
99.1583
99.9866
99.9214
99.8293
98.3545
98.712
99.1028
99.9214
98.712
99.7181
99.1082
99.0919
99.8061
99.935
99.4185
99.1873
99.1184
99.7214
98.5896
99.0379
98.6984
99.0443
99.1134
99.795
99.558
99.8283
99.6508
99.3461
98.2173
98.3528
99.068
99.2623
99.8677
99.4977
98.7301
99.8025
99.1616
99.0569
99.1184
98.3212
98.996
98.8959
98.712
99.0767
99.053
99.7056
98.3545
99.8224
99.7177
99.7951
99.4185
99.798
99.0919
99.0203
99.0079
99.8622
99.0952
98.4036
99.1134
99.7505
98.6647
99.0779
99.8224
99.0591
99.0793
99.1984
98.4036
98.4036
99.008
99.0443
98.405
98.5704
99.5391
98.7309
99.6936
99.9866
99.0974
99.1129
98.8959
99.7959
99.0151
99.8677
99.0378
99.5834
99.8558
98.6421
99.0313
98.991
99.8283
99.053
99.0604
99.1909
98.6439
98.7058
99.0974
98.7058
99.0443
98.996
98.3545
99.6936
99.1258
99.7177
98.6984
98.8959
99.795
99.1453
99.0604
99.515
99.2239
98.3651
99.7181
98.3558
98.3528
99.3469
99.824
99.7434
99.8753
99.7562
99.0378
99.2018
98.3545
98.6159
98.4096
99.1873
99.8121
98.6647
98.5536
99.8064
99.4977
99.2203
99.3636
99.106
99.068
99.1364
99.8444
98.3777
99.2623
98.3149
99.515
98.6409
99.0793
99.1591
99.798
99.1909
99.798
99.0591
99.5617
99.1473
99.0952
99.515
98.9719
98.6158
98.3948
99.0151
99.1184
99.9906
98.656
99.0793
99.7821
98.2173
99.0983
99.2173
99.1591
99.1984
99.1554
98.4096
98.9716
99.0443
99.7163
99.7821
99.1148
99.1473
99.0129
99.9824
99.0767
99.7267
99.115
98.5896
99.1134
98.7058
99.6508
99.8794
99.0456
99.8293
99.7562
98.3212
99.6932
99.7163
99.1028
99.0467
98.7309
99.293
99.0129
99.7478
99.5617
99.1054
99.0772
98.7301
99.8023
99.8444
98.3149
99.3461
99.0427
99.8622
99.8444
99.0793
99.1082
99.8622
99.8283
99.515
99.0227
98.9531
99.0813
98.9789
99.8156
99.8061
99.0315
99.515
99.0443
98.6977
99.2025
99.3469
99.7056
99.2018
99.1583
99.1233
98.3149
99.1239
99.824
99.1909
99.0912
99.0919
98.6158
99.2997
98.6439
99.0976
98.5704
98.3651
99.5834
99.8156
98.3948
99.0604
99.0414
99.2929
99.1172
99.0639
99.7821
99.106
99.1909
98.3568
99.0234
99.0443
99.7093
99.7505
99.8753
99.7107
98.3528
99.324
99.515
99.1092
99.5391
99.0134
99.0919
99.8224
98.3934
99.1129
99.0919
98.3597
99.4439
99.1616
99.1028
99.8064
99.0919
98.5896
99.1275
99.0379
99.0459
99.2466
99.4439
98.991
98.5704
98.6696
99.17
99.0467
99.9824
99.7181
99.293
99.6936
99.4439
99.0779
99.0922
99.1453
98.656
99.0277
99.0313
99.8061
99.1184
99.6574
99.2623
98.991
98.6421
99.0604
98.3782
99.7056
99.17
99.515
99.053
99.0779
99.0459
99.0079
99.2623
98.3149
99.008
99.5229
99.8794
98.3478
99.4649
99.1554
99.2121
99.0134
98.656
98.3782
99.5617
98.5704
99.8023
99.0569
99.5391
99.0919
99.2667
99.2997
99.0779
99.1723
99.8061
99.0467
99.1984
99.0772
99.9906
99.8794
99.8293
98.3528
99.106
98.5704
99.0809
99.1616
98.2173
98.405
99.0983
99.0313
99.5834
99.2997
99.7267
99.1554
99.0645
99.7562
98.9789
98.5704
99.3636
99.3636
99.1873
99.6508
99.0952
99.0079
99.7434
99.7181
99.9824
99.4649
99.1616
99.1273
99.7905
99.0645
99.5229
99.7506
99.1239
99.1873
99.1757
99.0974
98.3948
99.8622
99.798
99.0079
98.991
98.5896
99.324
99.0779
99.1172
99.8037
99.4977
99.0315
99.115
98.4036
99.1616
99.324
99.738
98.6421
99.9214
99.7267
99.1591
99.1583
98.7058
99.9906
99.2466
99.8444
99.8156
99.738
99.0427
99.1129
99.3636
99.2203
99.1364
99.935
98.6158
99.8677
99.1275
99.0767
99.7181
99.2929
99.935
99.0591
99.0809
99.6508
99.2929
98.9786
98.6158
99.1184
99.0591
99.8794
99.1129
99.0134
99.7267
98.991
99.4185
99.824
99.0793
99.0129
99.0772
99.0912
99.935
98.6984
99.558
99.2667
99.4783
99.0174
99.0227
98.9786
99.4783
99.7214
99.0459
99.8025
99.1364
99.0134
98.4036
98.996
99.053
99.558
98.3041
99.0427
99.053
99.7163
99.8061
99.8283
99.1275
99.0079
99.0315
99.9866
98.4036
98.6696
98.656
99.7056
99.1583
99.0569
99.795
99.1064
99.2121
98.712
99.0313
99.0919
99.0129
99.7056
99.0635
99.8586
99.558
99.293
99.8121
99.0635
99.0569
99.0079
99.1505
98.3651
99.2997
98.3651
99.1273
98.7058
99.8224
99.7562
99.2997
99.1172
99.7267
99.2466
99.0129
99.7093
99.2466
99.115
99.1591
99.9824
99.2239
99.0234
99.738
99.3826
99.1054
99.8444
99.7562
99.6932
99.2997
99.515
99.0639
98.4036
99.0919
99.0569
99.1233
99.0414
99.1134
99.8753
99.8037
99.8037
99.1129
99.0635
99.1064
99.1909
98.3528
99.0779
99.2239
99.7056
99.7267
99.106
98.3149
98.3149
99.0639
98.5704
99.5617
98.2173
99.1723
99.1505
99.8864
98.3597
99.008
99.4783
98.2173
99.8558
99.1909
98.4036
99.1172
99.0976
99.3537
99.2121
99.2929
99.2018
99.0569
99.1473
99.8156
98.7309
99.1757
99.7506
98.3212
98.5896
99.0313
99.2173
99.2929
99.558
99.7163
99.0983
99.5617
99.9906
98.3948
99.5391
99.9824
99.0639
99.1723
98.3149
99.0277
98.9531
99.0912
99.0234
99.7562
99.0379
99.1129
99.558
99.2239
99.1129
98.996
99.7805
99.2025
99.0983
98.3721
98.9531
98.6047
98.7301
99.7214
99.2121
99.008
99.053
99.9214
99.1054
99.6508
99.115
99.8622
98.3041
99.0604
99.0919
99.1273
99.6574
99.8794
99.0793
99.1129
99.7177
99.8864
99.008
99.053
99.6936
99.1364
99.4439
98.6159
99.824
99.0922
99.1873
99.7434
99.0734
99.8025
98.8959
99.6508
98.6439
99.935
98.6455
99.1505
98.6647
99.6936
99.5834
99.1723
99.5834
99.0234
98.9789
99.293
99.0459
98.3478
99.0639
99.7056
99.1591
99.0591
98.3779
99.1583
98.656
99.0079
99.7951
99.5229
99.2667
99.558
99.0919
99.1723
99.0459
99.2203
99.0227
99.7434
98.3478
99.0645
99.0645
99.106
99.0079
98.5536
99.7821
99.1453
99.3537
99.8558
99.324
99.7434
99.7181
98.3478
99.1273
99.8444
98.6421
99.7177
99.7181
98.9789
99.0459
99.2929
99.8677
98.6455
99.0569
99.1184
98.8959
99.0952
99.824
99.798
99.5834
98.6159
98.3597
99.0922
99.0604
99.2466
98.991
99.7505
99.008
98.3777
99.1591
99.1148
99.324
99.0427
99.0569
99.1616
98.6421
99.0414
99.1092
98.3528
99.798
99.5834
98.3934
99.7214
99.1984
98.6984
99.2121
99.1129
98.6159
99.0809
98.7058
99.2121
98.712
99.7506
98.6696
99.0734
99.2929
99.2121
99.0151
99.8794
98.3149
99.1275
99.0234
99.0809
99.061
98.3478
98.6158
99.2121
99.1239
99.7951
99.0635
99.0129
99.0734
99.8224
99.8283
99.3461
99.6932
98.656
99.2667
99.1233
99.1554
99.0151
98.3041
99.0427
99.7056
99.0414
99.8064
99.1616
98.3777
98.6159
99.2667
99.9866
98.991
99.7654
99.1239
99.0912
99.1233
99.0379
99.1221
99.0427
98.7309
98.7309
99.9866
99.1583
99.2203
99.1984
99.0793
99.6932
98.3777
98.9786
99.1239
99.2025
98.712
99.1258
99.1028
99.8622
98.3777
99.1233
99.2025
98.6696
99.7107
99.8025
99.7181
99.7478
99.4977
99.7181
99.2173
98.3934
99.6508
99.7214
99.1172
98.6647
99.4649
99.008
99.852
98.712
99.324
99.008
99.0919
99.0079
99.0604
98.6439
99.2025
99.2203
98.3597
99.0591
98.6421
99.1351
99.1082
99.2173
99.7805
99.4185
99.0227
99.008
99.2239
99.7267
99.1275
99.7905
99.7805
99.7093
98.9716
99.1757
98.9789
99.0315
99.738
99.824
98.656
99.4783
99.7163
99.4649
99.0793
99.0952
99.2623
98.712
99.6574
99.324
99.8586
99.8037
98.3948
99.2667
98.3597
99.8558
99.0414
99.2173
99.1028
99.1616
99.2121
98.2173
99.852
99.1273
99.2203
99.0734
99.4783
99.0734
99.0467
99.7181
99.0234
99.0427
99.1554
99.1233
99.0767
99.7181
99.7214
98.405
99.1909
98.2173
98.3777
99.0443
98.4036
99.8025
99.9214
98.3545
99.5617
98.3721
99.2025
99.7478
99.1473
98.3212
99.1757
99.7177
99.1092
99.1184
99.7562
99.1134
99.1909
99.0635
99.1172
99.6508
99.1028
99.1129
99.935
98.7301
99.8444
99.3537
98.3721
99.0912
99.7267
99.3469
98.9531
99.9866
99.0639
98.9716
99.0414
99.9866
99.0604
99.0983
99.0919
99.7805
99.0974
99.0645
99.0203
99.0456
99.852
99.2239
99.852
99.1616
99.1583
99.008
98.3651
98.5896
99.7056
98.9789
99.738
99.1351
99.0315
99.1909
98.6409
98.3568
99.1184
99.0378
98.6439
99.0767
99.0569
99.17
99.2121
99.0443
98.7058
99.0379
99.0952
99.0976
99.4783
99.0151
99.3537
99.0569
99.1221
99.7478
99.558
99.7654
99.7959
99.0813
99.1984
99.0809
99.7181
99.2623
99.0456
98.3934
99.1258
98.3528
98.3597
98.7309
98.9789
98.6421
98.6409
99.7951
98.3545
99.1028
99.7214
99.2466
99.7434
99.068
99.6508
98.7309
99.5391
99.2173
99.1364
98.6158
99.8677
99.2173
99.0983
99.1505
99.9906
99.515
99.1148
98.6047
99.068
98.7309
99.0734
99.8023
99.0586
98.3212
99.1351
99.3537
99.7434
99.4977
98.3212
98.7058
99.0203
99.0919
99.1909
99.0443
98.4036
99.0277
98.4096
99.2025
98.6647
99.3537
99.0772
98.5536
99.5834
99.7107
98.5896
99.9214
99.7905
99.0174
99.4439
99.0467
98.3558
99.068
99.1473
98.3041
98.5896
98.3777
99.1757
98.9789
99.8864
98.5536
99.0227
98.9531
99.8023
99.852
99.1723
99.0227
98.3777
98.3934
98.7058
99.3469
98.9531
99.0604
99.3469
98.2173
98.656
99.0459
99.2623
99.2025
99.8677
99.1554
99.8558
98.5704
98.656
99.0315
98.6696
98.3934
98.3478
99.068
99.9906
99.8753
99.2997
98.3568
98.3528
99.0645
99.935
99.7267
99.4073
98.3779
99.935
99.0129
99.1591
99.1258
99.4439
98.9531
99.558
99.798
99.5834
99.0976
98.5704
99.0315
99.2929
99.0952
99.1909
99.1273
99.824
99.7951
99.2203
98.6159
99.5834
99.0767
99.1054
98.3777
98.656
99.8023
98.405
98.996
99.0635
99.0586
99.7093
99.9214
99.3461
99.8586
99.6508
99.122
99.0779
99.1281
98.3651
98.6421
98.3597
99.0203
99.7478
99.0234
98.6159
99.1583
99.0591
99.8023
98.6439
99.0922
99.324
99.0234
99.0645
99.8037
98.405
99.0952
99.1453
99.7214
99.1757
99.1148
99.7177
99.7951
99.798
99.0456
99.795
99.0467
99.7181
98.3558
98.9786
99.7905
98.7301
98.9719
98.7058
99.738
99.0793
99.8025
99.8794
98.3782
98.996
98.9786
99.8037
99.0813
99.3826
98.4036
99.0976
99.8753
98.3934
99.798
98.6439
99.8121
99.1616
99.0983
99.0639
99.7093
99.8121
99.0639
98.712
99.068
99.0569
99.17
99.8677
98.6455
98.6158
98.3782
99.8864
99.8224
98.4036
99.8586
99.515
99.7805
98.6158
99.0983
99.4977
99.1583
99.0919
99.5834
99.8293
99.4649
99.1505
99.8283
99.0779
99.8283
99.122
99.2667
99.1273
99.1082
99.5391
99.7181
98.3558
99.2466
99.7056
99.7214
99.9214
99.0983
99.7654
99.7478
99.6574
99.0974
99.4185
99.8586
99.7654
99.293
99.8156
99.3537
99.1233
99.7951
98.6047
98.6158
99.9824
99.7951
99.068
98.3597
98.3782
98.6047
99.0443
99.8037
98.3948
99.4783
99.5229
99.1453
99.795
99.1106
99.1233
99.8586
99.0586
99.0635
99.1591
99.1221
99.0174
99.2623
99.0234
99.061
99.7805
99.8156
99.2203
99.1184
99.0922
99.7951
98.6159
99.1554
99.3636
99.7163
99.6936
99.106
99.7434
99.2018
98.6455
99.7107
99.1757
99.0734
99.1616
99.1258
99.2173
98.3558
99.935
98.3478
99.0635
99.8224
98.6455
99.7959
99.6508
99.7267
98.3651
99.061
98.5704
99.7805
98.3779
98.996
99.824
99.324
99.1092
99.293
98.9716
98.3777
99.0793
99.0079
98.3934
99.2667
99.8064
98.9531
99.7214
98.3212
99.7959
99.4977
99.1275
99.1616
99.2203
99.0379
99.1064
98.656
98.3782
99.0443
98.6158
99.5229
99.558
99.1221
99.6574
99.0922
99.0174
99.4439
99.5391
99.3461
99.1351
98.6047
99.798
99.0227
99.8061
99.1106
99.1453
99.4977
99.0635
99.7959
99.324
98.3777
99.8025
99.1106
99.008
99.3469
99.0976
99.8864
98.991
99.0922
99.115
99.1364
99.1757
99.8293
99.7093
99.0134
99.1148
99.7093
99.061
99.1591
99.4185
99.3469
99.0227
99.3826
99.7107
99.0767
99.8686
99.0277
99.0378
99.935
99.0952
98.9789
99.1028
99.2239
99.4783
99.7056
99.068
99.0734
99.6508
99.0919
99.7163
99.2623
99.2466
99.0569
98.6439
99.0456
99.106
99.0277
99.0976
99.1064
98.4036
99.738
99.8061
99.0912
99.0174
98.3779
99.3461
99.7267
98.712
99.7505
99.0379
99.1591
99.1064
98.996
98.6696
99.0639
98.9716
98.4036
98.8959
98.3041
98.9719
99.0922
98.3149
99.0772
99.7056
98.991
98.656
99.7951
98.3934
99.0443
98.3149
99.1554
99.6936
99.1273
99.1364
99.0779
99.0779
98.3934
98.9716
99.0586
99.0234
99.795
99.7093
99.0586
98.7309
99.1554
98.6984
98.3545
99.9866
99.1028
98.7058
99.0586
99.4783
98.2173
99.3537
99.8444
98.405
99.8586
98.3528
99.8023
99.0912
99.0443
99.6574
99.7905
98.6647
99.0203
99.0134
98.9302
99.7805
99.1583
98.6647
99.122
99.324
99.1616
98.3777
99.8622
99.7821
99.3537
99.8622
99.558
99.106
99.8677
99.2121
99.4439
99.0734
99.0079
99.0569
99.0227
98.6409
99.4977
98.7058
99.824
99.7905
99.795
99.0813
99.0734
99.8444
99.558
98.3149
99.2929
98.6047
99.0645
99.6574
99.1909
98.4096
99.1054
99.2121
99.122
99.7267
99.7434
98.3721
99.1281
99.0427
99.2929
98.6439
98.656
99.0976
99.2667
99.0313
99.935
98.3568
99.0443
99.0129
99.1092
99.2623
98.3779
99.1505
98.9786
99.0922
99.0443
98.6439
99.0591
99.1054
98.6439
99.122
99.8753
99.008
99.8283
99.0456
98.3779
99.122
98.3041
98.3149
99.3636
99.7506
99.8283
99.0277
99.8686
98.9531
99.2667
99.0427
99.4073
99.2466
98.6977
98.6047
98.3597
98.3528
99.0974
99.1054
99.824
99.0645
99.8864
99.8121
99.0813
99.6936
99.293
99.7214
99.3826
98.656
99.8224
99.293
98.6047
98.6421
99.1364
98.6439
99.3461
99.7214
99.824
98.6409
99.0203
98.9302
99.2025
99.2997
99.0569
99.8864
99.8293
98.4096
99.0151
98.3528
99.8025
99.8064
99.0203
99.1275
98.656
99.068
98.5704
99.8794
99.8558
99.8025
98.6047
98.6696
99.3636
99.0779
99.0974
99.0427
99.8224
99.0427
99.3537
99.8061
99.1364
99.0456
99.824
99.0467
99.0203
99.053
99.1723
99.852
99.5834
99.1064
99.9824
98.3597
99.8677
98.3948
99.8061
99.8794
99.8753
99.0976
98.3478
99.852
98.3545
99.1473
99.824
99.115
99.0604
99.1134
99.798
99.1129
98.991
99.4439
99.9824
99.7654
99.3469
99.6936
99.0734
99.7107
99.795
99.0639
99.0604
99.4439
99.0456
99.935
98.6158
99.1351
98.9302
99.4783
98.3558
99.0586
99.3469
98.6159
99.0983
99.3636
99.1134
98.656
99.008
99.8864
99.3461
98.8959
98.3779
98.3041
99.8025
99.4649
99.1172
99.4439
99.0079
99.3636
99.0919
99.5229
99.558
99.0134
99.8444
99.053
99.8677
98.9302
99.7181
98.7301
98.9719
99.0174
99.798
99.0976
99.852
99.3469
99.3826
99.0203
99.2018
99.8686
99.0234
99.7267
99.1473
99.7654
99.7951
98.6696
98.9531
99.4649
99.7267
99.053
99.4073
98.6647
98.6455
99.7562
99.2667
99.9866
99.0734
99.0427
99.0313
99.9866
99.1723
98.3478
99.852
99.2018
98.6696
99.293
99.1054
99.8686
99.1028
99.4439
99.0203
99.1505
99.2997
99.122
98.6158
99.6932
99.3636
99.0591
99.7821
99.2623
99.7654
99.9214
98.3934
98.405
98.6158
98.3948
99.7506
98.3558
98.405
99.8025
98.3651
98.656
99.8023
99.0983
99.1233
98.6159
99.1281
99.0378
99.7505
99.8864
98.3777
99.7805
98.5896
99.068
99.0227
99.7214
99.9866
99.6936
99.0974
99.0414
99.008
99.5834
99.0443
99.7951
99.0427
99.8753
99.0134
99.0645
99.7905
99.7177
99.8293
99.0234
99.558
99.1172
99.515
99.7107
99.7506
99.8794
99.1134
99.0174
98.3212
99.2173
99.9906
99.1275
98.3779
99.0079
98.3651
99.1591
99.8156
99.8293
99.1281
98.3948
99.8293
99.935
99.8037
99.2018
98.6977
99.0912
99.7905
99.053
99.0134
99.0586
99.6932
98.6984
99.0315
99.8283
99.1082
99.7181
99.053
99.0227
99.0779
98.3651
98.3597
99.7434
99.6508
98.3721
99.0203
99.0912
99.8444
99.798
99.8064
99.1106
98.3934
99.1148
99.1258
98.996
98.6647
99.1221
98.9302
99.0414
99.7951
99.1273
99.1148
98.3545
99.8224
99.5229
99.1453
98.5536
98.712
99.1054
99.9824
98.3597
99.8224
98.3934
98.656
98.6696
99.2173
99.7163
99.1453
99.1583
99.9866
99.1616
99.1054
99.8283
98.6421
99.8224
99.7214
98.3948
99.2018
99.5834
99.7214
99.1258
99.852
98.3721
98.656
99.0129
98.9719
99.008
99.1092
99.8794
99.4649
99.0459
99.8061
99.7805
98.712
98.9716
99.8686
99.0234
99.0779
98.9719
99.8753
99.2239
99.5229
99.1106
99.0459
98.9302
99.0174
99.738
99.7654
98.3948
98.3568
98.9786
99.1505
99.0919
98.3478
99.2173
99.8037
99.0809
99.1028
98.6421
99.122
99.8686
99.0569
99.2018
99.0809
99.1184
99.106
99.6508
98.4096
99.4439
99.0129
98.7301
99.9866
99.2203
98.2173
99.3826
99.0734
99.9906
99.1723
99.1723
98.991
98.3478
98.712
98.3779
99.0315
99.1239
99.3469
99.8686
99.1239
99.061
99.1554
99.2121
99.8283
98.3568
98.3478
98.3568
99.1351
99.0586
99.4185
98.6421
99.9824
99.9824
99.3826
99.1134
99.1129
99.0952
99.5391
99.4185
99.7562
99.1239
99.17
99.7905
99.0912
99.0079
99.1616
99.6936
99.2466
98.9302
99.1239
99.008
99.0639
99.1591
98.5704
98.9302
99.1106
99.8121
99.795
99.1221
99.7056
99.115
99.0277
99.0277
99.0639
99.1591
99.5391
98.3779
99.1583
99.8558
98.5536
99.0134
98.712
98.3568
99.0734
99.8025
98.6159
98.6047
98.5896
98.9302
98.4096
98.6455
99.0459
99.0234
98.6421
99.2623
98.3149
99.8444
99.2997
99.1453
98.3212
99.4073
98.2173
98.6421
99.6508
99.17
99.8864
99.1106
99.0134
98.6439
99.0379
99.0151
99.1505
99.0079
99.8677
99.0443
99.3636
99.061
99.8677
99.1184
99.0174
99.1275
99.8622
98.7058
99.053
98.9302
99.3461
99.1221
99.738
98.7301
99.0315
99.0277
99.6574
99.0635
99.3636
99.1082
99.7434
99.1221
98.3651
98.4036
98.3528
99.4439
98.8959
99.2025
99.0591
99.4185
98.6439
98.5896
99.5391
98.9719
99.2025
99.2239
99.0313
99.2203
99.0378
99.1172
98.4036
99.1134
99.7805
98.3478
99.0645
99.2173
99.3469
99.324
99.8444
99.7951
99.8061
99.3461
99.7163
99.1616
99.053
99.798
99.1505
99.8293
99.0277
99.0779
99.6936
98.712
99.9906
99.7562
99.8677
98.5896
99.1505
99.0974
99.8064
99.0379
98.6439
99.7959
98.7058
99.7093
99.0203
98.6977
98.3149
99.7181
98.6159
99.9906
98.6409
99.17
99.068
99.0813
99.1273
98.3934
99.0313
99.9906
98.9719
99.0456
99.0129
98.3545
99.0912
99.5229
98.6159
99.5834
99.6508
98.7058
99.3461
99.8283
99.9214
99.1723
99.0793
99.8023
99.1273
99.1275
99.0134
98.6977
99.053
99.7478
99.1583
99.7434
99.7478
99.1028
99.0976
99.1505
99.0919
98.9531
99.7163
99.3461
99.3636
99.4185
99.1064
99.8025
99.1134
99.1054
99.1054
99.008
98.5536
99.1583
99.8586
99.1351
99.8064
99.7959
98.5896
98.9531
99.8023
98.7301
99.0983
99.9824
99.1172
99.0604
98.6439
99.7177
98.6984
99.7821
99.1909
99.8558
98.7301
99.1184
99.7214
99.515
99.0378
98.5704
99.4439
98.3478
98.3558
98.9786
99.2929
98.3568
99.0793
99.1082
98.3149
99.1616
98.712
99.0645
98.3545
98.6984
98.3149
99.2929
99.0378
99.852
98.7309
99.0174
99.515
99.0174
99.1221
99.3537
98.5536
99.7267
98.712
99.0414
99.8025
99.008
99.1054
99.1054
99.1275
99.324
99.324
99.0315
99.1258
99.0767
99.053
98.7058
99.2203
99.1134
99.3826
99.5391
99.8444
99.0635
99.7951
99.7214
98.6421
99.3537
99.0983
99.9824
99.0779
99.1505
99.738
99.0912
99.1134
99.1054
99.1364
99.0315
99.3636
99.824
99.0414
99.2018
99.7821
99.0151
99.0772
99.0079
98.656
99.1129
99.0779
99.1129
98.3558
99.8558
98.6158
99.0809
99.1064
98.3779
99.0767
98.6159
98.5896
99.5834
99.8224
99.0467
98.6421
99.0459
99.4439
98.6439
99.9906
99.9214
99.324
99.2667
99.106
99.0635
99.7654
99.7506
98.3558
99.9824
98.656
99.0586
99.0734
99.8753
99.1239
99.515
99.053
99.7959
99.8061
99.7959
99.0772
99.0459
99.8622
99.558
99.7163
98.6158
99.0129
99.4649
99.7505
99.7654
99.7163
99.1172
99.17
99.0569
99.3537
99.5617
99.2997
99.2623
98.3558
99.0277
99.1873
99.6936
99.4977
99.0443
98.5536
99.0793
98.8959
99.1505
99.2623
99.2929
98.3934
99.2203
98.3212
99.7214
99.2929
99.0427
99.0315
98.3721
99.17
99.3469
99.122
98.3212
99.0234
98.3651
99.1275
99.0974
99.7478
99.7506
99.935
99.1583
99.9866
99.7267
99.0976
99.1723
99.8023
98.5896
99.4439
98.9531
99.4073
99.8864
99.1064
99.061
98.6696
99.0976
98.6409
98.6159
98.7301
99.1453
99.0378
98.3478
98.6439
99.7506
98.6977
98.9789
98.3948
99.8121
99.5391
99.008
99.7267
99.9866
99.2239
99.2929
98.3777
99.0586
99.1909
99.7506
99.1554
98.6421
99.0414
99.9906
99.8064
98.3948
98.6984
99.1129
99.8586
99.0645
99.0604
99.0809
99.8025
99.8686
99.7267
99.0079
99.9866
99.5391
99.8293
99.4439
98.6696
99.1281
99.6932
99.2018
99.1064
99.0456
99.3826
99.8064
99.0793
99.1172
99.2997
98.3934
99.0976
98.7301
99.7805
98.5704
99.1505
99.0645
99.5391
99.0427
98.656
98.3478
98.6159
99.053
99.8025
98.656
99.0912
99.8224
99.7805
99.4649
99.8025
98.7301
98.3948
99.0379
99.0813
99.4185
99.2466
99.8293
99.7163
99.0174
98.2173
99.0129
99.8025
98.6158
99.6508
99.1591
99.6936
99.8121
99.7181
99.6508
98.9786
99.115
99.9214
98.3568
99.0976
99.8283
98.3948
98.712
99.0922
99.0586
99.1591
99.0443
99.17
99.1106
99.2025
99.0467
99.0203
98.9786
99.0793
98.5704
99.1028
99.9824
98.5704
98.4096
99.122
99.6932
99.3461
99.7506
98.996
99.0639
98.4096
99.4783
99.7505
99.8753
99.824
99.053
99.8025
98.6696
99.1239
99.1233
99.8224
99.4977
99.0227
99.0134
99.1364
98.712
99.0919
98.4096
99.1453
99.7805
99.0912
98.3149
99.0767
99.0974
99.7181
99.0378
99.6508
99.852
99.1984
98.6439
99.798
98.3721
99.1054
99.1221
99.1757
98.4036
99.1351
99.4649
99.0976
99.1723
99.7177
99.1616
98.7309
99.8586
99.7506
99.1106
98.6409
99.1106
99.9906
99.1505
98.3212
99.0772
99.1473
99.1473
99.8864
99.4977
99.5617
99.1757
99.0379
99.8586
99.4649
99.0639
99.1064
99.0591
99.0635
99.7905
99.1351
99.1505
99.1239
99.0919
99.8023
99.8061
99.6508
99.2667
98.656
99.6932
99.795
99.7905
99.7093
99.7951
99.122
99.2929
98.996
98.991
99.8753
99.5617
98.3597
99.053
98.6984
99.7177
98.4096
99.3461
99.8586
99.0793
98.7301
99.9214
99.7434
99.1054
99.0379
99.4783
98.6977
99.1092
99.0639
99.8622
99.0079
99.17
98.3777
99.8864
99.1364
99.0234
99.1453
99.9906
99.1275
99.1064
99.0227
98.6647
98.6158
99.9866
98.6159
99.1082
99.935
99.7654
99.1239
98.996
99.8061
99.2025
99.0772
99.7505
99.7163
99.4073
99.293
98.4096
99.1909
99.7214
99.3636
99.8622
99.1616
99.1134
99.9866
98.5896
99.1873
99.4977
99.0277
98.3721
99.1148
99.2025
99.935
98.6455
99.0983
98.9531
99.1275
99.8224
99.1351
99.7951
99.1092
98.6455
99.4783
99.7214
99.852
99.5229
99.2121
99.9906
99.7177
98.3651
99.8037
98.7309
98.6696
99.8025
98.6455
99.0645
98.3782
99.0459
99.515
98.3568
99.0569
99.0912
99.7821
99.293
99.053
99.1453
99.0427
99.0459
99.6574
99.0604
99.7959
98.6696
99.824
99.2466
99.2623
99.0134
99.0974
99.8121
98.3568
99.0639
99.1909
99.1554
98.712
99.2239
99.0456
99.6932
99.17
99.7056
98.7058
98.3651
99.3826
99.0586
99.0234
99.1273
99.6936
99.1273
99.8794
98.5536
99.0134
99.8864
99.2929
99.8794
99.7267
99.2203
98.3782
98.3651
99.824
99.0378
99.0919
99.7163
99.1473
99.17
99.1221
99.4439
98.6158
99.7107
99.0912
99.7478
98.3041
98.3478
99.2466
99.1616
99.0234
99.1583
98.3948
98.7301
99.0378
98.4036
99.515
99.0813
99.1505
99.8293
99.0414
99.4977
99.0586
99.0645
99.3537
98.3651
99.17
99.1239
99.293
99.1364
99.0772
99.7177
99.4783
98.6159
99.1092
99.0151
99.795
98.656
99.0459
99.2173
99.7267
99.2239
99.4783
99.1221
99.2203
99.0974
98.4096
98.3545
98.3545
99.0467
99.1984
99.1221
99.0315
98.656
99.0793
98.3779
99.558
99.2203
98.8959
99.0414
98.3721
99.2466
99.7056
99.1273
98.3212
98.9302
98.656
98.6455
99.17
98.5536
99.0443
99.1591
99.1453
99.8293
99.1221
99.324
98.6159
99.7905
98.3721
99.17
99.0919
99.8156
99.7177
99.8156
99.0443
99.0313
99.8064
99.0639
99.4783
99.8444
98.6455
99.0591
99.2018
98.5896
99.2203
98.5896
99.293
99.1616
99.8064
99.2018
99.3461
99.0234
99.1591
98.7309
99.2018
99.0645
99.8686
98.4036
99.8037
99.8864
99.324
99.8864
98.656
98.3568
99.1591
98.3041
98.9531
98.3558
98.3568
99.2203
99.9214
99.8444
99.795
98.3779
99.0129
99.7821
98.8959
98.2173
99.7434
99.0079
99.7562
99.0604
99.0772
99.1281
98.991
99.2623
98.3212
98.3721
98.7309
99.7821
99.7959
99.6936
98.9789
99.1473
99.7506
98.3568
99.1082
98.4096
99.008
99.7959
99.8025
99.0079
99.1273
98.3528
99.558
98.9531
99.0378
99.7093
99.0459
99.8023
98.6696
99.0983
98.3597
99.6574
99.0151
99.2929
99.7562
98.3651
99.8622
98.9716
99.7959
99.1583
99.0129
99.1275
98.5536
99.2025
98.6047
99.0467
98.991
99.7562
99.0645
99.0952
99.1984
98.5896
99.8753
98.3478
98.6159
99.3636
99.6936
99.7505
99.7267
99.1505
99.1172
99.515
98.3545
99.8293
99.1723
99.4185
99.4783
98.6047
99.3636
99.7107
99.1134
98.3149
99.115
99.1984
99.7434
99.7821
99.0919
98.8959
99.4439
98.7309
99.0443
98.3777
99.8064
99.106
99.5391
99.7905
98.9302
99.0813
99.8037
99.7506
98.3597
99.7107
99.9906
98.3777
99.8686
99.1473
99.9824
99.9866
99.7214
99.558
99.2929
99.798
99.1106
99.1221
99.0315
98.6977
99.1583
99.0635
99.8224
99.0134
99.8558
99.935
99.5229
99.1273
99.0456
99.0174
98.6047
99.7506
98.5704
99.068
99.053
99.2018
98.3934
98.6158
99.1273
98.3934
99.1064
99.0809
99.8224
99.1082
99.0467
98.9719
99.1591
99.0645
99.8444
99.1221
99.7654
99.8156
99.0174
99.8677
99.7093
98.6455
99.4649
99.515
98.3782
99.0604
99.0427
99.0813
99.1984
99.8558
99.4439
98.4096
99.738
99.1364
98.3948
99.0809
98.3558
98.3212
99.0569
99.053
99.8444
99.7905
99.2018
99.7654
98.6158
99.8156
99.7107
99.1221
99.8444
99.0456
99.0203
99.7905
99.0569
99.1028
99.1473
99.0174
99.1106
99.1591
98.3528
99.1281
99.8686
99.053
99.0315
99.1239
99.2929
99.0983
99.7163
99.1473
98.3545
99.7181
98.9789
99.8864
98.3568
99.0277
99.9906
99.7478
99.2121
99.0414
99.0379
98.3545
99.0315
99.3461
99.8283
99.7506
99.068
99.1258
99.2203
99.3826
99.7951
98.3528
98.7309
99.5617
99.3469
99.0174
99.7805
99.1591
99.0427
98.8959
98.656
98.9531
99.8064
99.7056
98.656
99.0427
99.0151
99.5617
99.5229
99.7506
99.3469
99.0234
99.8558
99.0456
98.3568
99.0734
98.6421
99.1554
99.3469
99.0813
99.6574
99.17
99.0922
98.2173
99.7959
99.8864
99.2239
99.0779
98.712
99.0813
99.0129
99.6936
99.4439
99.7506
98.9531
99.8283
99.6936
98.3777
99.6936
99.1505
99.2667
99.0227
98.4096
99.9824
99.7434
99.8622
99.1723
99.4783
99.2623
99.0767
99.8293
98.5536
99.8864
99.0919
99.0793
99.0591
99.2173
98.5536
98.996
98.656
99.7821
99.0645
98.6984
98.6159
99.3636
99.6936
98.3528
99.7163
99.1554
99.515
99.8023
98.3651
99.0456
99.9824
99.5617
99.0645
99.1028
98.3721
99.1473
99.1351
99.1554
99.7093
99.1616
99.935
99.7821
98.7058
99.1106
99.9866
99.1554
99.1134
98.6158
99.7959
99.0313
99.0203
99.9906
99.0591
99.0203
99.1616
99.2025
99.0772
98.6696
98.3041
98.991
99.17
98.6977
99.4977
98.6696
99.0129
99.1221
99.2239
99.795
99.2929
99.7107
98.6696
98.3041
98.7301
99.0174
99.7056
99.9906
99.0227
98.9302
99.1092
99.7821
98.712
98.6159
98.6647
98.7058
99.1082
99.8753
99.8622
98.3528
99.1221
98.6984
99.0586
98.6047
99.5229
99.0569
99.8156
99.1364
99.558
99.9906
99.106
99.738
99.1275
99.0809
99.935
99.293
99.0203
99.1909
99.1064
98.5536
99.7478
99.115
99.0459
99.1583
99.1092
99.7478
99.0793
99.0227
99.1148
99.0467
98.5536
99.115
99.1616
98.9786
99.0919
98.3948
98.5896
99.0315
99.0315
98.9531
99.6936
99.0569
99.7107
99.5391
99.0635
98.3779
99.6508
99.8794
99.106
99.1591
99.6932
98.4036
98.6047
99.2121
98.3568
99.558
99.2466
99.5834
99.0443
99.1616
99.8121
99.8753
99.558
99.0313
98.6409
98.7309
99.798
99.1281
99.9906
99.0645
99.0912
99.8558
98.6439
99.5617
99.824
98.6047
99.9866
99.115
98.7058
98.656
99.0976
99.7562
99.1233
99.7163
99.0129
99.0378
99.1473
98.3149
99.7267
99.0639
99.1106
99.1028
99.1273
98.3651
99.0443
99.17
99.1028
98.6647
99.8023
99.1281
99.2018
99.8156
99.8686
99.4185
99.1028
99.5391
99.8444
99.8753
98.3212
98.991
99.3537
98.991
99.293
98.6158
98.6647
99.1233
98.6409
98.2173
98.3558
98.712
99.1064
99.8283
99.061
99.5229
98.3782
99.7821
98.6047
99.1984
99.1616
98.9719
99.9214
99.0779
99.7654
98.3597
99.1554
99.1148
99.2623
98.656
99.0456
99.0922
99.0315
99.7478
98.3212
99.738
99.2667
99.7267
99.0983
99.1221
98.6455
99.0467
98.3651
99.0809
99.1351
99.1172
98.3651
99.0203
99.0983
99.738
98.3558
99.8025
99.2929
99.5617
99.5391
99.8444
99.7505
99.1364
99.0129
99.515
99.7905
98.9789
98.3777
99.0922
99.0129
99.2203
99.7506
98.3041
99.8864
99.1148
98.5704
99.7478
99.7959
99.2667
99.0467
99.7107
99.798
98.3041
99.1184
99.1134
99.935
98.3651
99.0203
98.996
99.0427
99.3469
99.9866
99.2623
99.008
99.1591
99.3826
98.3545
99.9214
99.2623
98.3597
99.7951
99.6936
99.1028
98.4036
99.7107
99.8064
99.2623
99.3469
99.1148
99.8025
99.1258
99.1134
99.4649
98.3568
99.0645
99.8037
99.7093
99.1239
98.9302
99.4649
99.1757
99.1984
99.1591
98.3721
99.2173
99.7214
99.0734
99.1054
99.4649
99.935
98.3948
98.4036
98.6409
99.7107
99.0079
99.7821
99.515
98.9786
99.8677
99.8293
99.293
99.8025
99.0467
99.558
99.5391
98.7058
98.991
99.1106
99.0976
99.9214
99.0378
99.0313
98.9789
99.7478
99.0919
99.7478
99.7056
99.4185
99.8444
99.8558
99.0277
99.2173
99.0129
98.3934
98.3721
99.4977
99.2466
99.9824
99.3636
99.0922
99.1134
98.6158
98.996
98.3149
99.4649
99.1281
98.5536
98.6439
99.0443
99.2025
98.7301
98.5704
99.1172
98.7301
99.9866
98.6421
99.17
99.824
98.996
99.2929
99.3537
99.5617
99.0443
99.2466
99.7214
99.7214
99.1258
99.0635
99.1281
99.3826
99.0129
99.1453
99.0734
99.6936
99.1281
98.6421
99.8121
99.7107
98.6977
99.4073
99.7093
98.3777
99.7181
98.8959
99.1364
99.1273
98.6421
98.3212
99.8686
99.8023
99.1028
99.8586
99.1273
99.1453
99.2623
99.1239
99.4783
99.7562
99.2929
99.0203
99.0591
99.122
99.061
99.1082
99.795
98.9786
99.0591
99.8037
99.8224
99.0467
99.3461
99.8293
99.1281
99.0639
99.0277
99.2929
98.9531
99.1616
99.8064
99.4977
99.8558
99.8558
99.8753
99.0635
99.0315
99.053
98.6647
99.738
99.2173
99.7163
99.1505
98.6647
98.991
99.0976
99.0809
99.2623
99.2466
98.405
99.7951
98.6455
99.1273
99.2121
99.0809
99.3461
99.4185
99.7177
98.991
99.0639
99.8293
98.6047
99.738
99.6508
98.7058
99.9214
99.7093
99.1281
98.3597
99.7434
99.1873
99.0922
98.9302
99.0983
99.2203
99.1233
98.656
98.3478
99.2466
99.3636
99.1275
99.1064
99.1281
99.7093
98.6696
99.1221
99.1723
99.8753
99.1505
99.1583
99.1453
99.8586
98.4096
99.0586
99.8224
99.1275
98.5704
98.3478
98.3212
99.324
99.0456
98.6047
98.2173
99.008
99.1239
99.0772
99.2667
99.8794
99.0151
99.0315
99.0586
98.3597
99.0734
99.7821
98.3948
99.0227
98.3041
99.7959
99.0635
99.0414
99.7654
99.7056
99.1873
99.5617
98.9302
99.7562
99.1092
99.115
99.8864
99.8753
99.0586
99.8023
99.7434
99.0586
99.8025
98.6409
99.7506
98.6409
99.1505
99.2203
99.8686
99.7177
99.0734
99.7506
99.7821
99.8283
98.3041
98.9302
99.0443
99.1873
99.7214
99.7181
99.7959
99.3537
99.1134
99.8622
99.8025
99.935
99.2623
99.0734
99.0809
99.1984
99.8794
99.8293
98.6421
98.3478
99.0974
99.115
98.996
99.824
98.6158
99.0379
99.8025
99.8753
99.1583
99.0203
99.7056
99.068
99.293
98.6421
99.0467
98.6158
99.7093
99.852
98.6421
99.3537
99.1082
99.2173
99.0456
99.0079
99.2173
99.9824
98.996
99.4783
98.3721
99.9214
98.6409
99.8558
99.2173
99.0467
99.2623
99.1723
98.6647
99.0379
99.5834
99.4649
99.1583
98.6421
98.3041
99.4649
98.3779
99.0779
99.106
99.0379
99.0604
99.1984
99.4783
99.8444
99.1591
99.7163
99.7163
99.4439
99.0277
99.1281
98.6421
99.1351
99.7506
98.991
98.4036
98.3651
98.3212
99.7056
99.115
99.0639
98.3212
99.0151
98.6977
99.4185
98.3651
98.5536
98.9719
99.1909
99.2025
99.6574
99.0639
98.9531
98.6421
99.824
99.7163
99.053
98.7309
99.0227
99.6936
99.1275
99.8677
99.0277
99.1453
99.1106
99.7107
98.656
99.1757
99.6936
98.3777
99.068
99.0809
99.053
98.9531
99.7056
98.6647
98.9302
99.1453
99.8753
99.7959
99.1554
98.3528
98.991
98.3212
99.8622
98.6158
99.2623
99.1554
99.0151
99.3826
98.712
99.1275
99.8753
99.8224
99.6574
98.9786
99.7163
99.7163
99.8025
99.1184
99.0635
99.2929
99.1258
99.7177
99.8156
98.7301
99.0456
99.8121
99.0922
98.3934
99.6508
98.3568
99.0919
99.1184
99.4185
98.4096
98.6158
98.6977
99.2623
99.3461
99.2667
98.9531
98.996
99.515
98.3545
99.2929
98.7301
99.1281
99.1351
99.1616
98.996
99.2667
98.656
99.0772
98.3782
99.0635
98.6158
98.3651
99.935
99.0134
98.6158
99.1239
99.0976
99.0645
99.0079
98.9302
99.1233
99.0591
99.852
99.795
99.0734
99.0079
99.2623
99.8025
99.2929
99.795
99.2121
98.3212
99.1258
99.6574
99.5391
99.1273
98.3545
99.1184
99.4073
98.9789
98.991
99.9906
98.3948
99.7177
99.0569
98.9789
99.1505
99.3469
99.2466
99.7434
98.656
99.515
99.0151
98.9786
98.3212
98.3212
99.558
99.1873
99.8061
98.3782
98.4096
98.6159
99.0569
98.9719
99.8121
99.0467
98.2173
99.115
99.1184
99.1281
98.9719
98.3568
98.3721
98.3948
98.3934
99.7951
98.6647
99.0174
99.1909
99.7821
98.3478
99.1275
98.6977
99.2623
99.5617
99.8025
98.6047
99.1505
99.1723
99.0974
99.8293
99.824
99.7434
98.6158
99.0983
99.0079
98.9531
99.1239
99.0079
99.8622
99.2025
99.7177
98.9531
99.1583
99.2173
99.068
99.8061
98.3528
98.3948
99.4073
99.0129
99.1172
99.1554
99.3537
99.6932
99.1473
98.3597
99.1106
99.6936
99.7267
99.7177
99.0227
99.0734
99.9906
99.7654
99.2239
99.7434
99.5229
99.5391
98.3041
98.6696
99.1258
98.7058
99.0813
99.8023
99.17
99.106
98.3149
99.0809
99.1616
98.6647
99.1184
99.8061
99.7562
98.7301
98.9719
99.7951
99.7562
99.7434
99.5617
99.7434
99.8794
98.6409
98.4036
99.1028
99.7093
99.0443
99.0591
98.3651
98.7309
99.515
99.0313
99.0919
99.8293
99.1221
99.8061
99.7506
99.8156
99.1505
99.2025
99.0974
98.991
99.515
99.1473
99.8794
99.2018
99.2203
98.9786
99.8864
99.0919
99.824
98.3212
98.9716
99.0467
98.6439
99.8686
98.3782
99.9866
99.4649
99.1258
99.0443
99.0234
99.8064
99.6936
98.4036
99.6932
99.7505
99.1148
98.2173
99.8156
98.3041
99.0635
99.0129
99.0922
99.0227
99.7181
98.9789
99.1129
99.1054
98.7058
99.1909
99.5617
99.0772
99.0313
98.3041
98.3478
99.8558
99.1583
98.712
98.6047
99.8064
99.1082
99.1453
99.1064
99.1591
99.1148
99.8037
98.6409
99.8025
99.061
99.8025
99.061
99.0467
98.3528
99.0315
98.6421
98.7309
99.2121
99.0813
99.115
99.3636
98.6409
98.2173
98.7058
99.0604
99.1275
98.5704
99.324
99.0134
99.738
98.3779
98.996
99.1909
99.0414
99.4649
98.3545
98.4036
98.6439
98.996
99.7434
99.1221
99.1233
99.1554
99.2121
99.7434
99.0129
99.5391
99.852
99.8064
99.1351
99.115
99.558
99.1364
99.4977
98.3777
98.6158
99.824
99.1984
99.7905
99.738
99.1275
98.6647
99.0604
98.3478
99.8622
99.9214
99.1028
99.8025
98.4096
98.3212
98.6047
99.8156
99.1172
99.0467
99.1134
99.1583
99.9214
99.1909
98.6696
99.7056
99.8753
99.6932
99.068
99.8037
98.6047
99.8061
99.1221
99.293
99.2121
99.6574
99.1273
99.798
98.996
99.0129
98.6647
99.1473
99.8156
99.0922
98.6159
98.3478
99.7056
99.7905
99.2173
99.1275
99.7107
99.8677
99.5834
99.7093
99.0813
99.8864
98.2173
99.0919
99.0203
99.0456
99.008
99.008
99.0234
99.1723
99.558
98.3149
99.115
99.3636
99.1221
99.7506
98.9531
99.1909
98.996
99.3469
99.115
99.7267
99.0378
99.1281
99.5834
98.3948
99.7506
99.115
98.3777
99.1364
99.8753
99.0639
99.1873
99.7267
99.1028
99.6574
99.0227
98.5896
99.0151
99.3537
99.9214
99.0456
99.3826
99.1873
99.4977
99.9906
98.3568
98.4036
99.0604
98.996
99.9866
99.0809
99.0315
99.0467
99.8037
99.738
99.1184
99.0639
99.0151
98.3777
99.7177
99.0919
99.008
99.1616
98.3212
99.4073
98.6409
98.3478
99.9824
99.0952
99.324
99.0174
98.3934
99.1723
98.9719
99.0734
98.9719
98.7309
99.1233
99.122
99.852
99.008
98.3528
99.0919
99.1134
99.0772
99.5834
99.3826
99.5229
98.5704
99.9906
99.7506
99.8864
98.6439
99.558
99.7163
98.7309
99.0569
99.8156
99.3469
99.1275
98.8959
98.7301
99.8558
98.6158
99.6508
98.6421
99.1909
99.1984
98.3651
98.6159
99.515
98.3721
99.2018
99.0129
98.9786
98.4096
99.9906
99.1129
99.061
99.0813
99.7107
99.3469
99.106
99.8156
99.1106
99.8064
99.1184
98.6984
99.1364
99.1184
99.0591
99.5617
99.106
99.935
99.1505
99.1453
99.738
99.0809
99.8794
98.6455
99.0604
99.1106
99.1239
99.0234
99.7181
99.7267
99.17
98.6158
99.7506
98.6455
98.3528
99.7107
99.8037
99.0976
99.0974
99.0227
99.7177
99.0639
99.935
99.8156
99.1106
99.7478
99.1233
99.4439
98.4036
99.6936
99.0639
99.1281
98.3721
98.3478
98.3782
99.558
99.8444
99.008
98.3948
99.1364
99.0079
99.0591
99.8156
99.795
99.2018
98.3041
99.4073
99.1757
99.935
99.0079
99.1554
99.795
99.0467
99.4185
99.1453
99.0315
99.2623
99.0569
99.7959
99.1148
99.8794
99.2025
99.1092
99.1273
99.1364
99.3537
99.7181
99.2239
99.4439
99.0227
99.7163
98.6977
99.795
99.2018
99.8753
99.2466
99.7805
98.3545
99.7107
99.6508
98.6984
98.3212
99.1591
99.1221
99.1909
98.6439
99.6574
99.7821
99.1275
99.3636
99.515
99.1028
99.3469
99.1984
99.0586
99.7478
99.1273
99.5391
98.3041
99.1275
99.8283
99.0974
99.8753
99.3826
99.9824
99.8023
99.0443
99.8064
99.8293
99.7951
99.7163
99.0227
98.3528
99.8753
99.1984
99.1757
99.0174
99.7056
98.9302
99.1221
98.5896
99.0586
99.0203
98.9302
99.852
98.7301
99.1281
99.8037
99.8025
99.0459
98.996
99.3636
99.1723
99.2466
99.0378
99.1092
99.1273
99.324
99.9866
98.3545
99.7905
99.9214
98.3478
99.0813
98.996
99.7805
99.8794
99.0203
99.4783
99.9824
99.4439
99.0174
99.1757
99.7562
98.656
99.0414
99.1134
98.3782
99.7181
99.0813
99.0134
99.5834
99.122
98.9531
98.6439
99.4185
99.1134
99.0809
99.122
99.1554
99.0604
99.17
99.1453
99.1172
99.9866
99.0467
99.0443
99.2667
99.0459
99.8025
98.7309
99.1723
99.2623
99.935
98.3041
98.9302
99.1723
98.4036
99.7821
99.0734
99.1984
99.5391
99.0813
98.3558
99.2997
99.1134
99.1554
99.0922
99.1233
99.5391
98.3478
99.1106
98.3478
98.7309
99.0813
99.0919
99.4783
98.6647
99.2466
99.2466
99.0809
99.061
99.1364
99.8444
99.0974
98.7309
99.1221
99.7905
99.1082
99.0734
99.115
99.8558
99.0772
99.9824
99.9214
98.3777
99.2025
99.0734
99.7478
99.2929
99.4439
98.3651
99.2929
99.068
99.1239
98.7058
99.8864
98.3651
99.8121
99.8061
99.068
99.5617
98.9786
98.6696
99.0586
99.1273
99.0134
99.2203
98.3777
99.7654
98.3721
98.3528
99.1106
99.8444
99.4073
98.9531
99.0952
99.1351
98.4096
99.4649
99.0456
99.0151
99.4073
98.6439
99.4185
99.9866
99.8753
99.2173
99.2997
98.6439
99.0379
99.7562
99.0414
99.8293
98.4036
99.798
99.1233
99.8586
99.0467
99.4073
99.0779
99.1233
99.1148
99.1505
98.6409
99.1092
98.3777
99.1106
98.5896
98.9789
99.1106
99.1273
99.8156
99.0591
99.2466
98.2173
99.4073
99.1221
99.738
99.8121
99.0313
99.0779
99.0313
98.3212
99.1616
99.1239
99.0809
99.7093
99.0809
99.8283
99.9866
99.1054
99.8622
99.798
99.17
98.9531
99.0922
99.1129
99.1221
99.7951
99.1873
99.1505
99.0604
98.3558
99.0772
99.061
99.2929
99.8586
99.3537
99.8622
99.935
99.2018
99.061
99.935
99.7107
98.5704
98.9719
99.068
98.3597
98.9531
99.0427
99.0227
99.1909
99.8283
99.7434
98.6158
99.7214
99.6574
99.2203
99.515
99.6932
99.0952
99.8622
98.4096
99.0952
99.7905
98.7058
99.8023
99.8283
98.7058
99.1028
99.1273
98.6047
99.3461
99.5617
99.1275
99.0313
99.1239
99.7905
98.3558
99.4977
99.8037
98.3777
99.515
99.4073
99.3461
99.0813
98.6047
98.9789
99.7434
99.1258
99.0767
99.0912
99.0976
98.9789
98.6977
99.0974
98.3721
99.7562
99.5229
99.8622
99.0443
99.8753
99.0912
99.1221
99.1233
99.1505
98.6696
99.1583
99.0912
99.1092
99.515
99.8444
98.6977
99.2997
98.3041
99.0591
99.0379
99.1505
98.7058
99.1364
98.3558
98.3782
98.3568
98.6421
99.7959
99.0456
99.8283
99.7805
99.8794
99.0569
99.1106
99.115
99.1616
99.2929
98.712
98.6159
99.5834
99.8025
98.9302
99.0427
99.1591
99.5229
99.0767
99.0767
99.0315
99.1281
99.935
98.6977
99.1275
99.0379
99.0277
98.2173
99.7214
99.8558
99.1184
99.4073
99.2121
99.1364
99.1453
98.3149
99.1258
99.0604
99.0414
99.1505
99.1281
99.7107
98.7309
98.3777
99.8677
98.2173
99.1616
98.8959
99.8558
99.0983
99.0456
99.0443
98.3041
99.8293
99.1148
99.17
99.1258
98.4036
99.0467
99.1172
99.1616
99.7177
99.5834
99.8444
99.068
99.0734
98.3528
99.8121
99.9866
99.5834
99.7805
99.0174
99.515
99.1591
99.0315
99.1273
99.1364
99.0227
99.7267
99.3537
99.8686
99.0772
99.7107
98.6647
99.8064
99.9824
98.2173
99.0645
99.6936
99.7805
98.3149
99.1239
99.1054
98.3777
99.2997
99.5617
98.3568
99.8025
99.1364
99.1221
99.1364
99.0378
98.3651
98.3041
99.0129
99.7478
99.0952
98.5704
99.9906
99.7107
99.8023
99.5391
98.3568
98.4096
99.852
99.8753
99.8224
98.3651
99.9214
98.3777
98.991
99.0378
99.0079
98.6421
99.2121
99.0767
99.0459
98.5704
99.1092
99.0767
99.1351
99.2997
99.0379
98.6647
99.0912
99.1453
98.3558
99.0922
99.1364
99.3636
99.7107
99.6932
99.6574
98.3779
99.0459
99.7434
98.5896
99.324
99.4439
99.0227
99.0767
99.3461
99.2239
99.9214
99.1554
99.1184
99.5391
99.4073
99.7805
99.3636
98.9719
99.0591
99.0922
99.7163
99.7905
99.7181
99.8064
99.0379
99.7562
99.5617
99.4439
99.8753
98.3651
98.3779
98.6984
99.5834
99.1129
99.0134
99.17
99.0151
98.3149
99.7805
99.3461
98.4036
98.3948
99.0912
99.9866
98.6977
99.0813
99.7951
98.6409
99.8586
99.1757
99.1984
99.8686
99.0635
99.106
99.1028
99.0203
99.8622
98.3478
99.115
99.1028
99.0315
99.8025
99.738
99.1473
98.3478
99.7267
99.0767
99.0976
99.1616
99.6508
99.1505
99.1505
99.061
98.6421
99.324
99.0604
99.8677
99.0079
98.3782
98.3777
99.2997
99.1591
98.5896
99.2623
99.0315
99.008
99.1028
99.0569
99.0315
99.8794
98.3779
99.7267
99.4977
99.1757
99.1364
99.293
99.061
99.1591
99.8025
99.9906
99.0227
99.1473
99.5391
99.8037
99.1757
98.991
99.0586
99.8686
99.122
99.8121
99.7181
99.8224
99.0313
98.4036
99.1275
99.0227
99.0443
99.0976
99.0203
99.8025
98.3782
98.6647
99.1028
99.852
99.8586
99.008
98.7309
99.8794
98.3041
98.6159
98.996
99.8061
99.0227
99.0813
99.4439
99.6932
99.0919
99.1909
99.8156
98.3041
99.115
99.0779
99.8061
99.4185
99.515
99.2121
99.0983
99.558
99.0591
99.0414
99.9906
99.2018
99.1505
99.7951
98.6647
99.0974
99.1028
99.8224
99.1505
98.5536
99.0922
99.1148
99.8037
99.1583
99.8156
98.3651
99.0974
99.0467
99.17
99.324
98.6158
99.1616
99.5834
99.0227
98.9716
99.0809
99.061
99.8283
99.9824
99.0922
99.8121
99.6932
99.3537
99.1757
98.6455
99.8444
99.0456
99.4977
99.2466
99.2466
99.0779
99.2997
99.7181
99.8444
99.1554
99.0443
99.0952
99.7163
99.0174
99.053
99.0604
98.4036
99.4073
98.7058
99.0443
99.0134
99.8064
99.0315
99.8293
99.1453
98.656
98.5536
99.0922
99.8677
98.6421
98.3212
99.1554
99.0635
99.0467
99.8753
99.2997
98.3597
99.0569
99.8864
99.0456
99.1873
98.6977
99.1273
99.4073
99.1351
99.17
99.0919
99.0203
99.7093
99.1184
99.2173
99.5617
99.0983
99.4185
99.5391
99.8283
99.8224
99.6932
99.2121
99.0772
98.3782
98.9716
98.6647
99.2466
99.7562
98.5704
99.1273
99.0983
99.1028
99.0427
99.7181
99.7181
99.1273
99.0734
99.8677
99.0174
99.7821
98.9786
98.6421
99.4185
99.0277
98.9716
99.0174
99.4977
98.3528
99.8064
98.6421
99.0313
99.1616
99.7107
99.5617
99.053
99.5391
99.008
99.795
99.0234
99.8156
99.1757
99.8794
99.0379
99.0813
99.1106
99.6574
99.8156
99.3636
99.935
99.324
99.6574
99.935
99.1984
99.0591
99.0414
99.1275
98.656
99.1281
99.738
99.2997
99.3636
99.2667
99.1082
99.7506
99.7214
99.2203
98.4096
99.3537
99.324
99.1148
99.1873
99.4783
99.1351
99.0315
99.5391
99.1134
99.2929
99.8037
99.9866
98.8959
98.3651
99.0813
99.0809
99.7959
99.7214
98.6696
99.5229
99.1258
99.2623
99.1258
99.9214
98.8959
99.3469
99.5391
99.0779
99.8864
99.8293
99.2173
99.1364
99.8586
99.0809
98.6696
98.3212
99.0604
99.3469
99.0427
99.0414
98.2173
98.3149
99.0974
99.935
99.4977
99.738
98.9716
98.3149
98.6647
99.1129
99.1505
99.122
99.1054
99.2623
98.9719
99.1233
98.4036
99.7093
99.1092
99.4073
99.2667
98.6984
98.6455
99.6932
99.0767
99.795
99.2667
99.0569
98.3528
99.7654
99.7267
98.6047
99.5391
99.2121
99.1148
98.3651
98.9719
99.2173
98.3568
99.8622
99.106
98.9786
99.7821
98.712
99.824
99.515
99.2173
99.0983
99.324
99.1258
99.738
99.324
98.3149
99.1092
99.068
99.4439
99.7093
99.1453
99.7434
99.1873
99.2121
99.0151
99.9214
99.7505
99.2466
99.0734
99.0129
99.0313
99.7478
99.1909
99.1221
98.3528
98.6647
99.1281
99.7505
99.1134
99.324
99.0569
99.3461
99.1583
98.7301
