99.8928
99.875
99.4915
99.7766
99.8327
98.2066
99.6642
99.4533
99.5144
99.8136
98.2397
99.9155
99.7879
99.9529
99.6244
99.9676
99.8125
99.6825
99.9131
99.4595
99.7567
99.8774
99.8901
99.8791
99.7638
99.8468
99.74
99.4968
99.8203
99.7516
99.916
99.7648
99.8346
99.7701
99.807
99.9181
99.8644
99.491
99.9449
99.6919
99.8814
99.9627
99.7282
99.577
99.8229
98.3055
99.8984
99.7801
99.813
99.9057
99.7209
99.8126
99.7339
99.8111
99.4251
98.2632
99.8799
99.7904
99.6921
99.9315
99.7458
99.474
99.9324
99.5334
99.5183
99.9162
99.8263
98.1586
99.4796
99.8934
99.7972
99.4381
99.9389
99.6777
99.8066
99.8544
99.802
99.8581
99.8237
99.8466
99.8261
98.2897
99.4983
99.9098
99.7953
99.8099
99.8807
99.4525
99.6063
99.8535
99.7083
98.1864
99.7559
99.8611
99.4606
99.5167
99.8507
99.862
99.7815
99.8342
99.7749
99.8593
99.7103
99.4942
99.5727
99.895
99.8144
99.9266
99.9234
99.4759
99.8515
99.8294
99.9668
99.7439
99.8265
99.8712
99.4846
99.9276
99.5244
99.876
99.5088
99.3619
99.7278
99.5166
99.7821
97.2043
99.5256
99.4573
99.4984
99.8616
99.9105
99.8136
99.846
99.5433
99.7188
98.2026
99.8387
99.8596
99.8539
99.8113
99.8353
99.4528
99.8563
99.7435
99.9433
99.5353
99.8718
99.4709
99.4616
99.8785
99.7179
99.8685
99.8587
99.5162
98.1923
99.954
99.7971
99.7645
99.6199
98.3119
99.9135
99.88
99.4061
99.6817
99.6716
99.8572
98.2191
99.846
99.747
99.8713
99.8721
99.9362
99.8748
99.5024
99.9276
99.3555
99.8795
99.8327
99.7792
97.2266
99.5448
98.2113
99.8307
99.8955
99.937
99.5058
99.872
99.8997
99.922
99.7664
99.6788
99.484
99.8551
99.7463
99.7611
99.9093
99.7555
99.8988
99.8107
99.9197
99.7006
99.9484
99.7105
99.6779
99.8378
99.8258
99.8241
99.7668
99.6554
99.5244
99.6281
99.4702
99.4564
99.8139
99.92
99.7757
99.774
99.519
99.9629
99.8666
99.8615
99.4335
99.7432
99.9663
99.8894
99.82
99.9467
99.5828
99.9928
99.7817
99.4941
99.4624
99.4678
99.7014
99.7608
99.7966
99.5674
99.405
99.8346
99.7445
99.8647
99.7447
99.691
98.3108
99.7508
99.8981
99.557
99.7185
99.8331
99.7584
99.8562
99.9419
99.8648
99.9471
99.9771
99.7514
99.7443
99.5052
99.7653
99.9154
99.8211
99.5544
99.7287
99.8846
99.3663
99.8433
99.7275
99.8409
99.9235
99.9087
99.7623
99.5294
99.5248
99.9144
99.8605
99.7387
99.8102
99.5248
97.247
99.9275
99.8202
99.8597
99.7953
99.8755
99.9428
99.541
99.7408
99.8753
99.7478
99.8862
99.8556
98.3051
99.4537
99.7861
99.5522
99.8451
99.8803
99.7968
99.7501
99.9574
99.9599
98.3536
99.8107
99.7461
99.8842
99.8786
99.7708
99.4997
99.6822
99.6294
99.5412
98.3663
99.3295
99.8935
99.6566
99.7675
99.3941
99.8765
99.537
99.7759
99.6572
99.9467
99.9227
99.5372
99.8295
99.7617
99.9259
99.9008
99.5345
99.7975
99.8733
99.9334
99.8781
99.8966
99.7935
99.5722
99.7283
98.3012
99.7332
99.785
99.7786
99.7263
99.5075
99.6622
99.8842
99.9174
99.8978
99.7638
99.7633
99.9703
99.5158
99.916
99.9314
99.689
99.4655
99.9607
99.5155
99.8703
99.858
99.7357
98.2377
99.894
99.8205
99.479
99.6958
99.845
99.4086
99.7874
99.8959
99.8757
99.8808
99.5397
99.876
99.8448
99.6701
99.5526
99.8022
99.8429
99.8891
98.2959
99.8609
99.462
99.835
99.8661
99.8592
99.7438
99.8944
99.956
99.9075
99.8499
99.8078
99.7653
99.5936
99.7375
99.8221
99.4088
99.6477
99.8063
99.7824
99.9383
99.9157
99.9221
99.8424
99.705
99.7956
99.707
99.7334
99.7351
99.9369
99.6741
99.8282
99.8115
99.4335
99.8596
99.6528
99.916
99.7232
99.9677
99.7268
99.8804
99.7833
99.697
99.8947
99.8499
99.8637
99.7558
99.8925
99.7043
99.7286
99.7769
99.8197
99.9301
99.9179
99.7663
99.8434
99.7749
99.811
99.256
99.9178
99.8411
99.7184
99.9251
99.7267
99.9288
99.8426
99.7072
99.4562
99.8213
99.822
99.7405
99.8503
99.9042
99.9052
99.4247
99.8485
99.8922
99.8067
99.8251
99.7083
99.5916
98.3558
99.7363
99.843
99.7835
99.9592
97.1879
99.9208
99.9465
99.8482
99.844
99.7148
99.7322
99.8376
99.7013
99.8823
99.8588
99.7751
99.832
99.9474
99.5083
98.2005
99.5518
99.991
97.2316
99.8348
99.7521
99.4923
99.758
99.8388
99.9155
99.7646
99.9217
99.5199
99.6276
99.5747
99.6868
99.8636
99.8879
99.8314
99.8553
99.4929
99.9434
99.7998
99.7936
99.8562
99.7884
99.8086
99.9231
99.8503
98.2689
99.9317
99.7245
99.8082
99.8898
98.2118
99.8597
99.8461
99.6697
99.8864
99.8882
99.9367
99.852
99.9511
99.7928
99.9696
99.8335
99.8075
99.8627
99.8216
99.4952
99.8964
99.8563
99.9073
99.9116
99.4454
99.97
99.8676
99.868
99.8539
99.37
99.6174
99.7716
99.7319
99.9371
99.8196
99.9239
99.9136
99.8293
99.7586
99.8916
99.5389
99.7114
99.4664
99.7827
99.8091
99.4338
98.3073
99.876
99.7964
99.7793
99.7104
99.4462
98.3012
99.8389
99.5062
99.9203
99.4429
98.263
99.7727
99.8423
99.7933
99.7669
99.8168
99.5842
99.426
99.7317
99.9318
99.8254
99.5258
99.7215
98.3258
99.8072
99.8182
99.9555
99.4629
99.8162
99.9608
99.7096
99.9066
99.547
99.5312
99.6725
99.8268
99.8888
99.8579
99.7531
99.7666
99.8639
99.4033
99.7874
99.4066
99.8237
99.4255
99.8347
99.8926
99.7392
99.8083
99.4498
99.8144
99.9593
99.9074
99.5461
99.5798
99.8572
99.7998
99.7123
99.6971
99.4895
99.8583
99.5021
99.7139
99.8754
99.7716
99.3276
99.8558
99.5763
99.8095
99.8657
99.9552
99.7134
99.4762
99.9297
99.5567
99.4217
99.9299
99.4523
99.8235
99.4465
99.8674
99.784
99.915
99.8913
99.8708
99.4496
99.8481
99.4663
99.8411
99.9224
99.8237
99.8481
99.8648
99.8895
99.7157
99.7231
98.1634
99.9088
99.8448
99.6247
99.9573
99.9262
99.8781
99.9304
99.8348
99.8789
99.8555
99.7144
99.7426
99.9138
99.8753
99.879
99.5221
99.7663
99.6631
99.8592
99.8375
99.8057
99.6713
99.6961
99.7508
99.7423
99.8335
99.9391
99.3886
99.4297
99.5983
99.8229
99.8611
99.9545
99.9209
99.7452
99.5255
99.8405
99.7278
99.7507
99.8146
99.8052
99.5019
99.5028
99.8921
99.8683
99.8906
99.6179
99.8363
99.915
99.4682
99.7865
99.7025
99.549
99.6258
99.6702
99.9022
99.6984
99.7759
99.3069
99.8967
99.5259
99.5856
99.7694
99.5215
99.913
99.8631
99.9637
99.8549
99.869
99.8597
99.7751
99.8356
99.8977
98.2817
99.8877
99.8508
99.3436
99.2865
99.5561
99.4992
99.5332
99.5051
99.7922
99.8226
99.827
99.8305
99.8142
99.8146
99.8783
99.6741
99.6702
99.8565
99.4024
99.9222
99.7545
99.5252
99.8347
99.8509
99.8613
99.8334
99.7286
99.8189
99.833
99.4334
99.8386
99.7972
99.8446
99.5635
99.7577
99.7937
99.5594
99.7374
99.811
99.8154
99.8853
99.5249
99.7839
99.5049
99.7762
99.9459
99.8873
99.653
99.9707
99.8495
99.8631
99.7046
99.82
99.8226
99.9497
99.9201
99.9075
99.4636
99.5725
99.9356
99.9338
99.5309
99.8157
99.4895
99.8351
99.7144
99.8144
99.7499
99.8041
99.748
99.5213
99.5446
99.458
99.7552
99.801
99.4657
99.5294
99.896
99.7276
99.7782
99.7821
99.7103
99.8006
99.641
99.8963
99.7152
99.8589
99.9151
99.8883
99.757
99.7687
98.3337
99.7509
99.6761
99.8507
99.8915
99.8662
99.4326
99.628
99.6879
99.8888
99.7719
99.6584
99.9182
99.7206
99.9129
99.9013
99.8225
99.8685
99.8543
99.794
99.9243
99.8654
99.6409
99.8244
99.8788
99.8055
99.901
99.8442
99.8876
99.7323
99.826
99.7703
99.7992
99.8837
99.8298
99.7066
99.9334
99.7714
99.9085
99.8546
99.777
99.9457
99.8386
99.9265
98.2842
99.6786
99.8738
99.6916
99.9467
99.8671
99.9618
99.5375
99.775
99.8484
99.7589
99.805
99.9178
99.7778
99.4374
99.6958
99.7862
99.8449
99.7159
99.5069
99.9294
98.3202
99.6768
99.6837
99.4498
99.4205
99.8388
99.8733
99.6245
99.5227
99.7833
99.9621
99.8948
99.9463
99.9223
99.9686
99.6762
99.4324
99.7208
99.6447
99.3602
99.451
99.3758
99.7794
99.6376
99.6837
99.9241
99.8444
99.6558
99.9398
99.879
99.9092
99.9487
99.7297
99.4463
99.9476
99.4461
99.5215
99.8338
99.7983
99.8326
99.4432
99.8064
99.8439
99.8469
99.8131
99.4405
99.9433
99.3903
99.616
99.8736
99.887
99.791
99.6952
99.5618
99.5998
99.6662
99.8794
99.8004
99.6035
99.8366
99.9521
99.6944
99.6962
99.8564
99.6936
99.7025
98.3096
99.5345
99.698
99.6658
99.8499
99.7669
99.7938
99.9307
99.8203
99.8458
99.8491
99.9067
99.935
98.1467
99.8492
99.731
99.8597
99.8419
99.8593
99.5554
99.9
99.8296
99.6072
99.7733
99.7874
99.5123
99.8717
99.7622
99.8216
99.8433
99.8236
99.4661
99.7796
99.8604
99.4332
99.8902
99.9386
99.8907
99.6252
99.5281
99.9244
99.7423
97.2072
98.1484
99.7582
99.8265
99.5501
99.8501
99.8369
99.9457
99.4992
99.7383
99.7573
99.7817
99.3946
99.5284
99.5342
99.8435
99.8996
99.6273
98.2119
99.8918
99.8501
99.5825
99.8147
99.6059
99.8466
99.919
99.879
99.6885
99.8262
99.5443
99.4339
99.6625
99.948
99.6695
99.4786
99.614
99.7953
99.7979
99.8921
99.561
99.868
99.9298
99.828
99.8597
99.7951
99.8151
99.904
99.8166
99.714
98.1562
99.7329
99.801
99.6916
99.5542
99.8364
99.689
99.9509
99.4894
99.8669
99.8674
99.7756
99.3805
99.8999
99.7457
99.6978
99.831
99.4404
99.8694
99.6713
98.1772
99.8054
99.6841
99.7911
99.4522
99.855
99.613
99.5988
99.7649
99.9054
99.9044
99.7168
99.8317
99.5254
99.4755
99.8414
99.8484
99.8432
98.1952
99.9021
99.6132
99.8428
98.3794
99.5946
99.8036
99.8066
99.7679
99.9219
99.828
99.5135
99.3099
99.8812
99.889
99.8812
99.7139
99.8804
99.9102
99.7458
99.8322
99.7535
99.9005
99.8003
99.8169
99.8004
99.9592
99.8163
99.3635
99.9187
99.7294
99.7539
99.8734
99.7218
99.7578
99.8793
99.8447
99.8576
99.802
99.5005
99.687
99.9248
99.6953
99.8386
99.8751
99.8095
99.9806
99.8543
99.8162
99.8121
99.8468
99.9551
99.9317
99.5345
99.5073
99.7414
99.9161
99.8807
99.3635
99.6457
99.444
98.2223
99.8745
99.4617
99.7295
99.7914
99.8216
99.8066
99.6544
99.8359
99.8521
99.8146
99.9489
99.7672
99.9809
99.9144
99.744
99.4175
98.2589
99.8452
99.7593
99.3379
99.7914
99.873
99.6936
99.6798
99.8129
99.5448
99.6836
99.4453
99.8885
99.7716
99.7767
99.6255
99.7702
99.8004
99.9415
99.8975
99.7761
99.8753
99.6866
99.731
99.9507
99.4384
99.7596
99.8536
99.7343
99.691
99.9111
99.7088
99.9711
99.9698
99.7479
99.5537
99.9093
99.8539
99.9486
99.8622
99.5922
99.8706
99.8892
99.9713
99.4279
99.5904
98.3607
99.9825
99.452
98.2717
99.8464
99.7187
98.3116
99.8778
99.9493
99.8
99.5415
99.922
99.844
99.5088
99.7704
98.3336
99.9378
99.8398
99.8263
99.8584
99.809
99.8719
99.916
99.533
99.4437
99.8116
99.7069
99.7761
99.9324
98.2322
99.6656
99.7557
99.5043
99.9472
99.8899
99.7985
99.9556
99.6839
99.8775
99.4286
99.4217
99.8438
99.7515
99.6927
99.4849
99.7638
99.7578
99.8803
99.9617
99.7644
99.9601
99.7384
99.9245
99.7046
99.728
99.6731
99.9745
99.8918
99.9394
99.8915
99.8922
99.8716
99.9212
98.1879
99.9005
99.8912
99.839
99.7464
99.855
99.924
99.8486
99.4163
99.6144
99.9515
99.5246
99.9436
99.5408
99.8058
99.6622
99.9267
98.332
99.7638
99.8238
99.5225
99.4252
99.9059
99.8863
99.8198
99.8042
99.7583
99.751
99.9182
99.6355
99.7393
99.9094
99.7297
99.8768
99.9208
99.89
99.8807
99.8119
98.2402
99.5859
99.5541
99.7515
99.7612
99.968
99.788
98.3321
98.2191
99.9096
99.8194
98.3501
98.1646
99.9661
99.8197
99.4708
99.8752
99.8277
99.4931
99.9507
99.8905
99.8057
99.7135
99.7578
99.8934
99.789
99.86
99.8693
99.885
99.9569
99.9058
99.5722
99.9252
99.4665
99.8537
99.7476
99.9153
99.8818
99.8324
99.885
98.2379
99.7281
99.8643
98.2711
99.8791
99.9166
99.7383
99.9484
99.7333
99.9725
99.8212
98.2451
99.801
99.8928
99.5082
99.9212
98.2325
99.8932
99.888
99.7351
99.3519
99.7214
99.7961
99.9418
99.9455
99.728
99.8765
99.8076
99.5459
99.3412
99.8005
99.675
99.8917
99.6683
99.477
99.9033
99.8918
99.7348
99.4929
99.4973
99.7585
99.8709
99.8988
99.9572
99.7988
97.3269
99.7011
99.7791
99.7399
99.745
99.8488
99.8409
99.5424
99.7702
99.4442
99.8771
99.6877
99.8644
99.926
99.7964
99.5531
99.4908
99.727
99.7456
99.8392
99.7886
99.7131
99.8275
99.8139
98.348
99.8027
97.2006
99.8969
99.3263
99.7222
99.8016
99.7822
99.8246
99.9411
99.7851
98.3055
99.5933
99.9761
99.7132
99.6822
99.8187
99.8442
99.6907
99.763
99.9547
99.9321
99.6928
99.7706
99.8572
99.7358
99.7607
99.7826
99.8157
99.8705
98.0894
99.9464
99.8231
99.6713
99.7741
99.929
99.8745
99.9115
99.6646
99.8239
99.7541
99.4288
99.8296
99.4479
99.8562
99.7244
99.825
98.1921
99.9282
99.948
99.8239
99.7308
99.5159
99.8615
99.8202
99.7303
99.9219
99.7236
99.6273
99.7653
99.8403
99.8019
99.8534
99.9259
99.8565
99.6859
99.5057
98.2405
99.8894
99.8028
99.8769
99.7751
99.8423
99.8932
99.7934
99.9173
99.8288
99.4551
99.8556
99.9359
98.1899
99.7201
99.756
99.8149
99.4872
99.8316
99.8848
99.9414
99.8942
99.3593
99.7762
99.9627
99.7549
99.8546
99.9433
99.8686
99.7051
99.9047
99.943
99.7329
99.9056
99.85
99.9651
99.866
99.7791
99.9226
99.7214
99.8956
99.8315
99.8803
99.5037
99.7309
99.9197
99.9037
99.9058
99.9691
99.9151
99.8305
99.6339
99.9231
99.8521
98.3116
99.882
99.9662
99.5222
99.814
99.7059
99.7155
99.8354
99.7086
99.7031
99.9807
99.7951
99.9153
99.6392
98.2675
99.7659
99.946
99.9442
99.8454
99.6724
99.7845
97.1931
99.8459
99.8792
99.787
99.6697
99.6701
99.7109
99.9453
99.7454
99.4677
99.7844
99.7298
99.7898
99.8593
99.4165
99.588
99.6843
99.3578
99.7032
99.4533
99.7644
99.3883
99.3763
99.9411
99.7743
99.507
99.9118
99.7933
99.384
99.8259
99.5244
99.6079
99.8352
99.9271
99.8835
99.8168
99.444
99.9166
99.855
99.8966
99.8515
99.9491
98.2426
99.8238
98.1721
98.3027
98.2278
99.8741
99.4582
99.8247
99.6552
99.7559
98.3649
99.8822
99.6563
99.4057
99.4938
99.4683
99.817
99.7299
99.7259
99.7982
99.7307
99.9294
99.8669
99.8763
99.4765
99.778
99.7285
99.8399
99.9503
99.8552
99.9332
99.7389
99.7567
99.567
99.576
99.6197
99.9084
99.8651
99.7649
99.8872
99.4236
99.5679
98.3362
99.656
98.2238
99.6263
99.9467
99.6302
99.7378
99.9425
99.7172
99.8392
99.8583
99.9335
99.908
99.8466
99.4603
99.5111
99.7845
99.6749
99.803
99.8273
99.8918
99.9103
99.8411
99.852
99.8878
99.7391
99.7804
99.8657
99.9259
99.8404
99.8114
99.8264
99.9005
99.5894
99.8682
99.8134
99.3981
99.8059
99.8233
99.8036
99.8148
99.8932
99.8025
99.84
99.9122
99.8797
99.4185
99.9298
99.9286
99.8473
99.9526
98.3532
99.7825
99.6824
99.7572
99.8625
99.7308
99.681
99.7205
99.8008
99.4616
99.8675
99.8206
99.6501
99.7567
99.8429
99.5718
99.7704
99.8976
99.8466
99.8595
99.8885
99.8586
99.7325
99.9034
99.674
99.835
99.5332
99.8094
99.9109
99.8064
99.7765
99.6596
99.8301
99.8352
99.8535
99.821
99.7724
99.8563
99.8817
99.7091
99.4572
99.8959
99.5379
99.8678
99.8721
99.7716
99.7657
99.8528
99.4194
99.9292
99.9215
99.9746
99.8981
99.4901
99.8791
99.8628
99.8626
98.3162
99.7517
99.5314
99.9385
99.5009
99.8485
99.5578
99.6495
99.9422
99.8168
99.8126
99.4295
99.8223
99.9389
99.8895
98.276
99.859
99.5035
99.6221
99.6465
99.8887
99.7962
99.7649
99.8627
99.4674
99.7701
98.223
99.8596
99.7704
99.7705
99.9422
99.8966
99.8874
99.7395
98.2293
99.5502
99.4705
99.5308
99.5279
99.7503
99.8256
99.7026
99.5965
99.7109
99.4145
99.416
99.7539
99.7059
99.922
99.8102
99.4661
99.6003
99.9203
99.7393
99.5393
99.8041
99.9013
99.9097
99.8316
99.8692
99.7825
99.738
99.8846
99.6744
99.7867
99.8805
99.934
99.8142
99.4585
99.9278
99.8189
99.9503
99.9105
99.9451
99.4413
99.9256
99.958
99.7211
99.9087
99.9034
99.84
99.693
99.7681
99.4867
99.807
99.4626
99.5251
99.386
99.8118
99.7073
99.9355
99.6936
99.4144
99.7773
99.7035
99.909
98.2485
99.7074
99.743
99.9074
99.842
99.8052
99.7162
99.8596
99.8768
99.8533
99.7391
99.7303
99.943
99.8655
99.7596
99.6982
99.9105
99.7016
99.6749
99.8853
99.7537
99.6029
99.7624
99.8655
99.916
99.6975
99.8751
99.5405
99.4925
99.8538
99.7949
99.8527
99.6924
99.4687
99.558
99.6406
99.7666
98.3257
99.9041
99.9052
99.7999
98.1733
99.875
99.7456
99.9193
99.7958
99.7318
99.4136
99.5171
99.9632
99.5047
99.6823
99.8137
99.7264
99.8676
98.4186
99.5766
99.861
99.6549
99.8618
99.5228
99.9208
99.4881
99.7369
99.8838
99.4992
99.7471
99.8075
98.3113
99.9448
99.9229
99.9028
99.5638
99.785
99.8307
99.8447
99.5396
99.5918
99.9492
99.8555
99.8299
99.9365
99.3998
99.9095
99.763
99.9173
99.9292
99.8977
99.7489
99.5102
99.6998
99.4852
98.1907
99.7673
99.7077
99.9491
99.9317
99.8298
99.7395
99.9234
99.6587
99.958
99.9476
99.6881
99.9568
99.8866
99.9427
99.9297
99.8709
99.8945
99.9533
99.8993
98.1302
99.5011
99.4815
99.7923
99.4775
99.7637
98.226
99.7274
99.8196
99.8786
99.7623
99.7727
99.3682
99.8095
99.8589
99.9351
99.7249
99.7599
98.3295
99.7229
98.1046
99.9498
99.4055
99.8813
99.8846
99.8372
99.6652
99.8603
99.941
99.9472
99.8258
99.8455
99.6327
98.1548
99.9384
99.8987
99.5095
99.9594
99.4644
99.8638
99.7291
99.8404
99.6548
99.8394
99.926
99.9056
99.8142
99.5496
99.7066
99.769
99.7845
99.8042
99.751
99.8371
99.902
99.7695
99.9517
99.7752
99.8696
99.7593
99.9216
99.9138
99.7507
99.9654
99.8061
99.8528
99.9281
99.9189
99.3771
99.8433
99.6242
99.8094
99.8459
98.3763
99.8179
99.9053
99.7086
99.7809
99.7161
99.9236
99.8198
99.7581
99.7699
99.7749
99.751
99.9592
99.4581
99.9672
99.7769
99.9367
99.8723
99.8429
98.1184
99.4786
99.799
99.4445
99.5229
99.8075
99.9199
99.5298
99.8011
99.786
99.9464
99.4909
99.7308
98.1377
99.7314
99.8461
99.9117
99.5682
99.8702
99.6651
99.8588
99.5113
99.9208
98.3396
99.7838
99.7841
99.8862
99.8042
99.9522
99.5723
99.7611
99.626
99.716
99.9087
99.8955
99.7044
99.5663
99.7188
99.9316
99.7937
99.5279
99.7412
99.7609
99.7868
99.8337
99.9233
99.8391
98.2995
99.8469
99.8652
99.6288
99.904
99.3308
99.5146
99.8339
99.8171
99.6877
99.7418
99.9713
99.5334
99.7871
99.8858
99.7505
99.9006
99.7844
99.7447
99.7752
99.807
99.7262
99.6704
99.697
99.7263
99.7611
99.7191
99.7467
99.87
99.7325
99.8764
99.7236
99.5359
99.8025
99.8462
99.4456
99.7424
99.8277
99.8318
99.6889
99.9273
99.6611
99.9054
99.7049
99.8454
99.6882
99.866
99.9651
99.8311
99.7147
99.9328
99.7186
99.9014
98.2398
99.7901
99.4915
99.9301
99.9198
99.7873
99.7964
99.5627
99.8518
99.9361
99.7215
99.9442
99.7595
99.5957
98.2891
99.7591
99.9299
99.9396
99.7693
99.9349
99.8384
99.8145
99.9226
99.6792
99.598
99.9584
99.6299
99.8664
99.8087
99.7423
99.6616
99.7224
98.1545
99.4937
99.7379
99.8486
99.4561
99.8562
99.9028
99.7399
99.8049
99.8491
99.8311
99.7869
99.7885
99.8537
99.5526
99.4321
99.4759
99.5277
99.4516
99.5537
99.2775
98.2796
99.743
99.9233
99.7241
99.7193
99.8368
99.7074
99.8471
98.2179
99.7063
99.7736
99.5572
99.774
99.74
99.7324
99.7929
99.7453
99.6868
99.6415
99.8127
99.8239
99.7301
99.7261
99.9517
99.5424
99.351
99.8297
99.7673
99.8425
99.7635
99.7969
99.9494
99.9371
99.8817
99.9167
99.6993
99.8772
99.6051
99.8162
99.7175
99.8988
99.8518
99.951
99.9121
99.6597
99.5032
99.9666
99.2965
99.9423
99.29
98.3051
99.8908
99.842
99.8724
99.7123
99.8815
98.3422
99.7996
99.7295
99.78
99.7492
99.9303
99.8841
99.5639
99.9293
99.8284
99.8529
99.4138
99.9112
98.3404
97.2028
99.8384
99.8398
99.8732
99.5694
99.9522
99.8011
99.757
99.8805
99.239
99.5079
99.7574
99.9338
99.5798
99.8082
99.7571
99.9169
99.4567
99.3886
99.8003
99.5114
99.7906
99.8974
99.9271
99.6414
99.865
99.5335
99.8096
99.8894
99.5988
99.7878
99.8216
99.6787
99.5095
98.2495
99.858
99.9112
99.5378
99.5192
99.9349
99.9427
99.8311
99.6395
99.7979
99.9643
99.9111
99.8754
99.8311
99.8843
99.3008
99.8914
99.3826
99.8815
99.7933
99.6849
99.6213
99.9307
99.7943
99.4886
99.8569
99.8893
99.8756
99.8479
99.9156
99.8732
99.8311
99.867
99.3902
99.8853
99.7627
99.7753
99.314
99.8081
99.8226
99.7351
99.7071
99.8458
99.5843
99.7744
99.4678
99.9443
99.9082
99.4121
99.681
99.8654
99.9496
99.7995
99.9001
99.865
99.6747
99.8284
99.6828
99.7732
99.9016
99.961
99.3991
99.8705
99.7588
99.9415
99.7228
99.835
99.6537
99.9665
99.7173
99.6873
99.6163
99.8433
99.9095
99.9138
99.7664
99.873
99.851
99.9416
99.7416
99.711
99.9443
99.7911
99.5041
99.824
99.9352
99.9061
99.7571
99.6813
99.8683
99.7755
99.8498
99.8633
99.9154
99.8853
99.8177
99.8122
99.803
99.8814
99.796
99.9221
99.8541
99.8679
99.8547
99.7335
99.8575
99.7385
99.779
99.8269
99.9061
99.9334
99.5883
99.7306
99.916
99.8945
99.7793
99.7927
99.7084
99.7605
99.8404
99.7919
99.2011
99.878
99.9202
99.652
99.4707
99.4225
99.7852
99.793
99.9258
99.8428
99.8263
99.7149
99.9533
99.7768
99.6972
99.8989
99.8341
99.9799
99.9522
99.6798
98.2573
99.7925
99.7683
99.3798
99.824
99.7332
99.9213
99.7666
99.9229
99.7643
98.2186
99.8893
99.5124
99.6981
99.9359
99.7969
99.8944
99.4674
99.9039
99.4762
99.9128
99.5471
99.9308
99.9585
99.909
99.8415
99.8661
99.787
99.7753
99.5886
99.7887
99.7271
99.7524
99.8816
99.7313
99.4788
99.8563
99.8512
99.8287
99.7993
99.8832
99.7903
99.8061
97.1996
98.1789
99.8609
99.8405
99.9687
99.8412
99.8595
98.0852
99.4188
99.7675
99.8504
99.7985
99.9396
99.8375
99.6965
99.7235
99.753
99.8634
99.8247
99.9244
99.7429
99.8319
99.5327
99.814
97.2285
99.8435
99.8071
99.7363
99.7988
99.9346
99.4466
99.7882
99.8237
98.0888
99.7992
99.6035
99.8603
99.4888
99.7779
99.5722
99.8745
99.9229
99.4965
98.1947
99.5654
99.7824
99.8068
99.8266
99.6934
99.7918
99.8172
99.5
99.7885
99.5859
99.7847
99.7523
99.8934
99.9279
99.8351
99.8154
99.503
99.7938
99.9423
99.947
99.9095
99.5273
99.6895
99.8932
99.7973
99.883
99.797
99.8528
99.8112
99.8301
99.6635
98.235
99.4626
99.8587
98.2388
99.8802
99.6346
99.9496
99.7571
99.7817
99.7187
99.7813
99.8913
99.9139
99.755
99.8483
99.4729
99.8693
99.7036
98.2394
99.8184
99.8005
99.6961
99.9009
99.885
99.8821
99.8127
99.8391
98.1801
99.8424
99.7535
98.211
99.7786
99.8128
99.8805
99.9329
99.76
99.5816
99.8027
99.7819
99.9286
99.732
99.7792
99.7545
99.849
99.807
99.919
99.5397
99.8103
99.7012
99.8863
99.7708
98.1479
99.3794
99.4229
99.7725
98.2549
99.5486
99.7533
99.9522
98.2387
99.8627
99.709
99.8758
99.8176
99.5024
99.9025
99.7668
99.5099
99.437
99.9365
98.2678
99.883
99.8328
99.9206
99.5419
99.8705
99.7984
99.71
99.8157
99.3713
99.6195
99.702
98.2962
99.6656
99.8422
99.8231
99.9275
99.8136
99.6877
99.8404
99.7796
99.8059
99.4989
98.3023
99.8758
99.9301
99.9042
99.8964
99.5154
99.772
99.4665
99.9168
99.9027
99.8339
99.8517
99.6921
98.0476
99.728
99.9324
99.8347
99.8695
98.2346
99.8982
98.2862
99.8823
99.8423
99.8223
99.7244
99.9612
99.7875
99.7006
99.7734
99.7944
99.8058
99.9094
99.9548
99.9067
99.5476
99.9182
99.7939
99.8901
99.9031
99.8665
99.7341
99.6451
99.8221
99.7139
98.2387
99.7652
99.8483
99.9044
98.3086
99.4803
99.8634
99.712
99.885
99.7584
99.8472
99.9516
99.4572
99.8508
99.5553
99.7055
99.8173
99.4705
99.7751
99.647
99.7791
99.7735
99.5016
99.9073
99.7371
99.8162
99.8667
99.5171
99.9187
99.7796
99.6753
99.8732
99.7703
99.9072
99.8301
99.4743
98.2344
99.8637
99.6599
99.5686
99.7154
99.944
99.8909
99.8777
99.7905
99.8694
99.9235
99.8054
99.8971
99.6987
99.9027
99.6449
99.7284
99.9086
99.8659
99.5718
99.7512
99.5529
99.4588
99.9474
99.3931
98.3326
99.5731
99.5455
99.4497
99.7871
99.8725
99.9378
99.9456
99.8492
99.9541
98.3592
99.8417
99.7776
99.8133
99.846
99.9286
99.9298
99.4775
99.8129
99.9858
99.3105
99.7719
99.9346
99.5274
99.7041
98.1233
99.3915
99.9351
99.7218
99.9192
99.8299
99.774
97.2158
99.6447
99.7568
99.5211
99.8952
99.5298
99.825
99.7352
99.8734
99.7083
99.9433
99.8283
99.7698
99.8237
99.8444
99.5376
99.6627
99.4879
99.7381
99.7691
99.7917
99.9283
99.8489
99.7323
99.4807
99.7499
99.9088
99.8753
98.2895
99.8584
99.8899
99.819
99.8388
99.844
99.7188
99.6442
99.8613
99.7198
99.6706
99.8098
99.4802
99.7411
99.5387
98.2748
99.6733
98.262
99.8892
99.9554
99.5521
99.9393
99.7045
99.762
99.7345
99.8716
99.8452
99.8227
99.6918
99.827
98.2235
99.7424
99.875
99.9805
99.4945
99.8436
99.8645
99.8564
99.7627
99.8693
99.7354
99.858
99.9005
99.8867
99.4136
99.9418
99.8385
99.8199
99.8891
99.7835
98.3218
99.7754
97.2393
99.712
99.3667
99.7897
99.8052
99.8233
99.802
98.297
99.911
99.8152
99.8055
99.8884
99.8206
99.3673
99.8677
99.8716
99.8416
99.4075
99.9101
99.9187
99.9448
99.7987
99.9281
99.4899
99.945
99.7711
99.7299
99.8956
99.8693
99.9213
99.8111
99.8212
99.9366
99.5762
99.7393
99.8238
99.8715
99.858
99.5892
99.8069
99.8502
99.5885
99.985
99.915
99.6036
99.6992
99.6227
99.4736
99.8513
99.6986
99.7592
99.5147
99.9223
99.9504
99.8515
99.7269
99.8756
99.8455
99.9645
99.7617
99.8262
99.765
99.9395
99.8651
99.8895
99.7812
99.8441
99.4446
99.8626
99.9066
99.9696
99.854
99.8363
98.2974
98.1829
99.8518
99.7561
99.8891
99.8564
99.5691
99.4683
99.658
99.8976
99.8881
99.657
98.3284
99.9234
99.7843
98.2252
99.9332
99.8458
99.8131
99.7229
99.9559
99.8803
99.5084
99.8162
99.8132
99.9345
99.8038
99.4912
99.8665
99.7782
99.7257
99.7233
99.9099
99.8047
99.8131
99.8291
99.825
99.8808
99.8147
99.8106
99.8487
99.8211
99.8136
99.8941
99.7226
99.8738
99.8335
99.8593
99.82
99.6793
99.8804
99.3703
99.841
99.6122
99.8003
99.7079
99.4711
99.7213
99.3779
99.7462
99.8832
99.7874
99.7706
99.4125
99.7418
99.7857
99.8183
99.6562
99.7675
99.5191
99.8535
99.6289
99.8294
99.8923
99.7911
99.9353
99.7942
99.9247
99.6385
99.9495
99.9407
99.6187
99.7658
99.9565
99.8498
99.8829
99.8743
99.9297
99.6747
99.9257
98.3135
99.4542
99.926
99.7772
99.8274
99.824
99.5384
99.9172
99.725
99.708
99.6909
99.8703
99.8085
99.6702
99.4693
99.774
99.3989
99.8303
99.8312
99.5536
99.8302
99.9504
99.8205
98.3429
99.749
99.4702
99.8313
99.8201
99.9211
99.6318
99.7976
99.7278
98.1921
99.9195
99.4593
99.6977
99.9015
99.7495
99.8854
99.7467
99.8618
99.8384
99.7371
99.9415
99.9367
99.8503
98.3229
99.6198
99.8191
99.7638
99.9626
98.2689
99.777
99.5301
99.8332
99.906
99.9607
99.852
99.5163
99.7204
99.7992
99.8606
99.7779
99.6696
99.7519
99.9097
99.8384
99.7161
99.9383
99.8095
99.5614
99.8782
99.8054
99.8748
99.7506
99.8877
99.9529
99.5507
99.513
99.8454
99.7235
99.6874
99.5065
99.7938
99.9082
99.9632
99.8188
99.5596
99.9139
99.9104
99.8143
99.5012
98.296
98.2733
99.2951
99.8185
99.3522
99.8399
99.8026
99.8293
99.4658
97.1981
99.8442
99.5069
99.957
99.8566
99.746
99.8878
99.7638
99.5512
99.8029
99.8838
99.8264
99.8871
99.8182
99.9783
99.3505
99.8216
99.7856
99.8259
99.9131
99.7784
98.3007
99.7577
99.837
99.8823
99.7904
99.8186
99.8205
99.7153
99.8475
99.8907
99.8511
99.4186
99.7082
99.8731
99.9143
99.6234
98.3491
99.7685
99.8642
99.8299
99.8199
99.8124
99.919
99.894
99.7269
99.8618
99.541
99.8508
99.8367
99.8033
99.9244
99.4504
99.5836
99.5023
99.7838
99.8219
99.5378
99.7803
99.887
99.5631
99.7302
99.6001
99.4353
99.696
99.937
99.7912
99.8777
99.8469
99.8805
99.5312
98.3613
99.7607
99.945
98.2516
99.8557
99.9359
99.7036
99.5405
98.2704
99.957
99.6644
99.6898
99.8593
99.8911
99.8367
98.2366
99.5496
99.5788
99.8718
99.7475
99.8623
98.1844
99.6866
99.7967
99.5201
99.463
99.7032
99.7763
99.8646
99.9298
99.888
99.6356
99.7766
99.9565
99.8016
99.7877
99.5642
99.8304
99.7904
99.951
99.7892
99.9
99.9243
99.8247
99.9086
98.2237
99.9287
99.4721
99.9463
99.8284
99.8
97.2499
99.7755
99.962
99.8735
99.8384
99.5282
99.9283
99.9763
99.9406
99.7037
99.8745
99.5599
99.475
99.8656
99.7968
99.7605
99.7442
99.5199
99.8644
99.7894
99.7886
99.7832
99.7519
99.8856
99.7985
99.7448
99.7865
99.8648
99.5822
97.1682
99.8315
99.8486
99.9282
99.5023
99.8672
99.5359
99.3984
99.8009
99.8417
99.8564
99.9398
99.8427
99.3389
99.8093
99.8462
99.8472
99.756
99.5397
99.6572
99.7583
99.7906
99.8211
99.8907
99.4989
99.3943
99.7707
99.8639
99.7949
99.4018
99.5191
99.9629
99.5032
99.773
99.8135
99.7359
99.4909
99.9172
99.8221
99.8237
99.8427
99.6934
99.6722
99.8504
99.8325
99.7782
98.3294
99.8608
99.8739
99.8446
99.7995
99.7266
99.5167
99.8789
99.7769
99.8273
99.9405
99.5464
99.8721
99.735
99.8188
99.7969
99.8271
99.6408
99.9134
99.8414
98.2152
99.8304
99.9171
99.8333
99.367
99.801
99.9441
99.7521
99.7912
99.7714
99.907
99.4728
99.5849
99.8121
99.8435
99.9174
99.7935
99.8015
99.6836
99.9136
99.7862
99.9807
99.775
99.873
99.9013
99.9635
98.1941
99.9579
98.3343
99.5512
99.8362
99.7063
99.9061
99.8931
99.7943
99.8752
99.9378
99.5372
99.6091
99.7299
99.6175
99.7947
99.9195
99.7494
99.7917
98.3056
99.768
99.8437
99.5489
99.4988
99.5391
99.9324
99.887
99.8892
99.8207
99.9319
99.2865
99.7903
99.4362
99.791
99.811
99.8004
99.8246
99.8787
99.4647
99.548
99.8627
99.8486
99.8651
99.7843
99.8702
99.9349
98.3547
99.7372
99.4675
99.4078
99.9157
99.8081
99.7484
98.3337
99.8123
99.9194
99.9334
99.8037
99.871
97.2376
99.8443
99.8627
99.7164
99.9584
99.6822
99.6936
99.7392
99.8674
99.7724
99.8318
99.8023
99.4443
99.7828
99.7446
99.5443
99.5479
99.851
99.8322
99.8316
99.5871
99.8669
99.8707
99.7478
99.7928
99.8076
99.7587
99.894
99.9489
99.694
99.8483
99.8927
99.9265
99.9555
99.859
99.7581
99.7787
99.7176
99.6885
98.1477
99.7674
99.6371
99.8807
99.8932
99.7808
99.9738
99.8156
99.6881
99.9055
99.622
99.8408
99.7699
99.924
99.5119
99.7333
99.7711
99.4776
99.9263
99.8872
99.8061
99.7647
99.8378
99.8268
99.7366
99.8652
99.9279
99.5404
99.4763
98.1931
99.7262
99.9488
99.8635
99.3134
99.894
99.5414
98.3706
99.8612
99.8276
99.7396
99.9156
99.4285
99.6356
99.7582
99.7577
99.961
99.9317
99.7839
99.9032
99.7774
98.1432
99.4982
99.5007
99.9022
99.7364
99.4897
99.7362
99.7663
99.5152
99.923
99.8069
99.6978
99.7888
99.8031
99.793
99.8371
99.9907
99.7918
99.934
99.7679
98.2423
99.8353
99.4865
99.922
98.1861
99.7402
99.8746
99.7488
99.8245
99.7506
99.867
99.9177
99.6213
99.7936
99.8407
99.8012
99.9553
99.5562
99.7601
99.5993
99.8207
99.8486
99.408
99.9175
99.8395
99.7931
99.5151
99.9649
99.8216
99.6793
99.762
99.7711
99.9124
99.715
99.6235
99.8326
99.9026
99.7634
99.8207
99.7442
99.8799
99.8068
99.8648
99.6295
99.5836
99.8273
98.256
99.8971
99.8067
99.3832
99.827
99.8535
99.8998
99.8907
99.8536
99.74
99.9652
99.9408
99.5356
99.8103
99.7823
99.6991
99.8282
99.855
99.953
99.5627
99.8053
99.5167
99.8627
99.9373
99.5017
99.9314
99.7395
99.734
99.8392
98.2763
99.6905
99.7752
99.7818
99.4482
99.6652
99.7
99.4856
99.4329
99.7187
99.9053
99.8717
98.0962
99.8256
99.9165
99.5129
99.7283
99.8338
99.8593
97.1794
99.4504
99.5686
99.8888
99.858
99.7693
99.7312
99.7735
99.8391
99.8643
99.7839
99.8313
97.2428
99.9641
99.5319
99.8482
99.7396
99.6361
99.9058
99.6874
99.6906
99.763
99.8824
99.8652
99.7384
99.8223
99.7619
99.8453
99.9276
99.7054
99.4241
99.7044
99.4741
99.8043
99.5096
99.8446
99.7855
99.7874
99.7865
99.6831
99.7765
99.7756
99.3833
99.8186
99.7935
99.4425
99.5307
99.9413
99.8805
99.5265
99.6724
99.8633
99.8054
99.8895
99.7415
99.7883
99.8718
99.5325
99.9534
99.89
99.9096
99.7254
99.8071
98.2756
99.8597
99.9068
99.8924
99.8087
99.9
99.9216
99.8768
98.2243
99.9148
99.8224
99.8502
99.683
99.7419
99.6322
99.4621
99.7666
99.8238
99.8749
99.9112
99.5164
99.9385
99.9495
99.8215
99.5439
99.4826
99.5069
99.8845
99.6709
99.5358
99.8198
99.8211
99.7938
98.2534
99.8599
99.7285
99.812
99.6592
99.7032
99.8691
99.7654
99.9115
99.8317
99.4733
99.7235
99.9374
99.6814
99.6895
99.9007
99.7621
99.8666
99.7447
99.7604
99.7574
98.289
99.8924
98.3347
99.806
99.7333
99.9847
99.4154
99.634
99.7224
98.235
99.6973
99.8644
99.9322
99.8249
99.6642
99.7182
99.9381
99.8573
99.4742
99.8186
99.6199
99.7387
99.796
99.4854
99.8136
99.5419
99.9065
99.9575
99.8711
99.4882
99.9606
99.7212
99.9244
99.5299
99.8071
98.2508
99.465
99.9093
99.7819
99.37
99.8508
99.8953
99.6868
99.7555
99.518
99.8219
99.6501
99.5117
99.5111
99.9107
98.2912
98.2521
99.7686
99.9072
99.8116
99.9145
99.4422
99.6068
99.758
99.9255
99.3955
99.8173
99.9097
99.891
99.5501
99.8053
99.7721
99.9262
99.8042
99.9794
99.7938
99.8614
99.8688
99.8626
99.7567
99.7914
99.7194
99.881
99.518
99.9
99.4838
99.9321
99.8243
99.7362
97.2574
99.5832
99.8691
99.7014
99.9067
99.936
99.4645
99.7328
99.8319
99.886
99.9154
99.4085
99.8447
98.2233
99.7314
99.7979
99.6102
99.7959
99.8195
99.8388
99.4863
99.7969
99.9424
99.9648
99.9102
99.7835
99.9244
99.9378
99.7258
99.7374
99.6706
99.7772
99.8205
99.9443
99.9582
99.4618
99.8379
99.4452
99.8216
99.8166
99.4782
99.7362
99.9393
99.9623
99.6712
99.6726
99.8023
99.5459
99.8783
99.8975
99.534
99.8671
99.947
99.5042
99.7725
99.7194
99.8091
99.894
99.7867
99.8033
99.7604
99.8083
99.7124
99.7798
99.7925
99.5292
99.8559
99.8119
99.472
99.8733
99.5684
99.9551
99.6442
99.8266
99.4877
99.8243
99.8127
99.4864
99.8726
99.9561
99.7968
99.1197
99.8742
99.7978
99.925
99.8524
99.8628
99.7259
99.9292
99.7557
99.819
99.8368
99.7413
99.9259
99.4038
98.2874
99.7649
99.754
99.9362
99.7504
99.8468
99.888
99.9176
98.283
99.9151
99.7373
99.7368
99.8509
99.827
99.8068
99.7513
99.6267
99.6183
99.83
99.9341
99.8509
99.4992
99.785
99.9337
99.7696
99.4776
99.5966
99.8261
99.9061
99.7714
99.8725
99.6234
99.8428
99.8097
99.8356
99.7418
99.5666
99.5011
99.7561
99.7334
99.8717
99.8752
99.7924
99.829
99.8626
98.1772
99.7838
99.9449
99.7869
99.866
99.8203
99.7674
99.8274
99.7573
99.7931
99.899
99.8045
99.8573
99.9766
99.8385
99.7787
99.9354
99.7431
99.8623
99.7503
99.9377
99.5269
98.284
99.9227
99.7189
99.9337
99.7823
99.8295
99.9214
99.8567
99.8932
99.8727
99.5358
99.888
99.6965
99.9177
99.8744
99.7998
99.7662
99.4734
99.8446
99.9236
99.4517
99.7724
99.5027
98.2473
99.4333
99.7775
99.4021
99.7886
99.828
99.453
99.7526
99.7786
99.2803
99.8934
99.7135
99.7304
99.8086
99.7193
99.773
99.8813
99.8452
99.771
99.756
99.8127
99.9405
99.7008
99.5286
99.6038
98.3094
99.7419
99.8977
99.8146
99.7511
99.5112
99.7414
98.3681
99.6529
99.9268
99.7099
99.7607
99.8849
99.6025
99.5615
99.7088
99.8079
99.8924
99.8653
99.8339
99.8376
99.7466
99.942
99.7839
99.4932
99.4943
99.917
99.9401
99.7737
99.6546
99.2581
99.4732
99.9425
99.8422
99.8526
99.8394
99.7483
99.9177
99.6996
99.7777
99.564
99.7099
99.8763
99.7562
99.8919
99.8767
99.5256
99.5489
99.941
99.808
99.9231
99.7905
99.9381
99.9472
99.7233
99.8996
99.8638
99.9166
99.7733
99.7873
98.2378
99.8474
99.7226
99.7307
99.7686
98.2467
99.6671
99.9331
99.7174
99.885
99.7519
99.5744
99.8394
99.5495
99.879
99.8737
99.8874
99.7945
99.6481
99.8955
99.8266
99.7448
99.9123
99.7642
99.9057
99.8187
99.8342
99.6728
99.7236
99.6581
99.8612
99.8258
99.8617
99.9529
99.9171
99.7715
99.8803
99.5306
99.5057
99.8653
99.509
99.52
99.7638
99.6053
99.8293
99.8911
98.2525
99.7668
99.8395
99.5192
99.871
99.8609
99.701
99.8279
99.9078
99.6901
99.8623
99.7687
99.8467
99.7199
98.3186
98.2703
99.399
99.4612
99.8476
99.9407
99.4869
99.8385
99.903
99.8379
99.9192
99.7896
99.4375
99.5167
99.833
99.9633
99.5833
99.9339
99.6915
99.9053
99.9344
99.7472
99.8792
99.8262
99.4645
99.9502
99.7158
99.7806
99.8911
99.7611
99.8596
99.7882
99.7149
99.6379
99.6536
99.784
99.8454
99.8514
99.9028
99.4673
98.288
99.9478
99.8199
99.7384
99.9641
99.8916
99.894
99.5602
99.934
99.9299
99.6572
99.7858
99.5325
99.8427
99.8113
99.7649
99.894
99.8512
99.5829
99.8256
99.4299
99.5598
99.6657
99.3384
99.7278
99.7053
99.4474
99.8731
99.841
99.502
99.7224
99.8469
99.5427
99.9335
99.7741
99.7568
98.2548
99.8232
99.3497
99.8111
99.4761
99.2556
99.7565
99.9007
99.8063
99.9111
99.8754
99.8357
99.9197
99.9206
99.378
99.6967
99.8917
99.8883
99.7547
99.6892
99.7899
99.5291
98.3066
99.7975
98.3405
99.9403
99.9053
99.8409
99.4792
99.8247
99.9808
99.8907
99.8233
99.9502
99.8388
99.9894
99.7553
99.8508
99.8393
99.7999
99.4335
99.7708
99.9048
99.8326
99.7854
99.8774
99.7462
99.4627
99.8116
99.8519
99.6967
99.4307
99.8368
99.7644
99.8904
99.9286
99.8968
99.6864
99.8489
99.8773
99.8976
99.8589
99.5965
99.7492
99.7602
99.7145
99.5012
99.8498
99.8334
99.428
99.7845
99.7823
99.5504
99.7393
99.8669
99.8635
99.7969
99.96
99.7921
99.8096
99.7247
99.8141
99.685
99.6486
99.6785
99.8663
99.9748
99.7991
99.806
99.7062
99.9242
99.5018
99.905
99.7758
99.8045
99.8567
99.6306
99.8794
99.6727
98.2771
99.7762
99.8239
99.4167
99.8774
99.7454
99.8216
99.4791
99.4674
99.841
99.386
99.3837
99.898
99.4269
99.7659
99.7824
99.8977
99.7198
99.9947
99.776
99.9169
99.8186
99.951
99.8752
99.771
99.7317
99.8397
99.9011
99.6326
99.8201
99.8311
99.468
99.9128
99.7197
99.871
99.9581
99.8731
99.6569
99.9014
99.8383
99.7447
99.7949
99.7785
99.9044
99.6156
99.8532
99.8871
98.3502
99.8317
97.2915
99.7526
99.8644
99.678
99.813
99.801
99.8459
99.9228
98.318
99.5641
99.9149
99.7284
99.4231
99.7766
99.8798
99.824
99.6463
99.8534
99.8793
99.6044
98.2475
99.3624
99.6538
99.7634
99.6718
99.7247
99.6456
99.5827
98.1818
99.7475
99.5614
99.7664
99.8322
99.9417
99.8774
99.8894
99.8747
99.6927
99.5711
99.5374
99.8302
99.7866
99.4889
99.8476
99.5069
99.6791
99.5406
99.738
99.8593
99.8994
99.796
99.7575
99.9359
99.9428
99.5398
99.7906
99.792
99.8256
99.851
99.7256
99.4641
99.8635
99.753
99.955
99.9108
99.9097
99.7553
99.847
99.9541
99.7848
99.7947
99.7618
99.7685
99.5552
99.4981
99.7756
99.847
98.3277
99.4579
99.3945
99.9658
99.5115
98.4252
99.71
99.9577
99.6163
99.9334
99.8058
99.8065
99.3497
99.8691
99.8138
99.8404
99.7331
99.8687
99.8018
99.8538
99.7683
99.7858
99.6586
99.5349
99.7413
99.836
99.8602
99.8057
99.9248
99.8827
99.8213
99.8743
99.4527
99.8122
99.7539
98.3341
99.9006
99.5071
99.4245
99.8566
99.7352
99.8302
99.7883
99.2054
99.9684
99.8067
99.8271
99.8261
99.7999
99.6903
99.9507
98.4549
99.7082
99.8772
99.7789
99.773
99.94
99.5576
99.749
99.501
99.4599
99.8567
99.6399
99.9352
99.5578
99.6424
99.9063
99.495
99.7484
99.5682
99.7172
99.4051
99.7887
99.7318
99.7773
99.8886
99.7976
99.9502
99.7986
99.4719
99.8101
99.5683
99.831
99.8473
99.7671
99.7699
99.9606
99.8522
99.6767
99.9413
99.8578
99.7004
99.8111
99.6932
99.4994
99.7596
99.6639
99.7859
98.3548
99.9529
99.6996
99.8053
99.4941
99.9044
99.9406
99.4429
99.7667
99.9585
99.8206
98.2787
99.952
99.72
99.8324
99.4763
99.7198
99.8466
99.5073
99.5347
99.8848
99.3492
99.8269
99.8943
99.6771
99.9403
98.3796
99.9762
99.563
99.5467
99.7117
99.7918
99.9266
99.9736
99.8721
99.9079
99.702
99.874
99.76
99.8967
98.2152
99.4838
98.3522
99.8891
98.3239
99.9201
99.7714
99.4553
99.753
98.3325
99.8989
99.9104
99.7904
99.846
98.3194
99.8847
99.6601
99.7653
99.5507
99.5565
99.8693
99.4857
99.8372
99.7257
99.7638
99.6862
98.2144
99.8434
99.8096
99.8875
99.841
99.6934
99.7436
99.8089
99.7057
99.8536
99.8113
99.6846
99.7922
99.4559
99.9401
99.896
99.4582
99.5222
99.8891
99.5277
98.283
99.8975
99.8617
99.7935
99.7635
99.619
99.8302
99.778
99.9103
99.7992
99.9226
98.3174
99.9592
99.9497
99.5257
99.7741
99.5088
99.8399
99.8674
99.796
99.8257
99.7728
99.4745
99.7582
99.7465
99.8872
99.8147
99.797
99.9385
99.4985
99.8489
99.5358
99.9369
99.9335
99.9343
99.4937
99.8503
99.8872
99.7281
99.9202
99.8099
99.9626
99.7359
99.7173
99.5516
99.8733
99.9274
99.7642
99.8058
99.8814
99.8445
99.3996
99.8354
99.7628
99.4628
99.4779
99.8498
99.4643
99.9038
99.6559
99.4936
99.9513
99.5901
99.7288
99.9209
99.4791
99.8639
99.6334
99.942
99.7435
99.534
99.4719
99.5704
99.7316
99.8284
99.703
99.8391
99.6964
99.9278
99.8451
99.7916
99.8434
99.5125
99.8968
99.7818
99.8297
99.8246
99.5501
99.7321
99.6433
99.481
99.6069
99.6621
99.8658
99.8866
99.9251
99.8907
99.7848
99.9279
98.3144
99.7133
99.9437
99.8442
99.8384
99.9674
99.4556
99.8251
99.4112
99.4852
99.7658
99.5018
99.6152
99.7979
99.8442
99.5852
99.62
99.9628
99.8693
99.8699
99.8548
99.789
99.7918
98.1316
99.8241
99.4747
99.8563
99.7968
99.7735
99.707
99.741
99.7344
99.7046
99.7671
99.7089
99.9303
99.9389
99.8053
99.6944
99.7282
99.7506
99.8592
99.7006
99.7432
99.8533
99.9271
99.8511
99.7913
98.3003
99.7174
99.8033
98.2029
99.7958
99.7964
99.9409
99.8261
99.7658
99.8562
99.5469
99.6901
99.7737
99.9566
99.9215
99.8169
99.7914
98.1783
99.8683
99.7728
99.7668
99.8439
99.7366
99.5281
99.8169
99.7298
99.9221
99.9874
99.4308
99.5226
99.8688
99.8216
99.8891
99.6199
99.962
99.9862
98.1334
99.7868
99.8398
99.7088
99.8963
98.2034
99.6889
99.8942
99.9556
99.7464
99.3576
99.2862
99.6348
99.4482
99.7189
98.2248
99.5295
99.4496
99.8744
99.8148
99.7507
99.8155
99.9087
99.78
99.5644
99.4748
99.7184
99.7716
99.7177
99.8339
99.3953
99.9564
99.7281
99.5456
99.9387
99.7991
98.1754
99.7294
99.8338
99.7966
99.9557
99.8203
99.9348
99.3571
99.6699
99.6194
99.9424
99.9237
99.8707
99.7973
99.4385
98.2532
99.8398
99.7926
99.9261
99.864
99.9392
99.7909
99.8306
99.9564
99.9127
99.8323
99.8188
99.8085
99.8098
99.8933
99.8009
98.3414
99.7899
99.7535
99.8672
98.2147
99.8366
99.8113
99.453
99.9287
99.8732
99.9529
99.7265
99.9443
99.4569
99.8709
99.7351
99.4875
99.9515
99.8399
99.7879
99.732
99.9082
99.894
99.9056
99.408
99.4268
99.7586
99.8339
99.8505
99.4467
99.6476
99.6931
99.8295
99.5135
99.8262
99.8662
99.7463
99.8638
99.856
99.8768
99.7998
99.7743
99.875
99.6296
99.8305
99.8605
99.7709
99.7442
99.6638
98.3665
99.4978
99.8106
98.2903
99.4499
99.8788
99.8315
99.5286
99.8836
99.7908
99.8645
99.5237
99.8033
99.9081
99.8888
99.4517
99.5016
99.8176
99.8325
99.9306
99.8411
99.8487
99.6651
99.5786
99.9481
99.9249
99.952
99.8885
99.4648
99.9097
99.8678
99.8637
99.7023
99.6701
99.8909
99.8125
99.9544
99.7883
99.9304
99.7777
98.3018
99.5562
99.7242
98.317
99.9495
98.2546
99.9395
99.8722
98.2741
99.7368
99.6501
99.8616
99.9451
99.9088
99.8425
98.1409
99.9541
99.8125
99.652
99.7237
99.7657
99.7951
99.7748
99.5377
99.6228
99.8385
99.7819
99.9341
99.8372
99.8536
99.9401
99.4378
99.9214
99.9148
99.9368
99.8018
99.9315
99.7956
99.7864
99.7381
99.9584
99.9204
99.8797
99.9523
99.8403
99.5508
99.6893
99.7638
99.9164
99.3722
99.899
99.8814
99.4637
99.4725
99.8635
99.7853
99.8771
99.8506
99.731
99.9144
99.7949
99.7473
99.3415
99.9326
99.4868
99.9379
99.7143
99.9423
99.8797
99.7332
99.7403
99.8895
99.8188
99.6342
99.4672
99.7807
99.8203
99.928
99.7445
99.8167
99.8704
99.9024
99.7304
99.7085
99.6882
99.7637
99.7552
99.5965
99.9171
99.8947
99.7086
99.7418
99.9861
99.8931
99.4203
99.9472
98.2825
99.838
99.9454
99.8854
99.8668
99.8213
99.8618
99.6327
99.7571
99.7725
99.9144
99.6563
99.8491
99.3918
99.9297
99.5175
99.8679
99.5222
99.7571
99.9176
99.7703
99.7841
99.7995
99.9336
99.8428
99.5677
99.7979
99.7575
99.6883
99.9249
99.6995
99.8016
99.7679
99.9111
99.8241
99.8219
99.5711
99.8081
99.7405
99.52
99.8865
99.4918
99.9525
99.7811
99.8078
99.9272
99.7918
99.9491
99.8689
99.9518
98.3204
99.7866
99.5058
99.7068
99.9417
99.9276
99.8612
99.8949
99.8321
99.9197
99.907
99.9083
99.38
99.8189
99.954
99.8272
99.985
99.9116
98.213
99.7822
99.7913
99.6988
99.8727
97.176
99.4199
99.8556
99.7148
99.7746
99.8954
99.8192
99.9428
98.2264
99.8514
99.8823
99.8835
99.7326
99.7349
99.6529
99.6974
99.8577
99.9055
99.868
99.4872
99.7689
99.7026
99.8578
99.9307
99.8808
99.935
99.8871
99.8233
99.9584
99.7231
99.4584
99.8782
99.6863
99.9684
99.7987
98.1864
99.8294
99.9129
99.8109
99.94
99.8209
99.9558
98.358
99.5819
99.3414
99.9909
99.5542
99.7759
99.6154
99.8574
99.7232
99.9275
99.7728
99.9544
99.4157
99.6957
99.8575
99.8522
99.7364
99.8118
99.4572
99.5557
99.7409
99.5208
98.22
99.7809
99.9489
99.7454
99.7688
99.8867
99.8755
99.8148
99.8885
99.4882
99.9515
98.3724
99.7315
98.142
99.9755
99.8393
99.7991
99.838
99.3522
99.8297
99.8971
99.8037
99.6694
98.2979
99.8016
99.7763
99.9562
99.9529
99.9425
99.4785
99.8469
99.777
99.9782
99.4637
99.7377
98.3185
99.7722
99.7436
99.8057
99.7844
99.3907
99.5336
99.7916
99.7997
99.9322
99.8647
99.9656
99.8889
99.8748
99.4505
98.3745
99.9165
99.7199
99.5957
99.8222
99.7073
99.9037
99.6736
99.8574
99.8551
99.739
99.7806
99.6942
99.7276
99.8085
99.7153
99.8266
99.73
99.5342
99.7909
99.7615
99.7592
99.8331
99.8674
99.8662
99.8512
99.835
99.8116
99.7779
99.9371
99.7723
99.9356
99.8471
98.2979
99.4435
99.8079
99.7692
99.6791
99.7535
99.7392
99.5524
99.8023
99.7709
99.8932
99.9506
99.7167
99.7636
99.8842
99.8591
99.7262
99.9543
99.8706
99.4979
98.326
99.9188
99.5023
99.9049
99.9122
98.2669
99.5049
99.7162
99.7239
99.7686
99.7796
99.8148
99.6617
99.8588
99.8017
97.9861
99.7829
99.5038
99.4573
99.8168
99.834
99.6605
99.9545
99.6978
99.7093
99.4929
99.8054
99.8593
99.8311
99.8165
99.7569
99.7569
99.9293
99.8886
99.8505
99.7725
99.9819
99.8131
99.8102
99.8988
99.9377
99.9282
99.9314
99.6781
99.709
99.4253
99.8177
99.7417
99.5315
99.6436
99.7436
99.747
99.7644
99.7183
99.8918
99.8524
99.7782
99.8502
99.7128
99.425
99.5676
99.8372
99.9022
99.7717
98.3784
99.8284
99.7798
99.8953
99.7806
98.3428
99.8578
99.7715
99.7686
99.9398
99.8258
99.5509
99.4452
99.9396
99.7367
99.4061
99.851
99.5367
99.8419
99.7988
99.586
99.7875
99.8664
99.8978
99.8019
99.9074
99.8668
99.8237
99.9015
99.6988
99.7898
99.7187
99.6511
99.6358
99.4764
99.8991
99.8337
99.727
99.42
99.8856
99.8877
99.7271
99.608
99.716
99.7501
99.7125
99.5908
99.627
99.8173
99.887
99.7987
99.3516
99.856
99.3874
99.8792
99.52
99.796
99.8624
99.9416
98.3394
99.4773
99.5393
99.6606
99.7376
99.6912
99.9481
99.8855
99.7311
99.8598
99.5586
99.7705
99.8078
98.2151
99.659
99.9407
99.4743
99.741
99.7313
99.8559
98.2521
99.6278
99.9405
99.8772
99.7953
99.9023
98.114
99.6458
99.8467
98.2851
99.9207
99.7236
99.7262
99.9247
99.7993
99.5276
99.8202
99.6331
99.818
99.8335
99.7404
99.5269
99.836
99.7542
99.9583
99.788
99.6319
99.811
99.707
99.8263
99.7575
99.4793
99.7188
99.6987
99.5643
99.8025
99.9473
99.9167
99.8089
99.8326
99.6854
99.7438
99.8379
99.8799
99.7598
99.6465
99.7649
99.8166
99.7368
99.9055
99.9605
99.7145
99.8265
99.6897
99.8208
99.9456
99.7975
99.9534
99.7969
99.7707
99.9516
99.6892
99.7586
99.8513
99.7876
99.7364
99.9008
99.8184
99.882
99.7972
98.2894
99.8158
99.8929
99.8866
99.8385
99.7947
99.7023
99.4522
99.5358
99.8297
99.743
99.5897
99.6364
99.8625
99.8072
99.8282
99.7085
99.9199
99.7073
99.7021
99.8627
99.8877
99.6748
99.8264
99.563
99.8424
99.812
99.7809
99.9055
99.8196
99.9227
99.8042
99.6888
99.69
99.7399
99.8459
99.8326
98.294
99.9315
99.4498
99.9321
99.8172
99.8977
99.4842
99.7364
99.7595
99.8704
99.8397
99.9349
99.7681
99.5152
99.8382
99.6939
99.7873
99.9107
99.7659
99.7439
98.3134
99.7286
99.8202
99.8542
99.5055
99.8526
99.8708
99.8021
98.3403
99.9139
99.7592
99.7672
99.8734
99.819
99.8686
99.6266
99.8393
99.6186
99.975
99.9238
99.7969
99.8287
98.3269
99.878
99.399
99.714
99.9214
99.8292
99.6948
99.9411
99.4859
99.9263
99.4079
98.2772
99.6891
99.7495
99.8335
99.4046
99.6953
99.7328
99.552
99.7631
99.4592
99.8325
99.8269
99.4579
99.9383
99.5596
99.7173
99.8503
99.8513
99.658
99.8449
99.4904
99.9383
99.4713
99.879
99.6918
99.7122
99.7482
99.4276
99.6757
99.8796
99.5098
99.7425
99.7693
99.4833
99.7376
99.7645
98.314
99.8107
99.8565
99.86
99.7526
99.5038
99.9207
99.8279
99.816
99.8185
99.8946
99.4314
99.8587
99.8554
99.4003
99.9355
99.825
99.9285
99.9305
98.2329
99.8518
99.8274
99.835
99.7979
99.498
99.508
99.9161
99.7075
99.7721
99.8053
99.4743
99.7621
99.7152
99.4744
99.8229
99.7317
99.8977
99.417
99.519
99.702
99.7945
99.8433
99.9305
99.535
99.6198
99.9342
99.4401
99.8341
99.7278
99.8377
99.7512
99.472
99.7952
99.7302
99.8519
99.6544
99.2096
98.1581
99.8249
99.8267
99.9258
98.1341
98.3407
99.8521
99.7824
99.6582
99.8805
99.6987
99.8428
99.5511
99.55
99.9575
99.8048
99.7727
99.8988
99.8689
99.7611
99.7465
98.2904
99.7751
98.3738
99.714
99.6992
99.8105
99.8513
99.9666
99.8299
99.8255
99.8212
99.7481
98.1537
98.2539
99.4545
99.7286
99.8598
98.2345
99.9261
99.9032
99.5506
99.8727
99.9209
99.694
99.9243
99.9498
98.2515
99.7996
99.7883
99.8582
99.858
99.6126
99.6561
99.7141
99.799
99.3892
99.7891
98.2063
99.8808
99.8446
99.8323
97.2691
99.778
99.6692
99.8191
99.6638
99.799
99.875
99.8375
99.8662
98.2521
99.4293
99.5409
99.426
99.4557
99.7244
99.9409
99.5711
99.7921
99.942
99.8359
99.4261
99.6942
99.4262
98.2993
99.7658
99.5622
99.9355
99.6026
99.9131
99.7708
99.9224
99.7911
99.8055
99.8677
99.8279
99.5302
99.8711
99.8628
99.5407
99.8394
99.8537
99.9371
99.8704
99.7559
99.8636
99.4535
99.9196
99.9127
99.4537
99.922
99.7804
99.7945
99.8507
99.8204
99.936
99.8035
99.8371
97.7861
99.4979
98.2515
99.5764
99.7985
99.8798
99.9613
99.5776
99.4612
99.8353
99.5768
99.6974
99.942
99.8416
99.5466
99.4829
99.7432
99.57
99.8556
99.7305
98.191
99.9796
99.8557
99.7312
99.8567
99.451
99.8449
99.8287
99.7905
99.7638
99.8752
99.8484
99.8919
99.9085
99.8759
99.8503
99.9471
99.8648
99.7677
99.5483
99.7599
99.7909
99.831
99.4783
99.747
99.7899
99.7083
99.7282
99.7035
99.408
98.2833
98.338
98.3255
99.8085
99.8062
99.8856
99.714
99.5818
99.7673
99.8703
99.8772
98.2907
98.2842
99.7136
99.84
99.8253
98.2178
99.9298
99.5928
99.8233
99.3699
99.9383
99.861
99.9353
99.8472
99.4805
99.8403
99.5342
99.8664
99.5061
99.8401
99.4818
99.7913
99.8806
99.7783
99.3439
99.8851
99.8495
99.7933
99.4539
99.9323
99.8039
99.4675
99.7222
99.8533
99.5108
99.7666
99.5488
99.933
99.8529
99.6322
99.8595
99.8536
99.9251
99.3916
99.7674
99.7553
99.8117
99.8206
99.4336
98.2548
99.4391
99.8054
99.7547
99.4118
99.7559
99.8675
99.7776
99.899
99.8039
99.8744
99.8754
99.7776
99.4223
99.7404
99.9828
99.9711
99.5392
99.6998
99.9378
99.7702
99.7695
99.8173
99.7763
99.4728
99.3964
99.9225
99.8062
99.7997
99.5496
99.8327
99.7805
99.8012
99.9124
99.548
99.7439
99.9014
99.7642
99.3865
99.3744
99.879
99.8542
99.776
99.4394
99.9692
99.8255
99.8777
98.2365
99.8721
99.7942
99.6648
99.9453
99.8741
99.8335
99.8641
99.86
99.8717
99.4962
99.7966
99.564
99.8433
99.771
99.8053
99.6679
99.7733
99.7203
99.9347
99.691
99.8522
99.8525
99.3928
98.2278
99.8038
99.7155
99.8051
99.863
99.9311
99.9245
99.7791
99.8255
98.3287
99.9713
99.8214
99.6099
99.7387
98.2517
99.8576
99.5356
99.4928
98.3251
99.7721
99.9072
99.9158
99.8934
99.7569
99.9021
99.7
99.5275
99.8877
99.9112
99.7796
99.788
99.8733
99.7824
99.8317
99.8843
99.9113
99.8735
99.5518
99.4625
99.8188
99.7193
99.681
99.983
99.4775
99.7814
99.7906
99.7597
99.8286
99.8844
99.9497
99.821
99.9273
99.5491
99.5391
99.8269
99.757
99.7378
99.8942
99.9864
99.7704
99.7316
98.2546
99.511
99.5061
99.7396
99.4199
99.9125
99.7364
99.7256
99.8497
99.7442
99.8543
99.5074
99.8521
99.6199
99.8484
99.9477
99.885
99.7031
99.7838
99.7102
99.8233
99.8065
99.4837
99.9053
99.827
99.7842
99.8825
99.8201
99.4389
99.6567
99.8498
99.6007
99.6668
99.8243
99.8642
99.5553
99.9443
99.8524
99.8589
99.8306
99.839
99.7474
99.4749
99.8525
99.9042
99.7946
99.8336
99.5945
99.9186
99.8073
99.8807
99.5241
99.8498
99.5306
99.867
99.866
99.9553
99.7971
99.6312
99.657
99.8196
99.824
99.6093
99.8338
99.7054
99.5801
99.7795
99.7447
99.7812
99.844
98.259
99.8687
99.5618
99.9614
99.9665
99.9165
99.6874
99.8098
99.6976
99.8127
99.8443
98.2513
99.7776
99.6082
97.1232
99.9359
99.8588
99.9262
99.8486
99.5492
99.4266
99.6799
99.5269
99.6879
99.7531
98.2285
99.7998
99.8998
99.714
99.8904
99.9282
99.8839
99.7289
99.8171
99.798
99.4599
99.8632
99.7494
99.9385
99.9154
99.8543
99.9012
98.2977
99.626
99.7376
99.6784
99.7888
99.7329
99.9591
99.5794
99.9419
98.3182
99.8025
99.6368
99.8177
99.7867
99.8274
99.8122
99.9196
99.4038
99.4741
99.7802
99.385
99.8852
99.918
99.933
99.8724
99.7572
99.7874
99.4891
98.3198
99.708
99.811
99.8995
99.5675
99.7711
99.5631
99.9518
99.8876
99.8742
99.9004
99.8807
99.5204
99.5064
99.7914
99.4554
99.9549
99.8282
99.8295
99.4375
99.7934
99.2955
99.8462
99.8043
99.933
99.9038
99.9053
99.5873
98.2968
99.8923
99.5147
99.9313
99.9682
99.7898
99.8966
99.84
99.8642
98.2926
99.5188
99.8607
99.697
99.7856
99.8593
99.8003
99.8982
99.5346
99.7865
99.6553
99.3839
99.8315
99.8356
99.8587
99.9165
99.7574
99.7943
99.4914
99.7652
99.7605
99.4824
99.8832
99.8559
98.2039
99.8577
99.9301
99.9639
99.8518
99.7546
99.6183
99.8467
99.7681
99.9107
99.2207
99.7765
99.831
99.2963
98.1802
99.7725
99.8404
99.8095
99.7766
99.9014
99.5446
99.903
99.8758
99.8687
99.7943
99.8458
99.8047
99.7355
99.7669
99.8924
99.5733
99.9001
99.8401
99.9307
99.9054
99.7114
99.8124
99.8552
99.8876
99.8031
99.8264
99.7167
99.8688
99.5966
99.8767
99.7199
99.7286
99.786
99.8414
99.4749
99.7467
99.5612
99.666
99.7389
98.1496
99.9394
99.8137
99.7571
99.7986
98.1696
99.8328
99.3939
99.43
99.8823
99.8938
99.7992
99.8049
99.6242
99.7448
99.8123
99.8706
99.9609
99.4964
99.8746
99.6847
99.8312
99.8388
99.7442
99.9018
99.855
99.7095
99.8194
99.7061
99.7898
99.8987
99.8008
99.4553
99.8696
99.9155
99.9529
99.7007
99.8694
99.8691
99.9312
99.8304
99.875
99.8648
99.5252
99.8455
99.8556
99.7784
99.9628
99.8312
99.7344
99.5379
99.6791
99.8813
99.917
99.701
99.7243
99.8356
99.6201
99.7828
99.4364
99.8447
99.4317
99.8897
99.7449
99.8753
99.7588
99.7047
99.8035
99.7431
99.7175
99.8451
99.7972
99.8471
98.2383
99.9327
99.8281
99.899
99.8598
99.9192
99.798
99.8281
99.9453
99.4916
98.2921
99.7336
99.9398
98.2332
99.8729
99.893
99.7578
99.7018
99.8292
99.7826
99.727
99.7949
99.8365
99.8701
99.332
99.8681
99.8699
98.2728
99.8346
99.7906
99.7744
99.7622
98.2972
99.539
99.6805
99.8092
99.7736
99.9521
99.7052
99.6123
99.8684
99.7846
99.5231
99.9319
99.6356
99.7949
99.8709
99.7863
99.9558
99.8113
99.8621
99.8503
99.9254
99.8247
99.7908
99.4575
99.5324
99.4788
99.6876
99.5709
99.8459
99.4679
99.8331
99.9493
99.7932
99.7689
99.6516
98.317
99.87
99.8029
99.9584
99.7615
99.7058
99.9058
99.7651
99.8056
99.78
98.2341
99.7851
99.7676
99.9454
99.9199
99.8971
99.5655
99.9058
99.4465
99.89
99.7416
99.9561
99.7456
99.4863
99.9217
99.7707
99.8546
99.93
99.9482
99.8788
99.8672
99.7778
99.7894
99.5672
99.8427
99.3133
99.7945
99.8078
99.8866
99.9198
98.1837
99.5322
99.8017
99.8412
99.6422
99.7325
99.7508
99.6214
99.7817
99.487
99.9639
99.4241
99.9113
98.3073
99.628
99.8579
99.7499
99.9059
99.8738
99.7598
99.9163
99.6951
99.7776
99.7123
99.876
99.8568
99.8347
99.9268
99.841
99.5446
99.863
99.8164
99.9539
99.9271
99.8934
99.874
99.8312
99.5488
99.6488
98.2035
99.9202
98.3118
99.9343
99.8326
99.7991
99.8356
98.2922
99.8674
99.7847
98.3192
99.6915
99.9035
99.6903
99.7799
99.7422
99.747
99.555
99.7599
99.7142
99.7819
99.9308
98.1726
99.8472
99.9005
98.287
99.6928
99.4967
99.7593
99.7076
99.7886
99.9234
99.5478
99.5004
99.9249
99.9532
99.8382
99.817
99.5857
98.3384
99.8128
99.9619
99.8239
99.7527
99.7571
99.3849
99.7187
99.7197
99.8973
99.9347
98.151
99.7959
99.8219
99.492
98.2111
99.9078
99.4835
99.6188
99.8786
99.7846
99.4852
99.7548
99.7929
99.8197
99.8675
99.8594
99.761
99.8269
99.9676
99.9033
99.6396
99.8839
99.7214
99.7184
99.4169
99.8518
99.8043
99.9536
99.4237
99.5061
99.676
99.8824
99.5613
99.4334
99.9053
99.7799
99.8404
99.8644
99.8058
99.8465
99.4663
99.7366
99.7769
99.7153
99.9197
99.4924
99.9376
99.8159
99.4241
99.807
99.744
99.7367
99.5373
99.8601
99.859
99.7278
99.7377
99.7476
99.678
99.8288
99.7689
99.7346
99.7499
99.7547
99.8132
99.7842
99.5244
99.8248
99.8551
99.8015
99.6542
99.8659
99.5486
99.7992
99.7369
99.5666
99.889
99.4902
99.4123
99.9383
99.8229
99.5343
99.9304
99.7196
99.5576
99.9174
99.736
99.9309
99.9073
99.5056
99.8225
99.6284
99.9293
99.8912
99.8542
99.7671
99.8175
99.7589
99.8764
99.8519
98.1908
99.8435
99.4982
99.8614
99.9048
99.7692
99.9372
99.9152
98.2398
99.9256
99.8786
99.7679
99.6352
99.8888
99.6646
99.856
99.7799
99.7652
99.5028
99.804
99.7079
99.8095
99.7115
99.3767
99.7793
99.6895
99.9798
99.7327
99.8684
99.8109
99.8184
99.7811
99.7207
98.1757
99.8547
99.5504
99.6715
99.8721
99.9094
99.4811
99.6725
99.8951
99.5263
99.8058
99.4431
98.2586
99.8144
99.876
99.934
99.9299
99.5064
99.8978
99.4527
99.8782
99.773
99.751
99.8188
99.8482
98.1624
99.9198
99.8258
99.8227
99.8699
99.7254
99.5589
99.7911
99.7511
99.9146
99.862
99.9033
99.7285
99.6558
99.9779
99.7343
99.7269
99.4764
99.486
99.9181
99.7248
99.7957
99.8455
99.814
99.6346
99.4974
99.4355
99.8565
99.9391
98.2664
99.8051
99.8307
99.5619
99.4121
99.7837
99.7356
99.8031
99.7456
99.8122
99.7227
99.7446
98.3046
99.9432
99.9412
99.8116
98.3447
99.9313
99.9037
99.8384
99.7789
99.8814
99.8535
99.855
99.9267
99.9063
99.7218
99.8432
99.8306
99.4815
99.7782
99.9329
99.9212
99.849
99.8282
99.9488
99.9267
99.8006
99.7709
99.8907
97.2833
98.2253
99.8785
99.9014
99.5674
99.6024
99.4555
99.9039
99.8907
97.2266
99.6954
99.8212
99.9405
99.857
99.8654
99.9444
99.8606
99.7902
99.5571
99.5824
98.0567
99.928
99.9367
99.8465
99.9075
99.4219
99.7041
99.7334
99.81
99.7671
99.7982
99.7645
99.4497
99.2696
99.8164
99.4365
99.8852
99.8163
99.5786
99.9224
99.8465
99.6946
99.7607
99.9482
99.3901
99.768
99.8187
99.779
98.243
99.7838
99.522
99.8216
99.694
99.7765
99.8122
99.9231
99.9489
99.2003
99.7005
99.864
99.7859
99.5543
99.732
99.8196
99.7597
99.8077
99.8809
99.6952
99.9179
99.7136
99.8279
99.4954
99.6344
99.5294
99.5387
99.7745
99.9462
99.6409
99.7416
99.7807
99.7347
99.8731
99.7656
99.7899
99.7506
99.8163
99.938
99.4973
99.955
99.7307
99.9449
98.2961
99.537
99.8653
99.8405
99.8321
99.4843
99.8097
99.6945
99.8094
99.4479
99.7817
99.4336
99.507
99.7929
99.7235
98.272
99.9253
99.4416
99.7533
99.9018
99.7022
99.8834
99.8453
99.792
98.2472
99.8882
99.9349
99.4567
99.629
99.481
99.8524
99.5361
99.8397
99.8509
99.788
99.5352
99.87
99.9091
99.4627
99.5929
99.9519
99.6503
99.9451
99.8137
99.8567
98.3084
99.4971
98.2361
99.8248
99.7419
99.8444
99.7789
99.7307
99.8561
99.6928
99.4665
99.8083
99.7748
99.9067
99.4466
99.5373
98.2803
99.868
99.4591
98.1718
99.6856
99.7856
99.4713
99.7792
99.9282
99.9312
99.8185
99.7751
99.88
99.4873
99.8529
99.6791
99.3661
99.8418
99.9104
99.8262
99.8295
98.2188
98.1874
99.7346
99.9
99.8128
99.8432
99.8894
99.6354
99.7783
99.8102
99.791
99.5392
99.805
99.9218
99.7472
99.4822
99.958
99.9493
99.7244
99.8511
99.889
99.8393
99.9178
99.8127
99.951
99.5345
99.533
99.5749
99.78
99.7606
99.9149
99.4889
99.8545
99.6448
99.8612
99.7674
99.498
98.3045
99.4536
99.4622
99.7138
99.865
99.7108
99.7916
99.8385
98.302
99.8526
98.4162
99.7989
99.6717
99.9362
99.734
99.4711
99.983
99.7361
99.7059
99.9415
99.8835
99.7815
99.8499
99.7166
98.2223
99.4414
99.7873
99.9463
99.5336
98.2551
99.6335
98.3002
99.6566
97.2411
99.8058
99.7775
99.7575
99.7698
99.8949
98.3504
99.7038
99.8497
99.8365
99.8886
99.8156
99.7447
99.8849
99.9062
99.7304
99.4441
99.8534
99.674
99.936
99.5595
99.548
99.6929
99.5084
99.5853
99.4148
98.2707
99.7437
99.912
98.1861
99.6633
99.938
99.8341
99.8486
99.8338
99.8001
99.4163
99.9516
99.9253
99.5118
99.7604
99.7758
99.7238
99.7946
99.8789
99.923
99.7057
99.8066
98.1316
99.9345
99.8708
99.93
99.4561
99.7979
99.7526
99.497
99.8504
99.862
99.8245
99.7814
99.8372
99.8269
99.855
99.8486
99.8326
99.6528
99.8866
99.7226
99.5222
99.7249
99.6688
99.6315
99.8726
99.7995
99.8449
99.5091
99.5123
99.835
99.5033
99.7962
99.6981
99.7114
99.5098
99.8667
99.8465
99.5064
99.4631
99.7914
99.8768
99.7336
99.9457
99.8595
99.5489
99.7584
99.744
99.6167
99.7843
99.8531
99.891
99.8301
99.7767
99.6107
99.8714
99.736
99.6509
99.4119
99.88
98.267
98.3105
99.8095
99.4887
99.8024
99.8277
99.8427
99.7873
99.7299
99.7986
99.7471
99.9375
99.7879
99.6493
99.863
99.9403
99.8066
99.4495
99.7051
98.3262
99.7403
99.8754
99.9396
99.8558
99.5604
99.8533
99.7215
99.7528
99.8635
99.7906
99.8978
99.481
99.8322
98.4435
98.3009
99.7855
99.7337
99.4969
99.9231
99.653
99.9073
99.7757
99.9117
99.8529
99.9208
99.8552
99.7886
99.9313
99.7877
99.7687
99.8977
99.7571
99.583
99.8351
99.7202
99.8825
99.3918
99.8377
99.8699
99.7785
99.8139
99.5033
99.4746
98.2914
99.867
99.745
99.8384
99.7537
99.7578
99.6994
98.295
99.3012
99.92
99.7754
99.8254
99.5116
99.8227
99.9233
99.525
99.8093
99.9169
99.9241
99.8732
99.9179
99.5504
99.4905
99.9242
99.6747
99.8275
99.7643
99.8686
99.9294
99.9519
99.9339
99.8744
99.3997
99.9674
99.9027
99.805
98.3362
99.8941
99.9309
99.9295
99.9305
98.325
99.8009
98.3011
99.4428
99.821
99.7961
99.7262
99.7913
99.7625
99.4141
99.7744
99.9403
99.4555
99.9446
99.9127
98.1868
99.7236
99.7832
99.725
99.7721
99.8856
99.4478
99.659
99.7776
99.7406
99.7687
99.7561
99.714
99.7261
99.75
99.6341
99.8655
99.6277
99.8591
99.8463
99.7056
99.8103
99.4234
99.7102
99.4997
99.9543
99.5103
99.572
99.52
99.8796
99.4778
99.7895
99.7673
99.9639
98.2562
99.7709
99.8008
99.8854
99.4834
99.8394
99.8644
99.7466
99.6684
99.8511
99.8787
99.6567
98.2008
99.7703
99.6602
99.843
99.7175
99.859
99.7859
98.2533
99.7438
99.7418
99.7683
98.1738
99.8202
98.1703
99.807
99.882
99.8972
99.7496
99.9487
99.797
99.7598
99.827
99.8404
99.7143
99.8054
99.6866
99.8454
99.8609
99.8259
99.8913
99.9299
99.7981
99.6874
99.9384
99.8372
99.9462
99.6792
99.7541
99.8587
99.742
99.4443
99.8657
99.8701
99.863
99.8048
99.7675
99.4723
99.7005
99.8858
99.7323
98.2301
99.2755
99.8279
99.4061
99.4862
99.879
99.5175
99.8692
99.7305
99.3239
99.4118
99.5433
99.8193
99.7986
99.4836
99.6827
97.2287
99.8518
99.7933
99.7231
99.5026
99.8948
99.8656
99.8447
99.7599
99.8311
98.245
99.7679
99.8163
99.7738
99.804
99.7573
99.845
98.2963
99.7008
99.8368
99.9492
99.6347
99.8695
99.7148
99.8446
98.1843
99.7828
99.8559
99.5636
99.7913
99.8725
99.6955
99.6848
99.7046
99.9435
97.2464
99.8725
99.8268
99.8817
99.6763
99.8619
99.8762
98.3171
99.7826
99.9074
99.4797
99.9397
99.9309
99.7202
99.6917
99.7882
99.8746
99.7776
99.9257
98.271
99.8085
99.4151
99.8747
99.8716
99.7741
99.7581
99.3663
99.949
99.9346
99.9342
99.7514
99.6922
99.8596
99.7657
99.788
99.6988
99.8913
99.6437
99.791
98.2671
99.5334
99.742
99.7471
99.8516
99.556
99.7355
99.8901
99.7579
99.4542
99.5736
99.7484
99.7857
99.9547
99.8979
99.6954
99.7861
99.5228
99.5105
99.8654
99.4915
99.8158
99.5894
99.8574
99.7462
99.5007
99.8223
99.9537
99.4553
99.7588
99.8013
99.6838
99.583
99.676
99.7602
99.4697
99.5455
99.7794
99.8486
99.8986
99.7766
99.8491
99.5372
99.6938
99.8449
99.4849
99.3854
98.2328
99.8282
99.5114
99.8879
99.7503
99.4694
99.8798
99.5294
99.8279
99.8506
99.4218
99.8102
99.6435
99.4849
99.9033
99.9033
99.9211
99.8599
99.7061
99.8078
99.8333
99.7113
99.8187
99.8098
99.9022
99.775
99.7679
99.7793
99.2885
99.7773
99.8696
99.9021
99.9119
99.7447
99.9429
99.9169
99.833
99.8475
99.8871
99.8895
99.7227
97.1794
99.7835
99.9098
99.7981
99.8338
99.8495
99.4621
99.8399
99.6898
99.8928
99.8629
99.7944
99.5649
99.7057
99.8162
99.8668
98.1896
99.69
99.8224
99.89
99.5473
98.2352
99.8003
99.6312
99.847
99.8792
99.6932
99.772
98.3234
99.791
99.8039
99.8969
99.4949
99.7798
99.7381
99.7274
99.6706
99.8611
99.87
99.8875
99.7583
99.3851
99.9233
99.9003
99.9612
99.8029
99.8951
99.8786
99.8848
99.6463
99.7569
99.833
99.826
99.5356
99.8948
99.4635
99.7276
99.699
99.8049
99.5133
99.5512
99.8955
99.4231
99.8022
99.7168
99.8479
99.8206
99.5338
99.744
99.631
99.9398
99.896
99.881
99.8952
99.5626
99.7205
99.5279
98.2703
99.4227
99.7893
98.1376
99.5384
99.5112
99.6335
99.8103
99.8507
99.8862
99.8455
99.5119
99.9188
99.9519
99.7593
99.7276
98.2284
99.535
99.8739
99.9538
99.7811
99.9461
99.9772
99.96
99.7455
99.7057
99.7479
99.8389
99.7304
99.9331
99.7706
99.786
99.707
99.451
99.9702
99.914
99.7831
99.8385
98.237
99.5099
99.8322
99.8484
99.8804
99.8364
99.736
98.2224
99.4477
99.5247
99.7555
99.7688
99.8404
99.909
99.8253
99.937
99.755
99.5216
99.4676
99.7063
99.5862
99.8975
99.7617
99.843
99.7472
99.5269
99.953
99.8336
99.8734
99.6444
99.8159
99.9122
99.8164
98.2421
99.8861
99.9098
99.8458
99.6408
98.2914
99.521
99.7653
99.7513
99.7376
99.7557
99.8098
99.6781
99.7519
99.7679
99.879
99.8217
99.8788
99.8101
99.6747
99.932
99.823
99.8841
99.7888
99.8334
99.932
99.8447
99.8341
99.4941
99.7673
99.8599
99.8969
99.9122
99.7484
99.86
99.4135
99.4125
99.7386
99.8516
99.7653
99.7172
99.4411
99.5637
99.7805
99.8619
99.807
99.7649
99.782
99.8094
99.5289
99.846
99.9035
99.7538
99.9209
99.4234
99.834
99.7219
99.3695
99.8387
99.8887
99.8556
98.3012
99.4168
99.7733
99.7661
99.859
99.7606
99.4352
99.9086
98.2409
99.6523
99.6912
99.4662
98.1408
99.5143
99.8702
99.78
99.8477
99.466
99.6452
99.5743
99.8582
99.9256
99.8814
99.331
99.7559
99.9119
99.7959
99.7169
99.9532
99.9324
99.7911
99.5507
99.5812
99.7451
99.3774
99.8122
99.8404
99.8358
98.2087
99.5403
99.7033
99.9367
99.7701
98.3
99.9222
99.8465
99.8097
98.2623
99.776
99.2427
99.7643
99.8739
99.6591
99.8857
99.7633
98.2659
99.4382
99.8457
99.8783
99.7345
99.5053
99.5522
99.8357
99.7773
98.1878
99.8099
99.8413
99.7297
99.7636
99.8598
99.925
99.4544
99.8441
97.142
99.559
99.9331
99.9272
99.7724
99.8976
99.901
99.9075
99.73
99.9363
98.3728
99.7136
99.9682
99.7372
99.7704
99.9076
99.7968
99.7523
98.352
99.5974
99.4716
99.8005
99.7281
99.7979
99.9495
99.9437
99.8498
99.8361
99.7062
99.7277
99.9071
99.8488
99.8119
99.8167
99.8434
99.5774
99.5451
99.9463
99.8352
99.8577
99.8152
99.6968
99.9553
99.4493
99.7474
99.4733
99.8374
99.8705
98.1921
99.7972
99.8261
99.8394
99.4469
99.756
98.1789
99.7102
99.7594
99.929
99.8248
99.9439
99.9493
99.8862
99.8811
99.8849
99.4632
98.3145
99.8401
99.4599
99.9559
99.769
99.9159
99.8035
99.7316
99.8439
99.7174
99.8116
99.8751
99.8097
99.7666
99.4578
99.9512
99.6945
99.8512
99.8484
99.4044
99.4281
99.7615
99.4662
99.9047
99.5529
99.8813
99.7245
99.8948
99.7921
98.2702
99.7198
99.9058
99.9302
98.3489
99.7766
99.8248
99.882
99.7749
99.758
99.3805
99.9062
99.8292
99.9504
99.5047
99.7833
99.7421
99.8127
99.5603
98.3447
99.7166
99.7926
99.4497
99.7489
99.8362
99.7293
99.9076
99.815
98.2053
99.8524
99.5378
99.9634
99.8359
99.8411
99.8697
99.9209
99.8125
99.6891
99.7745
99.5055
99.933
99.8286
99.5676
99.4775
99.7775
99.7393
98.2738
99.8026
99.7291
99.9407
99.8194
99.8844
99.7573
99.775
99.9145
99.5353
99.8259
99.8097
99.7617
99.8022
99.8455
99.7609
99.908
99.8085
99.6971
97.2429
98.2422
99.8546
99.7296
99.4493
99.4755
98.308
99.8322
99.9128
99.481
98.2971
99.8489
99.87
99.7917
99.8121
99.8921
99.8667
99.7701
99.7982
99.9551
99.9109
99.9192
99.8036
99.8466
99.4617
99.7837
99.7089
99.9509
99.8055
99.569
99.6942
99.8136
99.8609
99.8153
99.6621
99.8235
99.9117
99.8173
99.7627
99.7756
99.4914
99.7209
99.7529
99.2596
99.487
99.7858
99.9225
99.9115
99.7244
98.2018
99.8031
99.7092
99.7571
99.8199
99.8191
99.3447
99.8078
99.7315
99.7844
99.8784
99.8893
99.8423
99.7234
99.7466
99.8038
99.8026
98.3014
99.9513
99.734
99.6027
99.7398
99.8599
99.7981
99.7252
99.9136
99.8436
99.7365
99.6193
99.8429
99.8562
99.7623
99.79
99.8579
99.8004
99.5295
99.7457
99.796
99.8291
99.7886
99.8094
99.7447
99.6689
99.9046
99.9137
99.8751
99.5868
99.9202
99.7904
99.2999
99.5328
99.7318
99.5316
99.8699
99.7927
99.7817
99.7969
99.9023
99.4552
99.4243
99.8464
99.7544
99.785
99.9388
99.8465
99.9352
99.5224
99.7933
99.7177
99.8046
99.48
99.7355
99.8018
99.9232
99.7078
99.9682
99.6407
99.5695
99.8371
99.4898
99.8328
99.5448
99.7259
99.8769
99.3913
99.9323
99.7661
99.9387
99.8655
99.7869
99.9333
99.4888
99.7997
99.897
99.6681
98.2417
99.7751
99.9038
99.8144
99.6776
99.7602
99.7955
99.8671
99.7331
99.7581
99.7523
99.8016
99.9291
99.6305
99.7471
98.2759
99.9872
99.9023
99.73
99.851
99.8197
99.7763
99.4499
99.8835
99.85
99.716
99.817
99.6339
99.8966
99.9412
99.8648
99.4748
99.9146
99.5241
99.8795
99.4535
99.8599
99.9132
99.8962
99.8515
99.7545
99.4809
99.7867
99.9369
99.461
99.8478
99.5007
99.7618
99.8697
99.8595
99.8163
99.8792
99.7185
99.7925
99.8528
99.861
99.5157
99.722
99.7299
98.2276
99.9298
99.9469
99.8192
99.8513
99.4289
99.8562
99.7011
99.8977
99.8386
99.8335
99.803
99.9028
99.7715
99.9399
99.8466
99.6445
99.7979
99.8599
99.8039
99.905
99.8733
99.7909
99.6235
99.5481
99.9695
99.9308
99.8476
98.0759
99.922
99.9294
99.91
98.2113
98.3619
98.3331
99.6954
99.9373
99.6722
99.5885
99.9572
99.4429
99.832
99.5266
99.9562
99.8321
99.7051
99.8362
99.4895
99.863
99.7579
99.8507
99.9416
99.7844
99.7955
98.3177
99.7078
99.5008
99.8693
99.7389
99.8654
99.7042
99.8485
99.8187
99.8216
99.5322
99.9132
99.7408
99.6644
99.7972
99.6725
99.8155
98.2442
99.7251
99.8113
99.9728
99.9369
99.5168
99.8868
99.8223
99.9423
99.821
99.4669
99.8665
99.8548
99.5332
99.7522
98.2652
99.9308
99.9536
99.8186
99.6943
99.8378
98.3547
99.8855
99.4368
99.8563
99.4751
99.8109
99.945
99.817
99.9674
99.8525
99.7817
99.7706
99.7317
99.5678
99.8445
99.8533
99.7572
99.6797
99.7978
99.7418
98.3027
99.7031
98.3433
99.9054
99.8725
99.8769
99.9553
99.7202
99.6338
99.7969
99.8851
99.7456
99.5252
99.7759
99.8979
99.7882
99.7841
98.1699
99.5601
99.8354
99.7402
99.8812
99.6365
99.7653
99.8519
99.8867
99.597
99.4489
99.9226
99.463
99.5448
99.6925
99.7434
99.8474
99.9377
99.9298
99.4973
99.6643
99.9021
99.6844
99.926
99.9135
99.8992
99.7512
99.8047
99.4459
99.866
99.8063
99.8177
99.7663
99.8891
99.7844
99.7962
99.9072
99.9078
99.8448
99.793
99.9104
99.7294
99.7563
99.8586
99.8177
99.8128
99.9048
99.84
99.7998
99.7175
99.4934
99.8468
99.9399
99.9467
99.8146
99.7035
99.6489
99.7736
99.7551
99.8416
99.7785
99.7166
99.886
99.8894
99.7881
99.8099
99.7121
99.8674
99.9199
99.5669
99.8
99.8052
99.5231
99.8714
99.8553
99.4957
99.9222
99.7591
99.9095
99.7876
99.9078
99.5315
99.9684
99.5209
99.8579
99.8713
98.1915
99.8151
99.7108
99.8251
99.9057
99.8637
99.4377
99.9564
99.8928
99.4913
99.8951
99.7377
99.9289
99.8245
98.3672
99.8431
99.797
99.7456
99.5363
99.4511
99.4704
99.7508
99.8806
99.7928
99.8719
99.7768
99.5395
99.7884
98.2678
99.8455
99.7945
99.6397
99.5686
99.7609
99.9596
99.3653
99.8461
99.7371
99.8302
99.8862
99.733
99.7226
99.8567
99.5171
99.8391
99.8056
99.8141
99.7524
99.9351
98.2307
99.7518
99.757
99.705
99.6749
99.8018
99.9249
99.4813
99.6988
99.8111
99.9306
98.331
99.7451
99.689
99.8067
99.7336
99.9334
99.795
99.8031
99.8294
99.8703
99.8788
99.7625
99.8244
99.7575
99.8
99.3785
99.4573
99.8201
99.7853
98.2673
99.6899
99.8218
99.5543
99.6123
99.9378
99.8091
99.8538
99.4262
99.7558
99.8529
99.779
99.8076
99.7787
99.9516
99.7032
99.6746
99.7469
99.8702
99.7465
99.8399
99.8331
99.2885
99.6628
99.4834
99.9607
99.7286
99.8067
99.7178
99.7025
99.8458
99.912
99.9017
99.854
99.769
99.5
99.5126
99.822
99.4387
99.9099
99.8059
99.8329
99.7162
99.643
99.8262
99.8259
99.8606
99.8532
99.2282
99.8117
99.8788
99.7268
99.5597
99.7654
99.8796
99.368
99.3899
99.8291
99.7761
99.9267
99.5309
99.7516
99.7919
99.8047
99.7593
99.3755
99.7614
99.8126
99.7677
99.9405
99.7173
99.3416
99.6949
99.8166
99.9416
99.6032
99.9023
99.8219
98.2342
99.9285
99.8478
99.5161
99.4473
99.6982
99.7741
99.5333
99.8899
99.7755
98.2841
99.5766
99.9219
99.7765
99.4082
99.8436
99.9555
99.7896
99.4531
99.9514
99.6855
99.7982
99.5767
98.1288
99.6012
99.8856
98.3079
99.7539
99.8694
99.854
99.7456
99.8118
99.8299
99.8479
99.8003
99.8638
99.8847
99.9297
98.1436
99.8696
98.1807
99.5827
99.8497
99.8647
99.7161
99.7908
99.9063
99.8157
98.3337
99.7447
99.6048
99.8212
99.8935
99.8496
99.9712
99.6682
99.8437
99.7935
99.7032
99.8192
99.8049
99.8147
99.8429
99.7859
99.5147
99.9502
99.8017
99.7247
99.838
99.8458
99.5574
99.835
99.9119
99.4697
99.6681
98.222
99.579
99.5608
99.8582
99.8181
99.8406
98.359
99.8251
99.5826
99.8193
99.8752
99.5348
99.786
99.293
99.9304
99.7861
99.3971
99.7828
99.7204
99.7798
99.9066
99.8169
99.5145
99.6521
99.8101
99.8775
99.8893
99.8328
99.7627
99.915
99.8928
99.9533
99.6146
99.7367
99.858
99.4938
99.7552
99.7399
99.9622
99.4849
99.7626
99.7305
99.7406
99.8741
99.9037
99.691
99.7432
99.7775
99.8852
99.7965
99.8342
99.4946
99.8405
99.863
99.8278
99.8279
99.8156
99.8459
99.4737
99.7318
99.449
99.9146
99.46
99.7461
99.7672
99.8198
99.8782
98.3315
99.8623
99.8765
99.5154
99.8691
99.6987
99.7881
99.4365
99.9146
99.8866
99.6706
99.9302
99.8409
99.8789
99.5601
98.2048
99.6965
99.6779
99.8666
99.8074
99.8486
99.8207
99.5552
99.778
99.8421
98.3859
98.3858
99.5476
99.5286
99.5236
99.8749
99.733
99.4054
99.7314
99.451
99.8281
99.7726
99.8237
99.8652
99.8706
99.789
99.6789
98.2814
99.9066
99.7098
99.4602
99.8092
99.7131
99.5848
99.9474
99.4099
99.9331
99.7174
99.8304
99.4704
99.5859
99.7243
99.7508
99.7396
99.8266
99.6559
99.7688
99.6903
99.8569
99.8229
99.5039
99.6874
99.4874
99.8455
99.7486
99.7901
99.8009
99.8336
99.8898
99.5834
99.8954
99.9456
99.6476
99.831
99.759
99.7115
99.8372
99.5626
99.5483
99.5352
99.8856
98.3103
99.4745
98.2506
99.8654
99.8152
99.8563
99.8584
99.4673
99.4535
99.8563
99.8034
99.6712
99.7308
99.9327
99.8569
99.8092
99.8814
99.8462
99.7619
99.7287
99.8814
99.7466
99.467
99.8299
99.8811
98.3267
99.8026
99.7351
99.9362
99.8106
99.5234
99.7393
99.7436
99.7983
99.5285
99.8434
98.3021
99.6831
99.8233
99.7927
99.4895
99.4191
99.9127
99.8746
99.6335
99.8092
99.7322
99.5591
99.8941
99.942
99.9109
99.9211
99.7662
99.8212
99.8411
98.2668
99.8829
99.8376
98.2486
99.9526
99.5379
99.9443
99.8631
98.2703
99.7305
99.7763
99.7395
99.858
99.7094
99.783
99.6242
99.9061
99.8463
99.4483
99.8855
99.9114
99.7674
99.8017
99.8798
99.9179
98.1961
99.7847
99.7917
99.9093
99.5124
98.3148
99.7389
99.7847
99.9027
99.7331
99.8871
99.7831
99.668
99.5065
97.1811
99.9168
99.8724
99.8688
99.9151
99.9083
99.4731
99.8169
99.8648
99.9607
97.2046
99.6934
99.8254
99.8118
99.7787
99.9185
99.8794
99.6818
99.7748
99.8019
99.8999
99.7738
99.8275
99.8568
99.8637
99.6513
99.7681
99.8401
99.8422
99.736
99.8678
99.8571
99.8687
99.7507
99.8013
99.7001
99.7159
99.7164
99.9207
99.4601
98.3221
99.8035
99.8049
99.5265
99.781
99.869
99.7804
99.846
99.8468
99.4454
99.7008
99.8355
99.8172
99.7633
99.877
99.7974
99.7703
99.6738
99.9459
99.8762
99.8574
99.706
99.6514
99.816
99.9496
99.4726
98.3203
99.501
99.9095
99.7113
99.8429
99.7786
99.4687
99.8294
99.7997
99.7344
99.8947
99.7488
99.7814
99.8169
99.7032
99.823
99.7892
99.8537
99.4604
99.4892
99.8369
99.9128
99.7918
99.7361
98.0745
99.5238
99.9067
99.8356
99.9016
99.7769
99.7406
99.8818
99.8472
99.9502
99.7767
99.8539
99.9202
99.2972
99.5443
99.7636
99.5935
99.88
99.8372
99.5298
98.2212
99.5401
99.9066
99.9212
99.8823
99.9665
99.4977
99.9183
99.7887
99.9113
99.7672
99.552
99.7601
99.8453
99.6748
99.9751
99.798
99.8074
99.4997
99.8139
99.7126
99.462
99.9317
99.7842
99.8012
99.7678
99.4849
99.8125
99.5569
99.4911
99.7348
99.3901
99.9328
99.7753
99.7623
99.9197
99.7243
99.6607
99.8478
98.2095
99.7244
99.7825
99.5086
99.7591
99.9535
99.7251
99.6155
99.7711
99.6103
99.4907
99.9019
99.4892
99.419
99.8637
99.9051
99.4908
99.539
99.5925
98.2545
99.8823
99.8774
99.8132
99.6209
99.756
98.2233
99.8755
99.7476
98.19
99.8834
99.8859
99.7813
99.782
99.8285
99.9495
98.2005
99.7274
99.6996
99.8208
99.8423
99.907
99.9774
99.514
99.4698
99.823
99.5225
99.7386
97.2026
99.46
99.799
99.7555
99.9532
99.968
99.841
99.7613
99.6887
99.7607
99.3576
99.743
99.8068
99.7914
99.7744
99.7025
99.8791
99.8566
99.956
99.9307
99.9696
99.7984
99.709
99.8913
99.8798
99.8114
99.7347
99.9547
99.8208
98.3165
99.4804
99.725
99.7977
99.5159
99.5748
99.9472
99.7649
99.8987
99.8005
99.8422
99.7538
99.7813
99.9298
99.7265
99.7978
99.5445
99.7052
99.8104
99.8194
99.8364
99.5002
99.6638
98.1784
98.9369
99.7809
99.7128
99.6904
99.7435
99.6486
99.8736
99.8384
99.8131
99.7959
99.8378
99.9372
99.5447
99.3817
98.3266
99.7941
99.7573
99.7189
99.8047
99.7785
98.3296
99.8828
99.6639
99.8603
99.7413
99.7252
99.7573
99.4455
98.2999
98.3729
99.6705
99.8685
99.8359
99.9434
99.8833
99.8778
99.8889
99.8362
99.8323
99.4978
99.529
99.6498
98.2418
99.8633
99.8321
99.7425
99.9159
99.8922
99.7959
99.6404
99.8444
99.7596
99.8495
99.8016
99.9558
99.8029
99.7109
99.8191
98.2574
99.8532
99.8839
99.854
99.9404
99.8712
99.5037
99.8004
99.8628
99.613
99.7503
99.7615
99.6493
99.5084
99.8933
99.8901
99.9012
99.9276
99.9278
99.9482
99.7825
99.8712
99.7119
99.5315
99.8379
99.7689
99.745
99.4928
99.947
99.7477
99.5831
99.8001
99.7638
99.8596
99.4044
99.8112
99.8418
99.7026
99.4404
99.8814
99.9263
99.8426
99.7442
99.8068
99.7027
99.7109
99.6348
99.7985
99.8099
99.9189
99.3434
99.8468
99.8634
99.7175
99.7155
99.7813
99.9167
99.8952
99.5756
99.7329
99.4646
99.9367
99.5085
99.8471
99.498
99.7769
99.8086
99.7699
99.708
99.6964
99.4776
99.8286
99.8565
99.6735
99.9237
98.3079
99.5091
99.4529
99.5564
99.9407
99.7027
99.9215
99.9149
99.9294
99.3657
99.7366
99.5353
99.7316
99.8511
99.8002
99.9232
99.7901
99.6487
99.9516
99.7732
99.8837
99.8579
99.7344
99.9602
99.941
99.8821
99.8913
98.2686
99.7854
99.3997
99.8416
99.8622
99.8615
99.6467
99.6993
99.759
99.7608
99.945
99.6053
99.7542
99.8653
99.8892
99.6908
99.6979
99.9599
99.8348
99.5391
99.8049
99.8653
99.7491
99.4875
99.9235
99.714
99.7192
99.6141
99.7885
99.6753
99.8537
99.6579
98.2669
99.8825
99.8517
99.6765
99.7085
99.8525
99.9487
99.8472
99.9036
99.4844
99.7751
99.5595
99.8826
99.8684
99.3661
99.845
99.8371
99.8413
99.8834
99.7973
99.8559
99.9081
99.7143
99.8478
99.8492
99.717
99.7659
99.7557
99.9306
99.7532
99.4084
99.8263
99.4728
99.8179
99.4695
99.8514
99.6951
99.8076
99.8062
99.94
99.8202
99.8413
99.6821
99.9327
99.751
99.688
99.8619
99.8042
99.6249
99.7316
99.6416
99.5029
99.7063
99.7423
99.8069
99.9408
99.8342
99.7545
99.8104
99.8682
99.8107
99.7881
99.4746
99.4916
99.8455
99.657
98.1466
99.9364
99.9519
99.5244
99.871
99.8218
99.9111
99.8189
99.5009
99.8212
98.086
99.8512
99.9476
99.6862
99.8584
99.8326
99.9238
99.9101
99.8464
99.6961
99.8627
99.8859
99.7964
99.8169
99.5919
99.5693
99.3892
99.7713
99.4627
99.6179
99.8771
99.9421
99.7035
99.8269
99.6985
99.8097
99.8254
99.4335
99.9155
99.8465
98.223
99.39
99.8728
99.7856
99.822
99.9745
99.6109
99.5504
99.8185
99.7869
99.8814
99.7531
99.721
99.8568
99.9154
99.7243
99.8283
99.8735
98.2835
99.8912
99.6741
99.8754
99.8416
99.9624
99.9811
99.7174
99.583
99.4794
99.7073
99.7527
99.7842
99.8505
99.9319
99.2486
99.8183
99.5476
99.7264
99.4895
98.3444
99.5292
99.89
99.4655
99.8219
99.716
99.6785
99.4506
99.9587
99.8983
99.7211
99.8529
99.7472
99.6386
99.6337
99.8405
98.2437
99.8081
99.8361
99.7919
99.8461
99.899
99.8421
99.8137
99.5243
99.4989
99.8229
99.8294
99.5452
99.9029
99.8697
98.4105
99.8204
99.7495
99.5663
99.9291
98.1724
99.4033
99.726
98.3063
98.2407
98.3531
99.7326
99.535
99.8342
99.7874
99.8431
99.8325
99.7314
99.6025
99.7914
99.8233
99.8021
99.6697
99.8397
99.7144
99.9312
99.8183
99.7576
99.7961
99.8791
99.6935
99.7998
99.9188
99.6799
99.9186
99.6292
99.8402
99.8474
99.5035
99.8692
99.9043
99.9797
99.8831
99.924
99.8354
99.7361
99.8473
99.884
99.5105
98.2588
99.8389
99.8843
99.7666
99.8418
99.8934
99.7989
99.4962
98.311
99.8534
99.7335
98.2972
99.9183
99.8215
99.7516
99.8809
99.8799
99.8952
99.5007
99.8083
99.8392
99.7265
99.8251
99.4963
99.7498
98.1068
99.8669
99.8057
99.938
99.7704
99.501
99.7664
99.6617
99.9258
99.9061
99.9272
99.8651
99.8944
98.2204
99.5093
99.9103
99.9566
99.7885
99.8869
99.8186
99.5577
99.534
99.755
99.917
99.8879
99.7616
99.8281
99.8347
99.9749
99.8208
99.8359
99.8952
99.9005
99.7516
99.5191
99.9069
99.8413
99.81
99.8896
99.939
99.8233
99.8943
99.3336
99.8664
99.8987
99.5607
99.814
99.8131
99.7824
99.8038
99.751
99.8903
99.7356
99.7297
99.4738
99.7526
99.8951
99.8577
98.3299
99.746
99.8648
99.7872
99.7913
99.7846
99.927
99.8068
99.6654
99.8106
99.8563
98.3043
99.7521
99.5255
99.8923
99.8363
98.3538
98.3553
98.2512
99.7024
99.843
99.8416
99.8468
99.8797
99.7493
99.8041
99.8707
99.7347
99.8176
99.6459
99.9345
98.3269
99.9071
99.381
99.8113
99.7743
99.9238
98.1328
99.9536
99.8378
99.9442
99.8765
99.8254
99.905
99.8364
99.9181
99.8492
99.8106
99.4734
97.2185
99.8655
99.7652
99.5079
99.7489
99.9588
99.4764
98.2999
99.8382
99.4204
99.7924
99.7623
99.8595
99.7054
99.7222
99.7217
99.7741
98.2755
99.8654
98.3432
99.9707
99.3703
99.6243
98.3016
99.9382
98.3661
99.9519
99.5155
99.7916
98.3268
99.7252
99.843
98.3505
99.6717
99.8595
99.5445
99.7641
99.7649
99.793
99.8072
99.7109
99.6789
99.7553
98.2513
99.6013
99.9086
99.8339
99.8288
99.6965
99.7912
99.9143
99.9374
99.9416
99.5006
99.6679
99.8682
99.8452
99.7859
99.8392
98.3021
99.7668
99.7749
99.8561
99.782
99.9152
99.7966
99.8878
99.8413
99.7413
99.8107
99.8107
99.4753
99.8465
99.5737
99.7377
99.9169
99.8154
99.6964
99.8567
99.5074
98.3394
99.7975
99.6488
99.555
99.8259
99.4552
99.6812
99.8557
99.8132
99.8516
99.9341
99.8379
99.9463
99.9351
99.8191
99.956
99.8935
99.693
99.7518
99.7641
99.461
99.5068
99.73
99.7293
99.4645
99.2783
99.8484
99.717
99.9214
99.773
99.8615
99.8128
99.7165
99.7823
99.8175
99.909
99.6646
99.8378
99.9139
99.7552
99.6987
99.8377
99.8624
99.7586
99.6709
99.9266
99.7999
99.9044
99.7927
99.7983
99.4944
99.7585
99.7136
99.9674
99.7706
99.8984
99.8889
99.4065
99.6424
99.8209
99.7793
99.3527
99.8333
99.8399
99.9499
99.7721
99.8099
99.8141
99.4657
99.819
99.682
99.4484
99.808
99.7881
99.7959
99.6779
99.4295
99.8353
99.9035
99.3109
99.5334
99.8769
99.7398
99.8528
99.7789
99.5008
99.8307
99.8213
99.3646
99.9551
99.7458
99.7307
99.7358
99.9595
99.8547
99.8178
99.9596
99.9218
99.8734
99.4477
99.7906
99.8472
98.3421
99.5473
99.8425
99.9528
99.5144
99.7732
99.8917
99.9065
99.5211
99.4931
99.7915
99.8255
99.7883
99.507
99.5435
99.472
99.636
99.8563
99.4544
99.4606
99.8007
98.3267
99.929
99.7878
99.8561
99.8165
99.5543
99.5251
99.7505
99.7087
99.9293
99.8317
99.8872
99.8497
99.8966
99.7922
99.4149
99.9245
99.8423
99.456
99.7382
99.7925
99.7876
99.789
99.7675
99.7725
99.886
99.8306
99.7748
99.6591
99.5194
99.4796
99.4885
99.4478
99.7272
99.9141
99.8395
99.5086
99.9594
99.6817
99.7711
99.6934
97.2547
99.7632
99.6597
99.7385
99.8003
99.7755
99.4221
99.4667
99.8476
99.6959
99.4875
99.8948
99.7661
99.7671
99.7519
99.8807
99.8638
98.1905
99.8553
99.9168
99.8249
98.3788
99.861
99.8695
99.8108
99.7856
99.8987
99.9064
99.8624
99.733
99.4363
99.9508
99.8483
99.9049
99.9528
99.1712
