99.7031
99.4794
99.5231
99.4374
99.8617
99.6707
99.8404
99.8301
99.7364
99.8011
99.9174
99.9124
99.8055
99.7999
99.8132
99.7967
99.9122
99.5858
99.7387
99.9011
99.7571
99.8805
99.9491
99.9581
99.8482
99.9081
99.8188
99.8694
99.4136
99.8155
99.4837
99.7267
99.5262
99.938
99.8756
99.907
99.5157
99.5312
99.8085
99.9447
99.4697
99.9394
99.8964
99.7366
99.9454
99.9489
99.6165
99.7769
99.8094
99.4582
99.9122
99.7882
99.5486
99.7188
99.8513
99.607
99.8037
99.7831
99.513
99.827
99.8843
99.8944
99.3852
99.7971
99.8414
99.7897
99.7135
99.8713
99.7307
99.8615
99.7172
99.7053
99.9157
99.8169
99.8739
99.7897
99.8553
99.8191
99.8647
99.8106
99.5347
99.7102
99.9089
99.7032
99.9062
99.6928
99.73
99.8365
99.7174
99.9404
99.8378
99.3913
99.9496
99.8232
99.8446
99.825
99.7899
99.8494
99.7363
99.7276
99.8469
99.5167
99.855
99.8593
99.4786
99.7527
99.5041
99.7556
99.8322
99.7241
99.81
99.833
99.6648
99.8355
99.6793
99.7486
99.9153
99.9244
99.788
99.545
99.7616
99.9421
99.9466
99.6685
99.9401
99.8364
99.8871
99.7651
99.4363
99.8491
99.7954
99.9246
99.7591
99.8582
99.9532
99.927
99.711
99.9424
99.4655
99.711
99.8848
99.7486
99.812
99.831
99.6663
99.843
99.7192
99.443
99.833
99.7465
99.8556
99.534
99.8155
99.7633
99.7852
99.8562
99.8165
99.9413
99.8321
99.7196
99.7831
99.8353
99.6085
99.8121
99.9642
99.529
99.7167
99.8876
99.8471
99.4856
99.9232
99.8921
99.8219
99.8668
99.9421
99.6509
99.8384
99.7889
99.8035
99.8704
99.9541
99.7097
99.7382
99.8677
99.8491
99.9604
99.9622
99.8429
99.7718
99.4466
99.6344
99.9059
99.5609
99.9577
99.6942
99.5489
99.8639
99.832
99.7663
99.9137
99.822
99.8019
99.8868
99.8642
99.8797
99.9162
99.8982
99.7822
99.5331
99.8088
99.84
99.7154
99.9469
99.7791
99.7601
99.8704
99.7105
99.7013
99.8996
99.8279
99.8588
99.7812
99.8683
99.6232
99.8305
99.8481
99.7862
99.8622
99.7159
99.8439
99.7409
99.4548
99.7896
99.9448
99.7383
99.7326
99.642
99.8459
99.8025
99.8102
99.8685
99.8426
99.5347
99.9088
99.5038
99.8955
99.8729
99.5386
99.8505
99.8247
99.7334
99.5991
99.8721
99.8646
99.4108
99.4948
99.4577
99.8712
99.8605
99.7261
99.4698
99.7887
99.8331
99.8505
99.9366
99.8478
99.7903
99.7496
99.6974
99.9533
99.7865
99.8262
99.7905
99.677
99.8529
99.8536
99.8539
99.4784
99.5006
99.7263
99.8839
99.9194
99.8098
99.5816
99.7819
99.8281
99.8357
99.7874
99.7556
99.8601
99.8062
99.8922
99.6897
99.8662
99.8427
99.7755
99.8732
99.8793
99.932
99.9414
99.7511
99.8031
99.9661
99.8216
99.8517
99.8887
99.6344
99.9254
99.8468
99.8357
99.8443
99.951
99.9332
99.9219
99.8683
99.6834
99.4963
99.8129
99.7372
99.5236
99.8009
99.6865
99.8486
99.475
99.4742
99.8646
99.8746
99.744
99.8441
99.9112
99.8169
99.8346
99.8258
99.7859
99.9135
99.4747
99.8121
99.8258
99.8609
99.8453
99.8205
99.5468
99.4652
99.4194
99.776
99.9193
99.7622
99.9029
99.8445
99.9349
99.7913
99.4641
99.7663
99.8421
99.8078
99.6597
99.7138
99.708
99.8742
99.9317
99.7617
99.7715
99.8953
99.7632
99.932
99.9186
99.932
99.9561
99.6
99.8785
99.8386
99.8813
99.9033
99.6051
99.8339
99.8007
99.7634
99.7747
99.9109
99.8309
99.8558
99.7431
99.4533
99.493
99.8509
99.9354
99.8717
99.784
99.8068
99.467
99.5215
99.8082
99.5451
99.8356
99.7694
99.5319
99.5196
99.7969
99.698
99.7403
99.9141
99.4679
99.9438
99.7115
99.7428
99.7703
99.7645
99.9389
99.9338
99.9776
99.9467
99.9551
99.5778
99.5723
99.6922
99.4512
99.8032
99.539
99.9228
99.98
99.7569
99.8266
99.4679
99.5493
99.927
99.7115
99.4979
99.6798
99.4617
99.4453
99.4354
99.5313
99.8454
99.887
99.5661
99.7167
99.9219
99.6588
99.7759
99.8422
99.8416
99.8748
99.5154
99.4372
99.8611
99.5053
99.8461
99.8684
99.7518
99.9151
99.8322
99.8553
99.9497
99.9137
99.8298
99.7104
99.8994
99.8075
99.9
99.6305
99.6589
99.7028
99.6603
99.9362
99.9552
99.837
99.738
99.7795
99.8515
99.8173
99.7966
99.8173
99.9574
99.8729
99.9091
99.8363
99.7248
99.8193
99.7495
99.5269
99.8877
99.696
99.9024
99.7212
99.6543
99.8882
99.8629
99.7638
99.72
99.932
99.8273
99.9384
99.7271
99.8768
99.4849
99.9001
99.9729
99.7956
99.5603
99.9088
99.8882
99.8742
99.7851
99.6957
99.8642
99.9418
99.9054
99.8984
99.4753
99.8443
99.8476
99.63
99.5816
99.8224
99.8562
99.8586
99.7468
99.6539
99.8788
99.8345
99.8515
99.6428
99.8764
99.5477
99.8179
99.7925
99.7908
99.9404
99.8904
99.5439
99.8501
99.9483
99.7564
99.809
99.8646
99.9559
99.9597
99.7852
99.636
99.8308
99.945
99.8184
99.8139
99.3583
99.5085
99.8068
99.8965
99.7695
99.9084
99.6226
99.74
99.8558
99.9285
99.9089
99.7055
99.7458
99.4073
99.8446
99.4533
99.8884
99.7901
99.6927
99.8733
99.8837
99.8373
99.5028
99.8473
99.7776
99.7788
99.6751
99.9217
99.822
99.8076
99.8346
99.9684
99.6746
99.7838
99.5424
99.9682
99.8407
99.7903
99.4454
99.801
99.9165
99.5225
99.7964
99.8459
99.7964
99.9034
99.6825
99.68
99.7711
99.8057
99.8317
99.4763
99.6377
99.8182
99.941
99.7731
99.6209
99.7481
99.8036
99.7272
99.7526
99.5508
99.8148
99.7524
99.7828
99.9453
99.7679
99.9687
99.894
99.8572
99.9223
99.7194
99.7818
99.7964
99.626
99.8731
99.8766
99.7889
99.7859
99.7753
99.5698
99.8929
99.8235
99.8779
99.8764
99.4899
99.5187
99.7333
99.87
99.5749
99.7998
99.9005
99.7261
99.8889
99.4848
99.4761
99.4765
99.7466
99.7545
99.7305
99.7594
99.4139
99.8459
99.9659
99.8559
99.7604
99.8592
99.8341
99.8575
99.8839
99.5695
99.9513
99.642
99.4246
99.7407
99.9067
99.9389
99.9182
99.8505
99.5998
99.8652
99.4829
99.8821
99.7701
99.6141
99.8407
99.5629
99.7689
99.8453
99.5114
99.8517
99.8758
99.7909
99.9395
99.5633
99.5007
99.9107
99.8935
99.5121
99.7672
99.4488
99.8956
99.9164
99.8735
99.9093
99.4138
99.4633
99.7679
99.832
99.7112
99.8732
99.7923
99.8832
99.5112
99.904
99.9473
99.8768
99.4338
99.9347
99.9002
99.7022
99.817
99.8478
99.8591
99.7121
99.9053
99.9116
99.8181
99.8063
99.7884
99.8807
99.7417
99.7885
99.7408
99.9539
99.9267
99.8312
99.914
99.9089
99.8109
99.8287
99.7963
99.8887
99.9358
99.8879
99.476
99.8696
99.7211
99.7795
99.7738
99.444
99.9517
99.5525
99.4926
99.8669
99.7775
99.8427
99.9308
99.8979
99.8078
99.8449
99.9142
99.7531
99.7149
99.7681
99.8599
99.8162
99.8458
99.8638
99.4731
99.6901
99.8323
99.8318
99.4327
99.707
99.6907
99.9269
99.9545
99.8221
99.8551
99.8487
99.7168
99.6959
99.9495
99.7603
99.808
99.7996
99.8397
99.8599
99.7706
99.7608
99.7437
99.7245
99.8198
99.9075
99.9169
99.7093
99.8944
99.5192
99.5097
99.7448
99.7645
99.9482
99.884
99.8266
99.91
99.4922
99.8699
99.7648
99.8978
99.8755
99.5146
99.5946
99.7397
99.838
99.8663
99.772
99.4656
99.7082
99.8249
99.9351
99.9417
99.9322
99.8161
99.7091
99.674
99.6972
99.83
99.8404
99.4334
99.9239
99.4454
99.7173
99.8699
99.7267
99.8291
99.8704
99.8837
99.7646
99.8613
99.6301
99.8456
99.4711
99.6999
99.8729
99.8279
99.8426
99.8576
99.6847
99.7322
99.8316
99.8566
99.9158
99.7467
99.9506
99.7364
99.5788
99.7912
99.7212
99.8827
99.5083
99.9122
99.8169
99.8973
99.7122
99.9366
99.9312
99.812
99.8404
99.8767
99.8884
99.6907
99.7448
99.8105
99.7045
99.9387
99.8182
99.8538
99.5132
99.7603
99.9485
99.7036
99.7896
99.8293
99.6401
99.4175
99.8169
99.708
99.5222
99.7595
99.7801
99.9109
99.9199
99.8869
99.9506
99.6637
99.6613
99.7166
99.879
99.8341
99.7854
99.6163
99.8226
99.7419
99.4695
99.8393
99.8529
99.5039
99.7528
99.9508
99.914
99.8245
99.745
99.6958
99.8253
99.7262
99.6519
99.7071
99.7265
99.9025
99.8422
99.5123
99.6947
99.7745
99.708
99.6526
99.9567
99.6928
99.9243
99.8018
99.8578
99.8219
99.6201
99.7685
99.8315
99.7579
99.733
99.7557
99.9463
99.799
99.8889
99.8251
99.8785
99.8948
99.9253
99.8881
99.7456
99.7466
99.7273
99.8516
99.9577
99.7348
99.8859
99.8269
99.866
99.7967
99.7921
99.5256
99.7115
99.8568
99.7966
99.9401
99.7101
99.9458
99.6839
99.8437
99.8143
99.9421
99.8473
99.7515
99.5165
99.8623
99.8267
99.8617
99.5723
99.8101
99.9192
99.8166
99.8903
99.7596
99.9394
99.7744
99.7236
99.752
99.8655
99.7085
99.5886
99.8157
99.9214
99.6006
99.7269
99.8512
99.8065
99.7949
99.504
99.7864
99.617
99.6791
99.9607
99.4985
99.8508
99.8555
99.5083
99.7823
99.8038
99.7769
99.918
99.7107
99.8446
99.4274
99.8073
99.5996
99.4698
99.5546
99.7185
99.8619
99.8819
99.6802
99.7329
99.8657
99.8134
99.7721
99.8175
99.3273
99.7028
99.836
99.7496
99.5075
99.7364
99.9456
99.951
99.8146
99.7705
99.9019
99.911
99.8596
99.492
99.5997
99.7298
99.7754
99.8285
99.6992
99.889
99.4865
99.6634
99.7865
99.7668
99.8167
99.4964
99.892
99.8755
99.8011
99.9484
99.8723
99.6019
99.8442
99.8315
99.8951
99.8484
99.9234
99.9007
99.5531
99.7683
99.7948
99.9469
99.8159
99.4733
99.8848
99.9344
99.8105
99.4369
99.8473
99.7516
99.7472
99.9563
99.7605
99.9399
99.8916
99.5117
99.4427
99.8162
99.9431
99.6714
99.7966
99.6153
99.7553
99.8369
99.5783
99.5725
99.7686
99.8831
99.579
99.8708
99.5882
99.4424
99.9543
99.6567
99.8707
99.4581
99.7432
99.6715
99.7381
99.7939
99.5343
99.9217
99.8924
99.7328
99.9182
99.8963
99.8683
99.8289
99.449
99.7515
99.7679
99.9258
99.7297
99.2221
99.62
99.4458
99.7511
99.8672
99.4825
99.7631
99.9371
99.8085
99.8273
99.8142
99.6874
99.8925
99.6884
99.8136
99.8284
99.9456
99.4911
99.8639
99.8552
99.8109
99.822
99.9541
99.5941
99.9149
99.7689
99.8161
99.8506
99.9252
99.5132
99.7854
99.9202
99.7609
99.8098
99.6087
99.8206
99.7488
99.6045
99.9318
99.485
99.4784
99.8871
99.769
99.8433
99.9879
99.8111
99.8577
99.7658
99.5424
99.6671
99.6739
99.9252
99.827
99.9192
99.8958
99.7606
99.6859
99.7874
99.6735
99.7141
99.8276
99.4344
99.9393
99.8181
99.9181
99.8725
99.7986
99.5245
99.7324
99.7496
99.9126
99.4558
99.8811
99.8212
99.7784
99.948
99.797
99.789
99.8937
99.7273
99.5479
99.8752
99.7618
99.8175
99.9379
99.7909
99.9473
99.4938
99.8667
99.8375
99.6752
99.8218
99.7511
99.635
99.8099
99.8285
99.7098
99.8536
99.8221
99.8759
99.8528
99.7286
99.8859
99.7887
99.8114
99.7617
99.7718
99.8202
99.811
99.7387
99.7193
99.7182
99.9206
99.4431
99.6924
99.8797
99.8454
99.7999
99.8164
99.8122
99.8492
99.9625
99.5187
99.5588
99.9188
99.7637
99.6794
99.8587
99.8092
99.7006
99.7404
99.8413
99.7799
99.8049
99.8379
99.8771
99.7816
99.7802
99.6916
99.7609
99.8421
99.9184
99.9719
99.7274
99.4803
99.8203
99.6679
99.7657
99.5844
99.6712
99.5044
99.7349
99.8972
99.7646
99.8067
99.8359
99.7736
99.8728
99.9116
99.7547
99.8665
99.9052
99.8373
99.9235
99.7285
99.5372
99.6457
99.9569
99.7897
99.4957
99.4596
99.7654
99.8759
99.9173
99.4175
99.8158
99.7703
99.788
99.7593
99.8579
99.8132
99.9342
99.7083
99.8843
99.6587
99.837
99.7437
99.6971
99.8464
99.584
99.8386
99.6672
99.7954
99.7322
99.7879
99.8389
99.5265
99.4217
99.8638
99.9199
99.7517
99.9278
99.945
99.8633
99.8512
99.6898
99.5103
99.9577
99.8835
99.8514
99.7115
99.9252
99.9858
99.8002
99.7753
99.6606
99.8529
99.8101
99.8399
99.8219
99.8036
99.7217
99.7902
99.8138
99.9352
99.7214
99.8333
99.8586
99.8203
99.9425
99.8345
99.8213
99.4757
99.7581
99.5202
99.6726
99.857
99.9317
99.7402
99.9286
99.6818
99.7182
99.7509
99.8252
99.7157
99.805
99.467
99.8635
99.5818
99.5181
99.6215
99.5986
99.5039
99.8321
99.7572
99.9396
99.8101
99.8209
99.9679
99.8705
99.8382
99.6927
99.9087
99.8609
99.8553
99.7448
99.8988
99.6808
99.6761
99.6973
99.6776
99.7981
99.7874
99.7357
99.6539
99.9297
99.7516
99.5393
99.8327
99.4408
99.4125
99.9708
99.7808
99.8556
99.7971
99.9352
99.9143
99.9024
99.92
99.8883
99.9258
99.9591
99.7013
99.8662
99.8821
99.882
99.8541
99.8894
99.7962
99.8041
99.5327
99.7028
99.8
99.7977
99.8234
99.7645
99.771
99.8634
99.815
99.8609
99.7532
99.6899
99.7615
99.7663
99.8927
99.7371
99.5245
99.8624
99.7419
99.8569
99.7449
99.7699
99.5455
99.8077
99.6765
99.7293
99.8313
99.7329
99.9562
99.9615
99.718
99.8225
99.9477
99.9205
99.8714
99.6497
99.8145
99.6853
99.9396
99.8135
99.8877
99.9107
99.6528
99.5119
99.7846
99.5095
99.7208
99.7377
99.8626
99.8693
99.8593
99.7601
99.4132
99.6881
99.7343
99.8721
99.8111
99.7921
99.866
99.9382
99.7875
99.9442
99.7975
99.7016
99.4565
99.9457
99.7512
99.8031
99.9012
99.6848
99.7443
99.8059
99.7792
99.5318
99.77
99.7001
99.8904
99.948
99.8593
99.8929
99.5629
99.8366
99.6762
99.8781
99.7978
99.8608
99.5933
99.5123
99.4383
99.4801
99.7903
99.7889
99.8394
99.8429
99.7126
99.8156
99.838
99.724
99.3381
99.7534
99.9076
99.8371
99.4102
99.9369
99.4967
99.7362
99.8238
99.7204
99.8299
99.8042
99.8545
99.8875
99.9347
99.9708
99.7053
99.9581
99.8498
99.5329
99.8842
99.7753
99.797
99.9639
99.516
99.4957
99.8648
99.4971
99.7295
99.408
99.8799
99.7103
99.9172
99.6285
99.7966
99.5182
99.7724
99.8363
99.9512
99.8441
99.9268
99.9285
99.8451
99.9221
99.8618
99.5583
99.835
99.7041
99.7155
99.7989
99.841
99.727
99.8056
99.9316
99.434
99.9133
99.652
99.8579
99.9872
99.6885
99.8818
99.4162
99.5389
99.7954
99.5129
99.7152
99.8617
99.8759
99.9283
99.856
99.7907
99.7572
99.695
99.6424
99.9076
99.7789
99.7123
99.9551
99.5408
99.93
99.5165
99.7126
99.6665
99.2056
99.9015
99.6733
99.7779
99.7537
99.8696
99.8742
99.7447
99.7002
99.8755
99.5463
99.7804
99.6681
99.8629
99.8232
99.7742
99.8082
99.7976
99.4564
99.6823
99.8035
99.8713
99.7059
99.8601
99.8327
99.8022
99.7115
99.8593
99.7144
99.8917
99.6386
99.7058
99.7059
99.9624
99.9509
99.9038
99.3981
99.8215
99.8181
99.8288
99.8488
99.8545
99.9356
99.8599
99.7571
99.6546
99.7775
99.4535
99.8423
99.7242
99.488
99.8448
99.4542
99.4964
99.812
99.5346
99.9307
99.9196
99.9058
99.6017
99.7803
99.7931
99.7982
99.8323
99.4951
99.9561
99.4719
99.5286
99.8389
99.9624
99.4142
99.6404
99.8828
99.8761
99.6895
99.8489
99.9504
99.5114
99.4517
99.7777
99.4471
99.8222
99.4034
99.8868
99.6956
99.9002
99.8977
99.8416
99.7909
99.8878
99.7653
99.8431
99.9015
99.4396
99.4811
99.6636
99.7356
99.4568
99.8645
99.9092
99.7765
99.8692
99.8962
99.8668
99.8231
99.8809
99.6688
99.7298
99.7907
99.8091
99.9567
99.6864
99.5043
99.8583
99.9309
99.8394
99.5193
99.862
99.5601
99.7501
99.7531
99.7883
99.7612
99.8947
99.8662
99.8585
99.6143
99.8581
99.8273
99.8637
99.785
99.8524
99.8586
99.8611
99.8651
99.5152
99.7551
99.8727
99.9307
99.8771
99.929
99.3187
99.6539
99.6739
99.7295
99.9187
99.9253
99.8481
99.8469
99.715
99.8645
99.7107
99.7492
99.6969
99.8519
99.7014
99.7703
99.9263
99.5312
99.9303
99.7554
99.8481
99.8475
99.8267
99.7795
99.7762
99.8041
99.4924
99.7847
99.7629
99.8872
99.9403
99.8005
99.7705
99.7739
99.709
99.7883
99.8252
99.5829
99.7741
99.7792
99.8297
99.7691
99.7372
99.871
99.8897
99.8237
99.9033
99.7583
99.646
99.8534
99.7495
99.606
99.7768
99.553
99.7409
99.8817
99.5577
99.4653
99.4915
99.7941
99.9605
99.744
99.759
99.7687
99.7931
99.7104
99.7562
99.7986
99.9452
99.9779
99.829
99.7732
99.8588
99.8987
99.9438
99.9222
99.7322
99.8693
99.9296
99.8078
99.621
99.468
99.8058
99.7634
99.4765
99.9172
99.75
99.7491
99.8425
99.9129
99.8788
99.9187
99.5433
99.8173
99.7165
99.8934
99.8689
99.7971
99.8516
99.8335
99.9266
99.9032
99.5189
99.5427
99.8563
99.8468
99.7842
99.8865
99.8432
99.7038
99.7994
99.7441
99.7896
99.6195
99.78
99.6748
99.8087
99.7889
99.7002
99.5084
99.8357
99.7485
99.9471
99.9081
99.4524
99.7995
99.6536
99.9555
99.8251
99.7557
99.8923
99.779
99.7359
99.9769
99.8938
99.8985
99.4907
99.8982
99.3623
99.7798
99.9006
99.7358
99.5117
99.4678
99.7118
99.8017
99.893
99.7746
99.742
99.9392
99.6972
99.3895
99.8324
99.9487
99.7948
99.827
99.847
99.9212
99.8599
99.6083
99.7596
99.8456
99.8489
99.4847
99.9345
99.7755
99.777
99.591
99.8833
99.7171
99.5662
99.7701
99.8503
99.5454
99.4906
99.7718
99.7389
99.9422
99.9032
99.6385
99.7199
99.9426
99.8285
99.7096
99.754
99.966
99.7101
99.86
99.9443
99.7749
99.7995
99.7805
99.8892
99.8072
99.9579
99.9488
99.8818
99.8121
99.7925
99.6964
99.5275
99.8553
99.8517
99.7118
99.806
99.8614
99.9436
99.7767
99.3984
99.6086
99.7471
99.8404
99.7067
99.9124
99.6588
99.9114
99.7623
99.9445
99.5704
99.7558
99.8312
99.7553
99.8865
99.957
99.8877
99.4645
99.7255
99.3217
99.9224
99.9468
99.9316
99.911
99.6988
99.9184
99.71
99.3765
99.8805
99.9184
99.9109
99.7849
99.8286
99.8553
99.5538
99.9473
99.9288
99.8735
99.7755
99.9126
99.6975
99.9153
99.9447
99.4815
99.8233
99.8745
99.8475
99.6992
99.824
99.6233
99.8455
99.7268
99.8637
99.8389
99.724
99.9421
99.6603
99.7848
99.8031
99.5991
99.8193
99.4861
99.7757
99.7957
99.6609
99.7347
99.8491
99.8501
99.954
99.7801
99.7624
99.8032
99.8569
99.8313
99.8223
99.659
99.7236
99.8785
99.5899
99.7599
99.8724
99.894
99.6862
99.9794
99.8676
99.9623
99.831
99.8393
99.7323
99.8768
99.9023
99.8537
99.7596
99.7537
99.9028
99.896
99.7689
99.4781
99.828
99.4655
99.5431
99.6966
99.8123
99.8108
99.9469
99.482
99.5249
99.7153
99.8286
99.7111
99.7722
99.7675
99.7744
99.8491
99.5241
99.8888
99.7316
99.8381
99.9288
99.9379
99.9298
99.6722
99.6141
99.9539
99.8102
99.4502
99.5287
99.767
99.9565
99.7172
99.8822
99.8488
99.436
99.8514
99.7198
99.8928
99.8359
99.9256
99.8586
99.8992
99.8603
99.8301
99.815
99.8328
99.4216
99.7408
99.8824
99.8322
99.9325
99.7654
99.8341
99.8668
99.7888
99.8394
99.9189
99.7974
99.4874
99.7946
99.4831
99.6848
99.6815
99.8695
99.7831
99.9199
99.9005
99.79
99.8819
99.6256
99.7357
99.8364
99.7081
99.717
99.874
99.7265
99.9466
99.9204
99.8668
99.7333
99.5909
99.7253
99.8045
99.7301
99.5206
99.6077
99.6925
99.7327
99.7872
99.7073
99.6877
99.8888
99.8566
99.9678
99.4323
99.7966
99.8099
99.5083
99.8952
99.7775
99.75
99.8574
99.5523
99.7538
99.8504
99.5237
99.8118
99.9676
99.9107
99.4511
99.7788
99.6861
99.844
99.9455
99.5049
99.8923
99.9504
99.8225
99.817
99.5301
99.705
99.8983
99.8616
99.7906
99.6881
99.5208
99.4842
99.866
99.7318
99.8184
99.6286
99.8591
99.9225
99.9419
99.8426
99.8272
99.5539
99.9057
99.8512
99.8424
99.8208
99.756
99.8682
99.9029
99.9149
99.8754
99.9608
99.7442
99.8907
99.7548
99.7684
99.5905
99.7018
99.4811
99.9253
99.9631
99.7727
99.7664
99.6345
99.7455
99.6637
99.4629
99.7074
99.5418
99.8284
99.8612
99.7974
99.4205
99.9249
99.596
99.6732
99.7112
99.8413
99.6716
99.6975
99.8358
99.6565
99.8903
99.8303
99.9066
99.8773
99.8791
99.435
99.6643
99.8666
99.7134
99.6944
99.7972
99.4204
99.7739
99.5472
99.8417
99.863
99.7643
99.8942
99.9034
99.8361
99.7764
99.7678
99.9125
99.8902
99.3834
99.9282
99.6581
99.9147
99.8281
99.8772
99.7297
99.495
99.715
99.9242
99.8089
99.802
99.8564
99.5489
99.5409
99.9005
99.9536
99.767
99.5222
99.7633
99.5708
99.7225
99.801
99.8146
99.8132
99.8658
99.8583
99.7714
99.7037
99.9568
99.5011
99.7183
99.787
99.6011
99.9061
99.4324
99.366
99.5034
99.8911
99.8768
99.6877
99.8183
99.9514
99.8258
99.3967
99.8284
99.8519
99.5527
99.4224
99.811
99.9367
99.8777
99.8633
99.5485
99.7787
99.463
99.947
99.8894
99.7773
99.791
99.6935
99.7969
99.8353
99.4411
99.4673
99.7977
99.8741
99.7593
99.715
99.8755
99.9317
99.8943
99.9381
99.9286
99.9553
99.7929
99.8179
99.7346
99.8787
99.8754
99.799
99.818
99.8537
99.8314
99.8081
99.6199
99.7615
99.5546
99.6806
99.7343
99.7412
99.9038
99.7604
99.7158
99.6227
99.6446
99.776
99.7786
99.699
99.4665
99.8138
99.5756
99.5745
99.4586
99.4973
99.7743
99.8006
99.8776
99.7611
99.747
99.553
99.7973
99.5472
99.5158
99.8055
99.4425
99.7535
99.8983
99.8463
99.9243
99.5024
99.5694
99.8461
99.7943
99.6194
99.495
99.6543
99.8163
99.8591
99.9181
99.5147
99.7486
99.8504
99.905
99.9076
99.8438
99.5684
99.7231
99.868
99.4248
99.4846
99.6168
99.8434
99.4112
99.9596
99.4234
99.9202
99.7809
99.8322
99.7232
99.7117
99.9028
99.7559
99.9346
99.8739
99.6416
99.5098
99.8902
99.8857
99.4655
99.5191
99.8485
99.538
99.8711
99.8556
99.7238
99.641
99.6385
99.8473
99.787
99.8257
99.7318
99.8085
99.9581
99.8026
99.7094
99.5094
99.5218
99.736
99.8311
99.8755
99.8874
99.8557
99.6549
99.9472
99.9333
99.7318
99.9403
99.4621
99.5212
99.7982
99.7389
99.8622
99.823
99.8756
99.8375
99.4908
99.6862
99.485
99.7932
99.8238
99.7373
99.8998
99.4967
99.8713
99.7331
99.8252
99.7284
99.8934
99.8223
99.8862
99.7439
99.9094
99.8256
99.8441
99.4792
99.664
99.99
99.8464
99.8047
99.7731
99.9009
99.9303
99.7395
99.4492
99.5356
99.797
99.4608
99.9028
99.9129
99.7741
99.5235
99.8488
99.8172
99.7036
99.5414
99.536
99.8628
99.8123
99.8468
99.7159
99.8894
99.8717
99.7609
99.8367
99.7228
99.5372
99.5623
99.8544
99.936
99.8226
99.8346
99.6527
99.9048
99.8888
99.7547
99.8047
99.8536
99.4863
99.9355
99.9556
99.8273
99.7281
99.9214
99.8576
99.9454
99.4408
99.8548
99.7889
99.851
99.6208
99.8852
99.8529
99.813
99.9222
99.6678
99.7087
99.5112
99.782
99.4809
99.8114
99.7662
99.9028
99.8926
99.7518
99.8307
99.758
99.5408
99.8776
99.8044
99.8444
99.8464
99.5302
99.8979
99.4692
99.8246
99.4857
99.7349
99.7284
99.8288
99.394
99.5355
99.781
99.7346
99.5533
99.9148
99.9068
99.5817
99.9378
99.8729
99.6056
99.9053
99.9133
99.8381
99.7943
99.8286
99.8739
99.6724
99.8896
99.9178
99.9328
99.943
99.9455
99.8592
99.797
99.752
99.9399
99.8228
99.8039
99.4549
99.6726
99.3874
99.9532
99.7779
99.4915
99.8756
99.5924
99.8043
99.905
99.4439
99.514
99.8192
99.8326
99.9343
99.7452
99.8738
99.883
99.5547
99.5285
99.5962
99.5103
99.599
99.4389
99.8863
99.7772
99.753
99.7336
99.817
99.9071
99.9246
99.5632
99.8347
99.9155
99.8814
99.9491
99.8493
99.7601
99.9025
99.8193
99.8934
99.7376
99.5095
99.7983
99.8228
99.6711
99.8734
99.8735
99.9217
99.6528
99.8599
99.5873
99.7393
99.6497
99.8944
99.5614
99.9856
99.9392
99.8384
99.8748
99.8878
99.7027
99.4182
99.7355
99.9044
99.5172
99.7819
99.7901
99.8261
99.5941
99.8403
99.8379
99.9586
99.5941
99.5198
99.4692
99.8094
99.7112
99.9013
99.8376
99.9248
99.8087
99.744
99.7481
99.6258
99.8882
99.8831
99.941
99.8573
99.9151
99.8173
99.7678
99.892
99.4895
99.5897
99.9232
99.8771
99.9074
99.773
99.4978
99.8509
99.6586
99.915
99.5396
99.7313
99.872
99.5331
99.5926
99.9278
99.8974
99.7482
99.7799
99.8204
99.4677
99.7328
99.9096
99.7534
99.8245
99.8255
99.4582
99.8321
99.6309
99.8904
99.4084
99.8975
99.8512
99.4663
99.8476
99.8491
99.9196
99.9087
99.6595
99.8583
99.7817
99.8807
99.7625
99.8082
99.8371
99.9369
99.5406
99.8795
99.5681
99.8635
99.878
99.7878
99.8052
99.7522
99.4545
99.7474
99.8627
99.5546
99.8135
99.7561
99.8411
99.8281
99.8008
99.9425
99.9139
99.8512
99.7537
99.8427
99.7898
99.8602
99.4738
99.9283
99.9
99.9149
99.9098
99.7229
99.6759
99.7983
99.7968
99.7855
99.9029
99.4789
99.9397
99.911
99.891
99.8838
99.7911
99.6242
99.6854
99.9303
99.8534
99.4554
99.8977
99.7857
99.9648
99.3526
99.9138
99.8417
99.8722
99.7983
99.5307
99.8743
99.9111
99.8477
99.9589
99.7302
99.4873
99.8468
99.8096
99.8316
99.6084
99.9542
99.6721
99.8526
99.6458
99.6831
99.5253
99.9131
99.3288
99.4851
99.9309
99.7537
99.7581
99.8649
99.9408
99.7246
99.7057
99.6588
99.7487
99.5595
99.8252
99.9715
99.6681
99.9225
99.9484
99.8908
99.74
99.6146
99.7274
99.825
99.9303
99.5776
99.7122
99.8874
99.8818
99.8847
99.9044
99.9
99.7491
99.8617
99.8052
99.3351
99.5468
99.6465
99.6558
99.8392
99.7201
99.8122
99.4585
99.4312
99.6264
99.7772
99.7937
99.7634
99.8261
99.8133
99.4615
99.3904
99.4381
99.7484
99.9673
99.8249
99.5471
99.9056
99.8098
99.7089
99.8147
99.8473
99.8095
99.686
99.74
99.8286
99.946
99.7196
99.9327
99.7526
99.742
99.7611
99.798
99.807
99.7076
99.8582
99.4331
99.5107
99.9063
99.8112
99.847
99.477
99.8281
99.5826
99.8716
99.6284
99.7694
99.8188
99.7513
99.9515
99.7831
99.7836
99.7983
99.7699
99.4718
99.5489
99.8255
99.4848
99.7274
99.4499
99.8896
99.9322
99.8229
99.541
99.8778
99.9149
99.8776
99.716
99.8794
99.893
99.8416
99.9102
99.7674
99.4291
99.7141
99.9248
99.6921
99.8956
99.9188
99.8087
99.8719
99.7648
99.7716
99.6309
99.9383
99.8436
99.7484
99.8133
99.8268
99.8399
99.903
99.7433
99.926
99.7262
99.8011
99.5169
99.558
99.8639
99.5283
99.9225
99.7913
99.9319
99.8229
99.873
99.8405
99.8416
99.4457
99.8306
99.8053
99.9553
99.7971
99.913
99.7539
99.7354
99.9448
99.7743
99.8009
99.8863
99.9224
99.7928
99.8904
99.812
99.9087
99.7974
99.8887
99.7308
99.8439
99.7703
99.9138
99.8615
99.8677
99.7563
99.6173
99.8704
99.7851
99.7304
99.8035
99.7717
99.4592
99.8778
99.4031
99.5123
99.8541
99.7863
99.9425
99.4832
99.8628
99.543
99.3833
99.6477
99.6505
99.8822
99.3627
99.8411
99.7884
99.9033
99.6034
99.8572
99.8158
99.756
99.8207
99.8744
99.3427
99.8389
99.9552
99.4585
99.892
99.4949
99.51
99.8834
99.8676
99.8435
99.8497
99.8967
99.7621
99.8223
99.8516
99.8439
99.5461
99.4866
99.2221
99.8707
99.7767
99.6899
99.7445
99.7273
99.7057
99.857
99.5056
99.9125
99.7458
99.8255
99.8517
99.8592
99.8707
99.9154
99.7186
99.9502
99.8123
99.8144
99.4475
99.7399
99.6046
99.9512
99.8008
99.8374
99.6197
99.7697
99.8711
99.8537
99.8466
99.5721
99.8191
99.8696
99.9639
99.8816
99.9413
99.9488
99.9208
99.567
99.8391
99.476
99.9016
99.9332
99.7539
99.8006
99.4494
99.9039
99.9782
99.7714
99.7622
99.5247
99.7497
99.4928
99.8947
99.7695
99.8607
99.8833
99.8523
99.8618
99.6476
99.6343
99.7878
99.913
99.9529
99.473
99.8461
99.8148
99.8199
99.7888
99.8537
99.9472
99.7235
99.8321
99.881
99.8158
99.9669
99.8806
99.8254
99.9055
99.6503
99.8238
99.4385
99.4755
99.7138
99.6822
99.6872
99.6367
99.9289
99.8908
99.919
99.6189
99.757
99.7664
99.8067
99.9386
99.8529
99.8502
99.8752
99.5884
99.8841
99.828
99.5023
99.8577
99.9188
99.4928
99.852
99.8682
99.7307
99.8995
99.4149
99.8011
99.8499
99.9312
99.7971
99.391
99.7262
99.8062
99.7921
99.8218
99.3953
99.7643
99.7382
99.7574
99.4908
99.4595
99.508
99.8033
99.8281
99.8397
99.886
99.7545
99.7271
99.7704
99.7707
99.8598
99.7218
99.842
99.967
99.9622
99.5667
99.9046
99.9458
99.699
99.8377
99.4328
99.862
99.4193
99.755
99.7832
99.7347
99.9078
99.8016
99.7562
99.8419
99.753
99.7894
99.9328
99.5324
99.8046
99.8307
99.8331
99.6551
99.3727
99.7734
99.4352
99.6747
99.7357
99.9361
99.8422
99.6884
99.8967
99.8952
99.8021
99.8387
99.4825
99.5465
99.7332
99.4434
99.8158
99.8527
99.8915
99.8499
99.6927
99.6629
99.7954
99.8991
99.6794
99.6872
99.4229
99.7341
99.769
99.8829
99.8149
99.6107
99.8872
99.827
99.7158
99.9287
99.7608
99.7291
99.7895
99.8845
99.8081
99.8506
99.7416
99.5527
99.8973
99.8097
99.8412
99.8732
99.8673
99.855
99.8037
99.8809
99.9324
99.8524
99.7968
99.7756
99.8036
99.7494
99.9488
99.7569
99.8336
99.8597
99.6129
99.9284
99.8889
99.8951
99.5524
99.4176
99.9252
99.7339
99.803
99.4065
99.8313
99.6265
99.9305
99.8266
99.5598
99.9521
99.9416
99.9001
99.8692
99.7937
99.9161
99.9177
99.7591
99.4035
99.761
99.8544
99.7489
99.8448
99.8834
99.7187
99.4993
99.8263
99.8209
99.7307
99.652
99.7534
99.4769
99.8236
99.3268
99.7326
99.8348
99.8374
99.7489
99.537
99.8817
99.9128
99.9012
99.7028
99.9639
99.7104
99.8897
99.8944
99.9751
99.8428
99.8394
99.9376
99.8612
99.5467
99.9036
99.7676
99.8671
99.9409
99.825
99.7364
99.7296
99.7649
99.9063
99.7789
99.8924
99.8388
99.9083
99.8188
99.716
99.6032
99.7758
99.4047
99.9167
99.8398
99.8168
99.6882
99.9443
99.8787
99.9133
99.8122
99.9448
99.7718
99.8201
99.8509
99.5053
99.7051
99.4889
99.5281
99.9637
99.4029
99.8503
99.9455
99.4293
99.8567
99.5621
99.8592
99.5997
99.7075
99.7532
99.9423
99.7371
99.6058
99.9852
99.7665
99.7284
99.7342
99.8851
99.3931
99.4876
99.4929
99.7405
99.7681
99.7392
99.7604
99.7462
99.9216
99.8175
99.9626
99.9246
99.726
99.7099
99.4072
99.6517
99.9101
99.1548
99.911
99.5072
99.604
99.8012
99.909
99.8722
99.825
99.9319
99.8855
99.7535
99.8325
99.7971
99.51
99.8775
99.8968
99.447
99.8483
99.8082
99.8378
99.4739
99.9228
99.9633
99.9309
99.488
99.8065
99.9339
99.8083
99.5706
99.6516
99.545
99.8541
99.7794
99.361
99.9574
99.818
99.7855
99.6006
99.4469
99.8738
99.2787
99.9258
99.8995
99.4574
99.501
99.9267
99.8374
99.897
99.4734
99.7065
99.5408
99.7669
99.9433
99.9811
99.7366
99.8414
99.7938
99.8831
99.9039
99.7227
99.8504
99.8767
99.8227
99.8876
99.7704
99.9585
99.8615
99.5131
99.4699
99.8702
99.8539
99.8238
99.5695
99.8421
99.6889
99.8251
99.8562
99.8173
99.783
99.9156
99.8382
99.8212
99.7253
99.8721
99.9267
99.8614
99.8752
99.85
99.788
99.8893
99.3759
99.7452
99.8383
99.8928
99.8482
99.8699
99.9445
99.7097
99.6547
99.938
99.875
99.7389
99.9312
99.8308
99.7117
99.6436
99.8668
99.7572
99.894
99.8333
99.884
99.6115
99.6922
99.8867
99.9067
99.556
99.9024
99.9459
99.8324
99.7857
99.4369
99.8728
99.4636
99.6758
99.8549
99.5744
99.694
99.6978
99.9036
99.9033
99.7076
99.8553
99.8596
99.8569
99.729
99.8477
99.7573
99.8562
99.6695
99.8244
99.4802
99.7991
99.9422
99.911
99.8704
99.9182
99.9608
99.8543
99.8283
99.8611
99.9342
99.8546
99.7373
99.5598
99.8544
99.9164
99.9462
99.9507
99.742
99.7084
99.8102
99.5019
99.8175
99.8957
99.7141
99.9809
99.4493
99.6863
99.8108
99.8595
99.9189
99.4993
99.8708
99.6487
99.9025
99.8593
99.5756
99.8062
99.7076
99.7874
99.7696
99.8074
99.805
99.7134
99.7808
99.4177
99.9308
99.8042
99.4831
99.5231
99.739
99.9144
99.4788
99.7006
99.9304
99.7585
99.8363
99.5531
99.4775
99.7643
99.8307
99.5392
99.6621
99.4314
99.7944
99.7699
99.8319
99.8843
99.8646
99.8244
99.7222
99.9036
99.7232
99.5351
99.7248
99.7328
99.7763
99.8119
99.8554
99.9214
99.9234
99.6569
99.9499
99.6904
99.7988
99.9146
99.6977
99.4806
99.785
99.839
99.984
99.8316
99.9294
99.5779
99.9347
99.9239
99.7331
99.6409
99.7303
99.8694
99.6913
99.9603
99.8752
99.6715
99.5438
99.9639
99.9254
99.8618
99.7284
99.9614
99.4739
99.8879
99.8966
99.8171
99.7736
99.4377
99.7115
99.9322
99.8031
99.3883
99.9439
99.9043
99.8156
99.5213
99.9015
99.8867
99.5064
99.69
99.7904
99.9481
99.8465
99.5006
99.764
99.6719
99.8124
99.8203
99.791
99.8943
99.8918
99.7622
99.7342
99.8594
99.64
99.6361
99.6253
99.7518
99.786
99.5427
99.8716
99.87
99.7647
99.9
99.7493
99.4356
99.544
99.9445
99.8892
99.8333
99.9406
99.5283
99.8328
99.7312
99.7849
99.9596
99.7987
99.7122
99.628
99.8194
99.4932
99.7835
99.8328
99.8711
99.7636
99.5099
99.7793
99.8396
99.7439
99.7209
99.6471
99.818
99.8471
99.6385
99.7999
99.8071
99.9617
99.8016
99.7434
99.69
99.94
99.7205
99.7825
99.726
99.5233
99.85
99.7818
99.7555
99.7471
99.7514
99.8318
99.4835
99.4937
99.7302
99.9253
99.74
99.6414
99.876
99.8842
99.7872
99.8509
99.5096
99.5615
99.8442
99.954
99.6724
99.7381
99.9061
99.8175
99.6447
99.8643
99.4465
99.7943
99.8519
99.7878
99.4617
99.9072
99.9588
99.8094
99.9389
99.8824
99.7578
99.9715
99.8941
99.8191
99.7471
99.7985
99.837
99.8897
99.7577
99.8934
99.793
99.8471
99.9604
99.8065
99.6626
99.4196
99.8373
99.9444
99.5123
99.7442
99.7418
99.8713
99.8797
99.7851
99.7791
99.915
99.7593
99.7988
99.7194
99.7903
99.8516
99.384
99.9459
99.9035
99.7604
99.7635
99.8119
99.7395
99.7176
99.8181
99.8637
99.8255
99.9476
99.824
99.7722
99.8596
99.8923
99.8424
99.8729
99.6927
99.8059
99.8157
99.525
99.8569
99.7798
99.8876
99.7861
99.8591
99.7147
99.7918
99.8973
99.8562
99.5856
99.6628
99.8774
99.7585
99.7086
99.9038
99.9234
99.8637
99.5101
99.9087
99.932
99.832
99.9211
99.7399
99.8178
99.5842
99.5445
99.8679
99.906
99.9583
99.9426
99.8409
99.7743
99.8335
99.8457
99.778
99.9346
99.8757
99.7755
99.9194
99.8757
99.9046
99.7545
99.8921
99.6575
99.404
99.8692
99.5484
99.746
99.6936
99.6901
99.7777
99.8263
99.8358
99.4735
99.7496
99.8906
99.953
99.796
99.5724
99.8673
99.7499
99.9288
99.8562
99.9292
99.7643
99.5013
99.9105
99.6667
99.9658
99.7668
99.7897
99.8049
99.8685
99.5748
99.6541
99.907
99.5192
99.9125
99.7056
99.8901
99.8721
99.7794
99.8539
99.3784
99.877
99.5143
99.807
99.8085
99.7855
99.4743
99.8763
99.8561
99.7093
99.8802
99.7722
99.9245
99.9412
99.7606
99.6602
99.9419
99.7656
99.8499
99.8726
99.4893
99.8581
99.9233
99.875
99.7667
99.5975
99.781
99.5661
99.8003
99.7448
99.7561
99.7098
99.7713
99.926
99.7439
99.8534
99.9714
99.8616
99.8709
99.8106
99.7787
99.5184
99.7063
99.8039
99.526
99.5727
99.7934
99.6536
99.8272
99.855
99.8973
99.7391
99.6794
99.8374
99.7512
99.8724
99.837
99.8266
99.4262
99.7771
99.9334
99.5135
99.8286
99.8398
99.5269
99.9596
99.9136
99.8477
99.91
99.8673
99.8384
99.818
99.663
99.4085
99.7788
99.872
99.5029
99.3448
99.6667
99.923
99.7349
99.9736
99.7421
99.9446
99.8842
99.6281
99.7273
99.8989
99.5008
99.8465
99.4309
99.8841
99.918
99.5582
99.5635
99.8323
99.8342
99.4344
99.8283
99.8268
99.8672
99.8423
99.8454
99.9228
99.5256
99.8662
99.9128
99.5665
99.7047
99.7016
99.8817
99.7779
99.8505
99.7031
99.6988
99.9021
99.4674
99.4948
99.8489
99.7572
99.3817
99.4982
99.8599
99.6568
99.4258
99.3946
99.9139
99.4706
99.8344
99.7372
99.8542
99.8764
99.7593
99.2964
99.8082
99.4503
99.9119
99.9343
99.7962
99.8254
99.9204
99.9519
99.9451
99.7614
99.8048
99.8433
99.7742
99.8438
99.9078
99.9501
99.8955
99.8199
99.9474
99.7642
99.9073
99.7493
99.9277
99.8211
99.8706
99.6647
99.928
99.84
99.7994
99.5819
99.6745
99.8962
99.905
99.7399
99.4162
99.6577
99.8389
99.8071
99.92
99.9427
99.9646
99.8794
99.9254
99.8978
99.7709
99.6275
99.9115
99.8255
99.83
99.9243
99.8305
99.7129
99.9105
99.8757
99.9328
99.4367
99.7647
99.8029
99.4827
99.684
99.9595
99.7748
99.7251
99.5579
99.6187
99.7743
99.6928
99.7289
99.7348
99.2665
99.9372
99.7978
99.7827
99.6783
99.6151
99.8263
99.8935
99.7726
99.8291
99.8152
99.8248
99.7149
99.868
99.9423
99.822
99.7836
99.785
99.7874
99.8608
99.9396
99.8477
99.791
99.9679
99.4986
99.5808
99.7103
99.8228
99.8487
99.7705
99.693
99.4826
99.9304
99.9317
99.7675
99.7405
99.7568
99.9286
99.8474
99.7339
99.951
99.8541
99.7619
99.8933
99.7486
99.9487
99.8392
99.5143
99.8986
99.8311
99.8111
99.6954
99.5956
99.8258
99.8698
99.7452
99.9166
99.8726
99.8793
99.982
99.8016
99.8588
99.8016
99.6654
99.766
99.5362
99.9058
99.8772
99.8471
99.8341
99.811
99.8629
99.8913
99.8525
99.3493
99.7784
99.8093
99.8565
99.7618
99.7929
99.5102
99.8678
99.5925
99.4517
99.661
99.7093
99.5411
99.7737
99.7365
99.8443
99.9209
99.808
99.7337
99.8499
99.7848
99.7085
99.7654
99.8635
99.8059
99.7134
99.6623
99.5343
99.7006
99.8837
99.6869
99.8025
99.7007
99.461
99.8487
99.8235
99.6448
99.57
99.7324
99.9191
99.4358
99.9287
99.8403
99.8894
99.8273
99.795
99.7228
99.8533
99.8302
99.8114
99.7728
99.4812
99.6853
99.4548
99.8499
99.7133
99.811
99.8809
99.9398
99.7951
99.8962
99.8899
99.5153
99.9443
99.8212
99.9325
99.9498
99.4926
99.6499
99.8277
99.947
99.82
99.7628
99.4941
99.4157
99.9547
99.7531
99.8123
99.7559
99.5642
99.7364
99.7985
99.7935
99.8507
99.4866
99.4784
99.9577
99.8558
99.7516
99.8622
99.7996
99.9157
99.7396
99.7235
99.6115
99.5646
99.8656
99.6353
99.8562
99.7721
99.835
99.8323
99.8457
99.8217
99.9469
99.9096
99.8006
99.8001
99.8001
99.7339
99.7769
99.5354
99.6788
99.9258
99.8539
99.9015
99.8362
99.8711
99.4451
99.7662
99.8617
99.8752
99.8165
99.9442
99.4318
99.8574
99.5402
99.7999
99.7227
99.9292
99.8473
99.838
99.7544
99.8546
99.7635
99.9044
99.8592
99.7986
99.7757
99.9195
99.7079
99.9185
99.5248
99.9156
99.7834
99.7125
99.5199
99.4671
99.8541
99.9427
99.6751
99.8144
99.7435
99.7603
99.7784
99.8212
99.4784
99.9232
99.8955
99.8191
99.8347
99.8232
99.5049
99.9636
99.8215
99.4971
99.8245
99.4518
99.9119
99.7104
99.8313
99.935
99.7621
99.8686
99.8222
99.5455
99.7533
99.9221
99.769
99.7849
99.4068
99.7464
99.8992
99.8352
99.9302
99.8333
99.5107
99.9285
99.8617
99.87
99.7576
99.8253
99.7865
99.805
99.8792
99.8276
99.7156
99.8591
99.9348
99.9086
99.8996
99.9108
99.8181
99.853
99.7415
99.8101
99.7574
99.866
99.8386
99.8427
99.8124
99.8535
99.7928
99.853
99.8724
99.8787
99.9503
99.9042
99.7376
99.5974
99.795
99.8604
99.8462
99.7435
99.7513
99.5556
99.7093
99.5112
99.3271
99.498
99.7739
99.9224
99.8363
99.8825
99.7818
99.7983
99.7391
99.7918
99.8692
99.4856
99.7355
99.7041
99.8457
99.9114
99.8413
99.8348
99.8612
99.8871
99.5235
99.9602
99.7379
99.8979
99.8751
99.8154
99.8742
99.9488
99.8402
99.9401
99.8313
99.6335
99.7356
99.6483
99.7702
99.9315
99.595
99.9587
99.826
99.7997
99.6705
99.7077
99.8256
99.4285
99.7247
99.7397
99.6851
99.7779
99.9439
99.7518
99.8894
99.4925
99.6772
99.8165
99.8965
99.8313
99.7182
99.8371
99.8693
99.7272
99.532
99.853
99.9385
99.676
99.8985
99.7001
99.5435
99.9423
99.8505
99.8377
99.9137
99.7019
99.7607
99.8136
99.7153
99.8036
99.9244
99.7107
99.8399
99.5062
99.9317
99.5915
99.8571
99.4459
99.7866
99.8647
99.8252
99.8189
99.5324
99.9104
99.8914
99.9246
99.9887
99.8628
99.8671
99.7058
99.8625
99.5504
99.7795
99.5199
99.5283
99.9317
99.7252
99.5018
99.7723
99.9669
99.8107
99.7743
99.7209
99.7894
99.4874
99.836
99.8032
99.8029
99.8164
99.7288
99.7219
99.7333
99.5237
99.8517
99.7678
99.7604
99.8046
99.8561
99.9237
99.7204
99.6716
99.8356
99.8813
99.6736
99.8345
99.4542
99.7725
99.7807
99.8098
99.7614
99.5885
99.5573
99.4374
99.7674
99.9584
99.5828
99.7381
99.7935
99.8837
99.6207
99.8671
99.4856
99.7783
99.8358
99.5202
99.8095
99.8646
99.7941
99.3842
99.8637
99.7551
99.8711
99.2947
99.8048
99.7973
99.7732
99.4271
99.7554
99.7294
99.8219
99.9373
99.4597
99.9068
99.6966
99.4512
99.8041
99.776
99.816
99.8147
99.7508
99.9261
99.4567
99.7457
99.8017
99.4866
99.8158
99.4961
99.9244
99.8424
99.919
99.9389
99.8402
99.8115
99.7705
99.6731
99.8466
99.9125
99.7209
99.7793
99.8551
99.9046
99.9319
99.7569
99.9286
99.7907
99.8867
99.881
99.8517
99.4541
99.9554
99.7118
99.8219
99.8033
99.8344
99.6226
99.6537
99.4527
99.7319
99.9011
99.8023
99.8667
99.7961
99.5364
99.8135
99.8464
99.7571
99.8056
99.7919
99.9046
99.9171
99.7472
99.8479
99.5012
99.6561
99.8268
99.9306
99.8159
99.9188
99.7441
99.847
99.829
99.856
99.4102
99.8193
99.9413
99.5158
99.8786
99.7589
99.7885
99.8752
99.6621
99.966
99.4923
99.8051
99.8289
99.6379
99.7878
99.9397
99.916
99.7705
99.779
99.8887
99.9564
99.8192
99.912
99.9485
99.4223
99.8567
99.819
99.8987
99.8011
99.9127
99.7187
99.7868
99.8022
99.8039
99.742
99.8857
99.7111
99.8017
99.4931
99.87
99.9562
99.8686
99.6758
99.7943
99.4582
99.9152
99.8369
99.7477
99.799
99.8973
99.5249
99.7324
99.8161
99.9311
99.8401
99.523
99.7589
99.7554
99.7551
99.5611
99.6507
99.6598
99.8796
99.8586
99.833
99.8677
99.8493
99.8416
99.8368
99.7297
99.5886
99.6734
99.4679
99.7182
99.775
99.6264
99.8936
99.8668
99.6349
99.6752
99.7732
99.9745
99.7535
99.812
99.8342
99.8639
99.8191
99.503
99.8138
99.8534
99.9643
99.8902
99.7328
99.8633
99.7945
99.8929
99.7919
99.9481
99.9513
99.9592
99.894
99.7167
99.8343
99.7985
99.7625
99.8648
99.6053
99.9184
99.7625
99.8809
99.4753
99.6446
99.8021
99.5428
99.7353
99.9306
99.8304
99.8268
99.7903
99.7204
99.7856
99.838
99.8462
99.9178
99.7879
99.8107
99.4734
99.894
99.9484
99.52
99.8462
99.9301
99.9664
99.7507
99.8744
99.4287
99.8365
99.7578
99.8448
99.7892
99.9161
99.8203
99.4653
99.6957
99.835
99.8756
99.7643
99.8248
99.8085
99.9065
99.7411
99.7158
99.5908
99.8977
99.5359
99.9447
99.8455
99.7549
99.492
99.8427
99.6592
99.8489
99.9018
99.5241
99.9408
99.6205
99.7971
99.8708
99.4698
99.8859
99.8232
99.8902
99.5333
99.931
99.7816
99.4373
99.8211
99.399
99.4744
99.5137
99.845
99.5563
99.9149
99.8582
99.7486
99.879
99.6889
99.6976
99.8829
99.9061
99.5094
99.8758
99.8103
99.9086
99.75
99.5487
99.7734
99.8309
99.8865
99.8204
99.8158
99.9471
99.9417
99.8697
99.7906
99.4328
99.8459
99.8345
99.6108
99.8628
99.7878
99.9551
99.8985
99.4218
99.9287
99.8006
99.9408
99.7224
99.922
99.5768
99.8155
99.7236
99.7124
99.8914
99.786
99.9456
99.9391
99.8535
99.8933
99.9289
99.7901
99.4032
99.7464
99.5326
99.8422
99.7199
99.5895
99.7485
99.4513
99.7305
99.8932
99.731
99.8781
99.5369
99.5224
99.7591
99.9191
99.9312
99.8553
99.9852
99.9393
99.7993
99.4284
99.7991
99.9796
99.7082
99.8756
99.7393
99.902
99.5462
99.9589
99.7857
99.9438
99.8637
99.759
99.7589
99.762
99.8554
99.695
99.8094
99.805
99.9486
99.7984
99.8021
99.8865
99.8197
99.5495
99.6778
99.5732
99.7957
99.7587
99.8172
99.9396
99.8601
99.8285
99.77
99.8434
99.8337
99.8178
99.7234
99.4652
99.8998
99.4933
99.8437
99.8252
99.9032
99.8273
99.9171
99.6972
99.7822
99.7182
99.8314
99.9379
99.7929
99.7052
99.7531
99.8427
99.8111
99.7734
99.8226
99.9248
99.5658
99.8839
99.5983
99.8484
99.9508
99.9131
99.9127
99.8958
99.8163
99.3795
99.5467
99.8882
99.7163
99.852
99.8008
99.8124
99.8951
99.8038
99.4906
99.8239
99.7705
99.8145
99.981
99.419
99.5183
99.9295
99.4495
99.8322
99.9111
99.8367
99.8589
99.7957
99.5212
99.8481
99.8578
99.8951
99.8449
99.8219
99.9472
99.7552
99.9425
99.7562
99.8241
99.4837
99.8464
99.9245
99.9469
99.9038
99.8089
99.8486
99.7634
99.9339
99.7595
99.928
99.8547
99.7569
99.9148
99.4675
99.9222
99.8479
99.6419
99.8686
99.9353
99.6842
99.9691
99.892
99.6951
99.8567
99.8979
99.4639
99.7906
99.7597
99.9476
99.7483
99.787
99.8711
99.8883
99.8035
99.7478
99.9003
99.6232
99.9037
99.8005
99.9438
99.9154
99.5322
99.7263
99.8225
99.44
99.8264
99.6466
99.8967
99.9493
99.8168
99.838
99.8267
99.646
99.8104
99.6762
99.8212
99.6283
99.7812
99.465
99.7174
99.4795
99.8982
99.4737
99.4649
99.8477
99.9452
99.7713
99.9097
99.7127
99.8656
99.8371
99.7269
99.8983
99.9268
99.7904
99.926
99.9578
99.6826
99.8388
99.806
99.8907
99.8408
99.8491
99.8265
99.7668
99.7184
99.7574
99.7452
99.3873
99.3975
99.909
99.8606
99.7946
99.9165
99.5312
99.744
99.5576
99.862
99.8357
99.8439
99.8287
99.5593
99.835
99.6796
99.8437
99.9756
99.9281
99.7873
99.4955
99.6422
99.7317
99.9374
99.8304
99.7355
99.8742
99.8741
99.7688
99.8301
99.8632
99.9445
99.9166
99.7969
99.9149
99.7373
99.7419
99.4779
99.7914
99.8883
99.8952
99.8192
99.8954
99.7583
99.5061
99.7867
99.6598
99.7879
99.8321
99.7579
99.924
99.7171
99.8854
99.7535
99.4512
99.9423
99.9049
99.68
99.7873
99.8379
99.9311
99.6931
99.8225
99.469
99.9553
99.8196
99.884
99.8246
99.4728
99.6949
99.8795
99.8611
99.6683
99.5583
99.4681
99.6976
99.8706
99.8119
99.716
99.7897
99.8425
99.7099
99.8366
99.619
99.5199
99.7857
99.7918
99.4432
99.7624
99.858
99.7936
99.6645
99.8088
99.8534
99.8894
99.897
99.9087
99.7932
99.8718
99.7574
99.6855
99.7871
99.8598
99.6942
99.5102
99.5712
99.8034
99.4883
99.589
99.8451
99.9342
99.5758
99.8388
99.8985
99.8232
99.7143
99.532
99.8442
99.5376
99.7741
99.9555
99.883
99.7047
99.9142
99.5243
99.7269
99.8402
99.9062
99.412
99.8011
99.6449
99.4237
99.8738
99.8593
99.7992
99.5817
99.7727
99.8876
99.4915
99.8313
99.7806
99.7776
99.7038
99.7043
99.8171
99.6474
99.5403
99.4676
99.4287
99.7492
99.4635
99.8005
99.7329
99.9481
99.8817
99.8661
99.854
99.7998
99.8569
99.7169
99.9464
99.7663
99.4845
99.608
99.57
99.8023
99.8898
99.7126
99.8721
99.496
99.8618
99.9401
99.6292
99.7119
99.7196
99.9701
99.6839
99.7812
99.9079
99.7929
99.7549
99.8511
99.7675
99.5587
99.858
99.8351
99.8197
99.9444
99.7763
99.8396
99.8919
99.6746
99.5197
99.6051
99.836
99.8537
99.7599
99.7221
99.7701
99.8739
99.7286
99.7884
99.8419
99.6205
99.8428
99.8161
99.7408
99.8967
99.5145
99.9
99.6218
99.9551
99.891
99.555
99.8199
99.7807
99.7965
99.7066
99.882
99.8623
99.5626
99.7968
99.846
99.9504
99.5347
99.8061
99.6403
99.6249
99.8448
99.8939
99.8461
99.8368
99.903
99.7847
99.9358
99.7765
99.7553
99.8285
99.8782
99.4432
99.7897
99.4998
99.5497
99.9305
99.8604
99.7502
99.8302
99.9141
99.7917
99.8577
99.7783
99.5196
99.5868
99.8061
99.5252
99.8791
99.79
99.9456
99.6504
99.8982
99.5155
99.8733
99.7531
99.7907
99.6972
99.8806
99.9323
99.8151
99.8297
99.8986
99.7708
99.5072
99.7936
99.9285
99.437
99.912
99.7884
99.8442
99.9555
99.8329
99.4877
99.6462
99.8227
99.4863
99.7807
99.8768
99.8394
99.8789
99.6798
99.7431
99.5731
99.8172
99.8503
99.7659
99.4681
99.8928
99.7668
99.8874
99.4916
99.8315
99.8036
99.8841
99.9064
99.5238
99.9239
99.7682
99.7867
99.8379
99.9404
99.4718
99.8251
99.8433
99.5714
99.7539
99.7095
99.5742
99.7442
99.9478
99.6869
99.8264
99.7391
99.534
99.8491
99.7846
99.5874
99.8065
99.9002
99.7531
99.7864
99.8592
99.7448
99.9172
99.8071
99.9573
99.5338
99.8061
99.7511
99.5365
99.8319
99.7734
99.7579
99.8175
99.8973
99.8569
99.8414
99.5464
99.7901
99.8358
99.8061
99.7578
99.8522
99.5094
99.8757
99.8266
99.5349
99.8696
99.7259
99.9556
99.8096
99.7532
99.5477
99.6451
99.8587
99.8914
99.9002
99.9389
99.8221
99.8493
99.6136
99.853
99.547
99.8714
99.5419
99.4498
99.5048
99.8085
99.3685
99.7851
99.8285
99.8361
99.726
99.8752
99.8365
99.8415
99.874
99.5092
99.9068
99.9499
99.8247
99.8161
99.8128
99.5376
99.7093
99.8341
99.7803
99.6561
99.4844
99.8508
99.8501
99.8277
99.8527
99.5886
99.8109
99.8084
99.8472
99.8182
99.882
99.4766
99.8325
99.7873
99.8888
99.3706
99.8586
99.7476
99.4942
99.9681
99.4953
99.913
99.8322
99.7053
99.8607
99.8952
99.783
99.8165
99.6359
99.8377
99.9066
99.6923
99.7025
99.7618
99.8616
99.7157
99.7796
99.7725
99.456
99.828
99.8749
99.9387
99.8234
99.4877
99.9175
99.6624
99.7582
99.7533
99.4928
99.8012
99.8342
99.6969
99.9091
99.9046
99.8303
99.8006
99.5099
99.8557
99.509
99.5206
99.9183
99.8375
99.5143
99.9098
99.6854
99.7984
99.8049
99.8158
99.7649
99.7725
99.8325
99.8509
99.764
99.6346
99.5418
99.7764
99.913
99.7022
99.9469
99.7818
99.8519
99.9582
99.8932
99.9512
99.8271
99.9394
99.8124
99.6751
99.885
99.919
99.9201
99.8277
99.8006
99.5622
99.9169
99.9635
99.7233
99.5272
99.7784
99.7882
99.9336
99.8362
99.8767
99.9233
99.9462
99.8355
99.8173
99.4941
99.8077
99.4975
99.8567
99.6992
99.7998
99.8311
99.9286
99.5275
99.8481
99.6804
99.6888
99.7447
99.4493
99.7369
99.7384
99.5493
99.7299
99.8361
99.7832
99.9092
99.8375
99.7686
99.9191
99.943
99.8405
99.7495
99.9266
99.8011
99.936
99.9236
99.8249
99.8355
99.7099
99.8384
99.8703
99.8607
99.8788
99.7961
99.8874
99.5774
99.6033
99.4979
99.8451
99.4582
99.8121
99.6439
99.6942
99.8157
99.9613
99.789
99.8295
99.7719
99.6945
99.5837
99.8819
99.4923
99.8411
99.5916
99.9431
99.8542
99.9527
99.7425
99.5605
99.3636
99.8069
99.85
99.8473
99.7291
99.8559
99.9149
99.9656
99.5811
99.9378
99.7713
99.8318
99.4385
99.7574
99.7344
99.7969
99.8594
99.9115
99.8489
99.6892
99.9355
99.7477
99.8427
99.4966
99.6256
99.6287
99.6446
99.8397
99.5867
99.8529
99.4775
99.8666
99.4727
99.7295
99.57
99.9107
99.8714
99.8956
99.8129
99.8958
99.9033
99.7985
99.5397
99.6509
99.7948
99.8697
99.6097
99.5393
99.5956
99.8392
99.7006
99.9267
99.8388
99.9345
99.9243
99.753
99.4322
99.7074
99.9567
99.883
99.8417
99.932
99.8357
99.8553
99.501
99.8655
99.7105
99.9026
99.7647
99.5686
99.7924
99.4945
99.8343
99.5778
99.5047
99.9004
99.7505
99.4855
99.5916
99.9236
99.7113
99.6394
99.8603
99.7101
99.5107
99.8831
99.8738
99.4393
99.5163
99.7463
99.7744
99.8876
99.4987
99.8108
99.8453
99.9471
99.8615
99.8544
99.7646
99.7961
99.5576
99.8124
99.5607
99.7204
99.8874
99.6615
99.92
99.9265
99.7862
99.8843
99.4816
99.5286
99.9758
99.912
99.8733
99.7042
99.7809
99.8996
99.8872
99.4825
99.8081
99.8421
99.9044
99.4816
99.4473
99.845
99.8623
99.7701
99.9003
99.4685
99.7099
99.9145
99.496
99.8701
99.8223
99.9536
99.4707
99.9283
99.518
99.8739
99.8386
99.4812
99.8787
99.8609
99.4816
99.7468
99.8199
99.9217
99.9448
99.813
99.9601
99.8039
99.8174
99.8641
99.9562
99.863
99.7959
99.8034
99.8152
99.7507
99.8151
99.6624
99.8045
99.7723
99.6192
99.7552
99.3974
99.8545
99.9316
99.5848
99.7636
99.8588
99.4626
99.4286
99.817
99.4952
99.8446
99.7773
99.8529
99.8239
99.7013
99.8678
99.8634
99.8699
99.7204
99.5395
99.7116
99.8681
99.4815
99.8689
99.7625
99.7714
99.8851
99.8372
99.7413
99.7567
99.5878
99.8802
99.4751
99.8942
99.9092
99.3859
99.8909
99.7797
99.7138
99.9001
99.811
99.5139
99.9288
99.8515
99.9061
99.7438
99.7196
99.8691
99.5057
99.8617
99.7996
99.9136
99.8195
99.5417
99.8908
99.8564
99.8572
99.7048
99.6877
99.5779
99.6985
99.823
99.8168
99.951
99.8824
99.6443
99.3721
99.8362
99.8937
99.9493
99.8592
99.7737
99.801
99.8243
99.5301
99.9496
99.9165
99.9407
99.7704
99.6725
99.8068
99.8533
99.8564
99.7114
99.8081
99.7763
99.5238
99.8721
99.7295
99.9119
99.7534
99.8348
99.7919
99.3794
99.8483
99.7029
99.6566
99.8015
99.8354
99.8439
99.9223
99.825
99.5393
99.8794
99.7507
99.9328
99.9134
99.7272
99.3203
99.9329
99.9465
99.9687
99.9385
99.9124
99.773
99.8097
99.7629
99.8538
99.5907
99.7318
99.8565
99.9361
99.8762
99.8218
99.9238
99.8555
99.716
99.9139
99.6996
99.7801
99.7089
99.8404
99.9306
99.9032
99.4693
99.909
99.8176
99.749
99.9457
99.8324
99.7105
99.9294
99.6899
99.861
99.9285
99.6653
99.7844
99.976
99.81
99.8153
99.7724
99.6593
99.8685
99.5278
99.814
99.7896
99.9377
99.7753
99.7227
99.8102
99.9518
99.7723
99.7801
99.5261
99.7703
99.8643
99.9452
99.8397
99.9684
99.8243
99.812
99.547
99.6974
99.5598
99.8247
99.8505
99.9096
99.7481
99.8578
99.8741
99.7996
99.923
99.6229
99.8724
99.8261
99.8168
99.7665
99.4385
99.789
99.8277
99.9525
99.486
99.8089
99.8348
99.8565
99.8673
99.8492
99.9021
99.9174
99.9019
99.929
99.8363
99.7485
99.8201
99.419
99.4477
99.955
99.7816
99.667
99.8064
99.7323
99.8232
99.8294
99.8615
99.8512
99.5342
99.7622
99.5674
99.8563
99.439
99.7869
99.5326
99.9231
99.6184
99.4926
99.7369
99.9203
99.4779
99.7372
99.7784
99.7561
99.6935
99.8272
99.7747
99.882
99.9056
99.7709
99.5703
99.7815
99.7241
99.7569
99.7236
99.7166
99.9583
99.776
99.887
99.9209
99.7413
99.9264
99.9131
99.6744
99.8537
99.8698
99.9138
99.7677
99.7178
99.9016
99.4464
99.8957
99.7795
99.5162
99.8768
99.7081
99.7449
99.9027
99.845
99.9436
99.8262
99.8505
99.937
99.9482
99.4515
99.7731
99.6025
99.8112
99.4165
99.8211
99.8019
99.6959
99.788
99.489
99.9003
99.9058
99.7117
99.7692
99.7561
99.9501
99.9626
99.8451
99.8015
99.727
99.9436
99.9383
99.4273
99.8108
99.5096
99.8452
99.9018
99.7222
99.6903
99.6911
99.7941
99.7792
99.5002
99.6335
99.753
99.8312
99.7981
99.6905
99.7956
99.809
99.5718
99.9288
99.5059
99.8039
99.7654
99.6989
99.8417
99.7676
99.8419
99.8273
99.9296
99.4557
99.7883
99.8337
99.8211
99.7714
99.4429
99.785
99.815
99.862
99.885
99.8267
99.8209
99.8633
99.671
99.7065
99.8582
99.7206
99.9202
99.8323
99.8013
99.8832
99.4664
99.8394
99.5565
99.8606
99.9352
99.9064
99.6028
99.7862
99.9216
99.7723
99.8456
99.7971
99.7829
99.8216
99.7786
99.8256
99.427
99.7859
99.8104
99.7592
99.841
99.5454
99.4876
99.9162
99.885
99.6385
99.8995
99.9401
99.4428
99.7741
99.7153
99.9239
99.5959
99.9109
99.8452
99.7336
99.8155
99.6993
99.6858
99.4375
99.7942
99.7092
99.7847
99.8574
99.8486
99.7077
99.927
99.8327
99.8982
99.3667
99.8841
99.7518
99.9421
99.7481
99.6807
99.8524
99.9256
99.8472
99.8472
99.5195
99.6536
99.7382
99.7585
99.8104
99.7587
99.8391
99.8889
99.8879
99.8938
99.9647
99.8651
99.9293
99.8022
99.8662
99.3573
99.7791
99.7789
99.8387
99.9554
99.7278
99.8569
99.5376
99.8194
99.4655
99.4726
99.916
99.7723
99.8476
99.9137
99.8934
99.7872
99.7374
99.957
99.8181
99.4956
99.8516
99.3268
99.7954
99.7051
99.7831
99.8319
99.8618
99.6067
99.8577
99.8524
99.6587
99.8897
99.8762
99.866
99.7271
99.8837
99.9046
99.7512
99.7665
99.8111
99.7846
99.8723
99.5416
99.747
99.8597
99.8927
99.7956
99.6503
99.8151
99.7005
99.7531
99.9406
99.7652
99.7337
99.8637
99.4961
99.7936
99.583
99.663
99.857
99.7109
99.9212
99.9183
99.5781
99.7886
99.5448
99.8611
99.7476
99.8312
99.787
99.9158
99.7958
99.8734
99.5652
99.5164
99.7129
99.9383
99.6833
99.837
99.7705
99.8998
99.9073
99.8447
99.7047
99.9003
99.8365
99.5181
99.9437
99.9172
99.4315
99.8818
99.7455
99.8554
99.6301
99.8106
99.7663
99.7012
99.862
99.8017
99.7999
99.9231
99.7044
99.5897
99.8353
99.5029
99.7741
99.7589
99.4556
99.7683
99.7013
99.9074
99.8677
99.8672
99.7169
99.7692
99.7054
99.832
99.8143
99.8763
99.8537
99.5453
99.9644
99.8982
99.8132
99.8681
99.8979
99.5532
99.9002
99.5741
99.8441
99.5396
99.4162
99.5792
99.8547
99.791
99.8654
99.8284
99.9662
99.9203
99.9447
99.4079
99.6572
99.7828
99.9262
99.7218
99.5605
99.9074
99.8836
99.7387
99.9347
99.959
99.9541
99.4281
99.8362
99.8523
99.766
99.7303
99.7956
99.9142
99.6919
99.8229
99.8227
99.6362
99.756
99.8698
99.768
99.7816
99.7589
99.4413
99.798
99.9251
99.6133
99.6617
99.5254
99.7537
99.5542
99.8353
99.5914
99.8076
99.8771
99.9013
99.6944
99.9419
99.4161
99.9862
99.9025
99.8306
99.8211
99.7315
99.6011
99.7891
99.7603
99.6993
99.702
99.7358
99.7932
99.8453
99.8427
99.7886
99.4635
99.7193
99.8709
99.8401
99.7851
99.7716
99.5076
99.5556
99.9091
99.8916
99.5192
99.8724
99.7913
99.5438
99.9302
99.9534
99.5104
99.8138
99.7804
99.8867
99.6855
99.8905
99.7368
99.7937
99.7725
99.3836
99.9025
99.5705
99.8706
99.5254
99.8187
99.6555
99.818
99.8543
99.728
99.6041
99.7872
99.9026
99.8403
99.3977
99.7296
99.7599
99.9211
99.8726
99.9448
99.8197
99.9289
99.7438
99.7959
99.9524
99.6603
99.8471
99.5182
99.8674
99.9074
99.9199
99.5105
99.9595
99.8315
99.9082
99.6718
99.3915
99.7933
99.7632
99.9252
99.8208
99.8426
99.7471
99.9287
99.9264
99.7971
99.8801
99.914
99.8667
99.4238
99.7985
99.8383
99.8675
99.9529
99.8707
99.7203
99.6703
99.7498
99.7162
99.821
99.5855
99.9183
99.8654
99.7577
99.4993
99.8208
99.8459
99.8503
99.7485
99.962
99.8702
99.6331
99.8516
99.8462
99.5736
99.5867
99.7592
99.8121
99.8096
99.662
99.6085
99.7157
99.6918
99.8646
99.8451
99.8226
99.7435
99.9511
99.7364
99.8892
99.9613
99.7098
99.5309
99.658
99.7506
99.4997
99.9362
99.8482
99.8619
99.7725
99.8926
99.8602
99.7873
99.9136
99.7532
99.9268
99.8033
99.6439
99.7353
99.4233
99.899
99.7877
99.7793
99.894
99.8939
99.7709
99.8161
99.8189
99.8178
99.8358
99.8877
99.7955
99.6744
99.9071
99.4876
99.8298
99.712
99.8066
99.6065
99.8092
99.5732
99.9277
99.8142
99.859
99.5442
99.765
99.5407
99.7647
99.9608
99.7346
99.8596
99.8469
99.9558
99.5528
99.4016
99.9091
99.8589
99.9722
99.8913
99.569
99.4339
99.863
99.5984
99.9298
99.7394
99.7269
99.6706
99.7492
99.7606
99.6656
99.7037
99.9241
99.829
99.91
99.9223
99.9241
99.9395
99.8399
99.7239
99.4485
99.712
99.7476
99.5846
99.8632
99.633
99.7864
99.9704
99.4327
99.7731
99.8298
99.7948
99.7964
99.8365
99.868
99.9268
99.644
99.5508
99.8495
99.6136
99.9221
99.8356
99.8959
99.6093
99.7035
99.7592
99.8741
99.7467
99.7339
99.6414
99.7325
99.9162
99.4228
99.9302
99.8623
99.7584
99.7516
99.4086
99.9278
99.8245
99.8481
99.6647
99.7189
99.5004
99.7379
99.6954
99.9856
99.8002
99.836
99.9271
99.9612
99.7411
99.9146
99.9205
99.9039
99.953
99.8443
99.8906
99.8445
99.9104
99.8308
99.9641
99.8071
99.8573
99.682
99.8311
99.7709
99.9245
99.8418
99.9527
99.816
99.4572
99.865
99.4674
99.8556
99.8577
99.93
99.4831
99.8257
99.8143
99.9528
99.7822
99.9595
99.8069
99.513
99.7818
99.6949
99.837
99.7795
99.3966
99.9309
99.7101
99.869
99.9223
99.8892
99.858
99.8833
99.6994
99.818
99.8556
99.4629
99.7746
99.7903
99.4778
99.5112
99.9398
99.9023
99.7777
99.3347
99.7178
99.86
99.7062
99.9088
99.6638
99.5257
99.9214
99.5302
99.7406
99.4349
99.4653
99.8626
99.7221
99.9892
99.8131
99.5264
99.9493
99.919
99.8862
99.9295
99.6944
99.8517
99.9324
99.8326
99.5757
99.7131
99.7612
99.5806
99.804
99.5641
99.8343
99.7961
99.926
99.6873
99.8625
99.7586
99.7858
99.8977
99.7344
99.5914
99.8469
99.759
99.8717
99.7885
99.8918
99.8832
99.8913
99.7463
99.9202
99.8295
99.769
99.516
99.7073
99.7205
99.3707
99.9777
99.9453
99.8557
99.9733
99.6909
99.8377
99.9242
99.8457
99.7611
99.8389
99.7311
99.8317
99.8828
99.7176
99.8426
99.8658
99.854
99.8198
99.4842
99.58
99.7833
99.6623
99.7324
99.6514
99.927
99.8316
99.8667
99.8694
99.8283
99.7504
99.4355
99.8366
99.6959
99.8656
99.8715
99.8268
99.8608
99.9144
99.7975
99.6755
99.7143
99.8096
99.5967
99.8962
99.4433
99.7409
99.5884
99.8052
99.8126
99.7903
99.942
99.7657
99.8543
99.7361
99.7231
99.8385
99.9477
99.9119
99.6877
99.8636
99.9428
99.7524
99.4371
99.5852
99.889
99.8709
99.8295
99.4889
99.8687
99.9077
99.7335
99.8511
99.5988
99.8441
99.851
99.6936
99.8818
99.8709
99.7972
99.7746
99.4811
99.4762
99.8708
99.4084
99.908
99.9
99.8363
99.4899
99.9044
99.9225
99.9188
99.867
99.8732
99.6466
99.9302
99.9402
99.9298
99.7908
99.8069
99.8018
99.7406
99.9443
99.6584
99.4789
99.5248
99.7763
99.7473
99.8136
99.5023
99.8828
99.7484
99.8947
99.7412
99.8962
99.6763
99.6711
99.8634
99.7387
99.9006
99.8917
99.8651
99.7264
99.8539
99.9264
99.6313
99.6766
99.9196
99.95
99.7974
99.6867
99.8042
99.8043
99.7876
99.9351
99.8639
99.8323
99.8841
99.8077
99.863
99.9645
99.9317
99.7657
99.8741
99.9248
99.8211
99.5133
99.8186
99.8505
99.7006
99.5232
99.8534
99.9341
99.8833
99.8555
99.4516
99.8254
99.7874
99.705
99.7196
99.8079
99.1747
99.8946
99.8603
99.9063
99.7562
99.9228
99.8177
99.8052
99.4194
99.713
99.8037
99.9309
99.9454
99.8136
99.4579
99.8284
99.7655
99.8048
99.957
99.8505
99.9403
99.8074
99.8534
99.8398
99.8157
99.7879
99.8797
99.7461
99.8182
99.7864
99.8004
99.6138
99.8949
99.3619
99.5784
99.8528
99.8255
99.9278
99.8675
99.8671
99.9126
99.5091
99.752
99.4146
99.8455
99.8279
99.9195
99.8782
99.7166
99.5546
99.4478
99.9692
99.864
99.8169
99.85
99.9451
99.7019
99.5977
99.6761
99.8425
99.8174
99.8311
99.8422
99.7753
99.7974
99.7228
99.9523
99.9202
99.9217
99.7671
99.795
99.9335
99.5592
99.7029
99.5244
99.8791
99.5022
99.7401
99.3942
99.5635
99.4536
99.7885
99.7866
99.5924
99.7297
99.8651
99.7906
99.487
99.4527
99.8888
99.5145
99.8532
99.9037
99.7734
99.7087
99.8648
99.7871
99.9704
99.5672
99.8515
99.8191
99.9101
99.9333
99.9465
99.5057
99.7747
99.7007
99.7243
99.8794
99.7831
99.7857
99.9243
99.7833
99.8193
99.833
99.8914
99.7905
99.8225
99.9219
99.8116
99.9286
99.8086
99.9624
99.7795
99.4954
99.8045
99.9168
99.9732
99.7127
99.8783
99.6059
99.8548
99.9095
99.839
99.7538
99.5765
99.8311
99.9125
99.9142
99.9307
99.8415
99.6995
99.805
99.7896
99.8399
99.8058
99.8411
99.825
99.8752
99.9099
99.9613
99.4601
99.7915
99.7824
99.8664
99.7655
99.8518
99.9425
99.6391
99.824
99.9119
99.854
99.8636
99.7405
99.8401
99.8085
99.4085
99.5129
99.7315
99.8823
99.9509
99.8013
99.7459
99.5453
99.8938
99.9355
99.8378
99.7418
99.9278
99.8664
99.4814
99.8776
99.882
99.9318
99.8737
99.7191
99.7157
99.7495
99.3985
99.6861
99.6575
99.9203
99.5401
99.6876
99.7886
99.7262
99.8366
99.9262
99.8861
99.8556
99.7535
99.7258
99.7565
99.8029
99.9112
99.9233
99.8972
99.5175
99.5036
99.7765
99.5175
99.883
99.6278
99.7964
99.7532
99.7142
99.7883
99.9293
99.8227
99.7611
99.8213
99.8693
99.8188
99.7215
99.869
99.5566
99.8674
99.7812
99.7723
99.8213
99.3679
99.6384
99.8932
99.8315
99.6755
99.8033
99.1679
99.8164
99.842
99.903
99.8695
99.8119
99.8451
99.9295
99.8865
99.7134
99.9039
99.9186
99.916
99.7207
99.7484
99.8688
99.8158
99.4594
99.5028
99.8137
99.9014
99.9198
99.7232
99.6695
99.75
99.7278
99.8772
99.7733
99.7601
99.6442
99.8567
99.5995
99.9497
99.8402
99.8212
99.473
99.9437
99.7389
99.9606
99.7481
99.7541
99.5681
99.8643
99.7463
99.7492
99.9615
99.8573
99.8013
99.8617
99.7843
99.8085
99.7823
99.8319
99.9334
99.7823
99.8011
99.5168
99.9376
99.8238
99.8085
99.7002
99.762
99.8966
99.5627
99.961
99.945
99.7632
99.7688
99.4981
99.4675
99.575
99.4161
99.9286
99.7558
99.5562
99.4363
99.8717
99.7249
99.689
99.9185
99.4783
99.8283
99.8646
99.6992
99.8441
99.5022
99.6689
99.7702
99.8398
99.9049
99.8618
99.7439
99.8499
99.7443
99.6655
99.4483
99.8785
99.9491
99.7404
99.5579
99.6796
99.8326
99.7725
99.6228
99.7542
99.5831
99.3493
99.8474
99.8491
99.8194
99.5651
99.9634
99.7482
99.8534
99.803
99.6422
99.938
99.5726
99.7507
99.8101
99.8259
99.8859
99.8838
99.8656
99.9166
99.8603
99.9123
99.7877
99.9502
99.8901
99.8394
99.7441
99.9258
99.8885
99.9056
99.7839
99.8544
99.9296
99.4959
99.8018
99.8301
99.516
99.8458
99.4707
99.9576
99.8482
99.9335
99.6521
99.7341
99.7593
99.9674
99.9438
99.8676
99.9019
99.5699
99.8011
99.7033
99.8893
99.968
99.7866
99.3871
99.7821
99.6854
99.6785
99.8717
99.8241
99.715
99.7487
99.8598
99.4395
99.7158
99.8542
99.8453
99.5313
99.9404
99.5298
99.8399
99.6126
99.9039
99.865
99.9248
99.8717
99.8052
99.8976
99.8681
99.622
99.9226
99.6648
99.9458
99.7866
99.8302
99.8283
99.8567
99.8043
99.7984
99.8884
99.5413
99.9275
99.5391
99.9384
99.9384
99.7706
99.7945
99.7447
99.7823
99.8967
99.8093
99.8403
99.9126
99.7557
99.8284
99.4395
99.466
99.8183
99.3849
99.8688
99.4718
99.7385
99.5907
99.474
99.8463
99.816
99.5848
99.7834
99.9107
99.9632
99.7021
99.9561
99.9707
99.9378
99.7612
99.8954
99.9031
99.728
99.8507
99.5622
99.7561
99.8461
99.6772
99.7131
99.4989
99.9169
99.8313
99.41
99.6775
99.7022
99.8638
99.8645
99.7909
99.4581
99.8953
99.8166
99.7355
99.5011
99.5338
99.8425
99.8654
99.9262
99.4885
99.9299
99.8555
99.856
99.8359
99.889
99.8491
99.9009
99.8137
99.478
99.8248
99.6501
99.6974
99.4007
99.9043
99.8108
99.7887
99.7951
99.9197
99.8503
99.4967
99.8611
99.7914
99.8538
99.6946
99.7639
99.7926
99.7291
99.4768
99.8926
99.9099
99.6891
99.8377
99.7538
99.804
99.7955
99.9236
99.8976
99.8804
99.8963
99.7271
99.7358
99.8521
99.6578
99.4474
99.8736
99.7386
99.4659
99.9425
99.8029
99.8468
99.7788
99.785
99.8447
99.7877
99.4152
99.8084
99.8361
99.8549
99.8287
99.6982
99.8604
99.634
99.9532
99.9701
99.7619
99.9131
99.7579
99.6904
99.6047
99.9253
99.8132
99.8411
99.4675
99.9645
99.8498
99.8413
99.8628
99.8457
99.8676
99.8611
99.7501
99.7369
99.9132
99.9651
99.9488
99.9747
99.9231
99.8104
99.7233
99.8047
99.5224
99.7548
99.776
99.8796
99.8489
99.8273
99.8513
99.8245
99.7823
99.7045
99.8804
99.7547
99.8279
99.7715
99.8497
99.6497
99.6892
99.82
99.5281
99.8918
99.7934
99.7116
99.8712
99.7635
99.7359
99.8975
99.7052
99.7236
99.9649
99.9404
99.821
99.7766
99.8016
99.8531
99.466
99.8482
99.5795
99.9066
99.5097
99.9512
99.8707
99.5999
99.4433
99.8804
99.8296
99.7557
99.9402
99.8353
99.8872
99.8411
99.801
99.6873
99.7203
99.4529
99.8359
99.9653
99.7962
99.9058
99.8292
99.8702
99.508
99.4418
99.6804
99.6677
99.6398
99.8397
99.8123
99.8333
99.7921
99.7268
99.8447
99.8266
99.9004
99.7386
99.7341
99.4538
99.9456
99.7835
99.7769
99.444
99.6734
99.8095
99.548
99.8325
99.9504
99.9624
99.7134
99.3658
99.8289
99.9107
99.9193
99.4791
99.8399
99.6822
99.9329
99.4639
99.9162
99.669
99.9064
99.8596
99.76
99.4825
99.5419
99.7969
99.697
99.8328
99.5305
99.7742
99.8438
99.8643
99.8612
99.8295
99.877
99.7151
99.948
99.6437
99.841
99.4759
99.7974
99.8099
99.823
99.8728
99.7934
99.5083
99.7942
99.9109
99.8988
99.4641
99.8905
99.5288
99.7467
99.8249
99.8561
99.7296
99.8846
99.4776
99.5805
99.4933
99.9547
99.9357
99.8577
99.8721
99.8998
99.8123
99.8236
99.9075
99.4295
99.7309
99.8769
99.8429
99.6721
99.445
99.7885
99.8559
99.7089
99.9247
99.774
99.8123
99.8923
99.842
99.7448
99.8743
99.9294
99.747
99.885
99.8701
99.8313
99.7796
99.5472
99.7093
99.787
99.8098
99.8697
99.5614
99.9293
99.6268
99.8428
99.5327
99.9445
99.7704
99.8375
99.9195
99.8375
99.4386
99.7155
99.866
99.8758
99.6863
99.763
99.8408
99.688
99.7001
99.8342
99.7511
99.8436
99.9231
99.8381
99.9522
99.8247
99.5627
99.4213
99.8512
99.8278
99.7944
99.8189
99.8092
99.7751
99.8717
99.7621
99.6368
99.891
99.49
99.7921
99.801
99.837
99.9465
99.9424
99.5034
99.8212
99.9439
99.3996
99.7386
99.5732
99.6751
99.9058
99.8557
99.7538
99.8357
99.6485
99.4803
99.9561
99.8814
99.4644
99.745
99.7811
99.7638
99.8371
99.8936
99.6181
99.9625
99.9296
99.9012
99.3889
99.7907
99.7384
99.4829
99.527
99.8698
99.8821
99.7719
99.8916
99.865
99.4766
99.8231
99.8233
99.8715
99.7376
99.854
99.5356
99.8243
99.763
99.5766
99.9321
99.8287
99.8074
99.8383
99.6849
99.6503
99.8423
99.8781
99.8275
99.6813
99.9378
99.8552
99.9421
99.7676
99.7109
99.9571
99.6659
99.5073
99.8389
99.8257
99.673
99.4054
99.9185
99.5015
99.8332
99.8347
99.8312
99.7635
99.8874
99.8754
99.4869
99.8198
99.8191
99.8047
99.7149
99.8349
99.802
99.8145
99.8107
99.784
99.9359
99.7438
99.4533
99.8009
99.8045
99.775
99.8756
99.8243
99.8964
99.82
99.761
99.5918
99.4731
99.8447
99.569
99.9168
99.811
99.9579
99.6645
99.8792
99.7765
99.67
99.6963
99.9363
99.8647
99.6698
99.8567
99.781
99.7907
99.8166
99.8845
99.8415
99.4905
99.7862
99.9236
99.8828
99.7475
99.5052
99.6698
99.9381
99.9093
99.7098
99.7983
99.9743
99.7239
99.8989
99.6509
99.8767
99.8558
99.7542
99.4931
99.9491
99.8094
99.4781
99.7589
99.8863
99.9062
99.8865
99.9146
99.5342
99.9312
99.821
99.7656
99.8428
99.8625
99.8787
99.6547
99.7809
99.86
99.9145
99.7962
99.5934
99.7949
99.5389
99.9506
99.9059
99.827
99.7855
99.7625
99.859
99.705
99.4975
99.7663
99.681
99.7744
99.7522
99.4894
99.8153
99.8024
99.5506
99.7919
99.9516
99.5351
99.7545
99.6932
99.8213
99.4312
99.8487
99.6748
99.7999
99.6216
99.8535
99.8437
99.4884
99.7344
99.8819
99.8295
99.6337
99.8164
99.8458
99.9247
99.9153
99.5374
99.8499
99.7875
99.7018
99.799
99.7094
99.8558
99.7411
99.5215
99.8247
99.7448
99.9394
99.8928
99.4685
99.5042
99.8337
99.9165
99.7646
99.4481
99.7367
99.9387
99.5237
99.7911
99.7395
99.7544
99.9078
99.5115
99.8843
99.9572
99.7613
99.5409
99.6759
99.8286
99.8886
99.7138
99.7168
99.7304
99.4941
99.7096
99.5903
99.8467
99.9508
99.759
99.4704
99.9243
99.9337
99.8777
99.811
99.8947
99.8691
99.3904
99.5649
99.7507
99.7792
99.8239
99.9684
99.5873
99.9783
99.7757
99.969
99.7499
99.9698
99.8804
99.698
99.9808
99.8388
99.8751
99.9128
99.7395
99.918
99.7841
99.8925
99.7097
99.8359
99.8101
99.9061
99.8107
99.8495
99.5788
99.8061
99.8577
99.7909
99.8877
99.874
99.7243
99.3884
99.7133
99.8184
99.7247
99.8304
99.6816
99.8291
99.5586
99.8527
99.8183
99.738
99.4405
99.8711
99.7519
99.8042
99.853
99.7767
99.5105
99.6862
99.8007
99.784
99.8666
99.8724
99.8599
99.8027
99.6335
99.4651
99.9302
99.8252
99.8792
99.7776
99.9334
99.9441
99.9227
99.9206
99.7604
99.7264
99.4049
99.9165
99.9251
99.8314
99.8884
99.9508
99.8567
99.9272
99.8187
99.7028
99.8616
99.7573
99.68
99.9099
99.7057
99.9182
99.9409
99.9292
99.7465
99.9152
99.9347
99.4453
99.8134
99.8055
99.6861
99.8539
99.4777
99.7934
99.9713
99.9089
99.8673
99.7293
99.9386
99.8981
99.8067
99.8501
99.9069
99.881
99.5973
99.7104
99.8741
99.7389
99.8455
99.8246
99.7937
99.8114
99.8935
99.4717
99.5282
99.5618
99.8033
99.9349
99.729
99.871
99.686
99.8296
99.4465
99.8158
99.7789
99.898
99.8344
99.4429
99.798
99.7574
99.7253
99.3791
99.7328
99.4648
99.5108
99.8258
99.5525
99.8352
99.7741
99.8616
99.7503
99.8987
99.8616
99.7772
99.6501
99.5741
99.89
99.8891
99.3621
99.8334
99.882
99.8677
99.8431
99.8788
99.8056
99.6791
99.7323
99.5422
99.8865
99.5178
99.774
99.9099
99.7193
99.7652
99.9282
99.8103
99.7052
99.7582
99.8214
99.9333
99.6874
99.8958
99.9328
99.7709
99.7513
99.8258
99.7522
99.7817
99.8485
99.4647
99.6976
99.7442
99.8452
99.825
99.7797
99.7256
99.9592
99.6379
99.7313
99.4856
99.7862
99.9263
99.4369
99.9079
99.8657
99.7788
99.7156
99.864
99.7454
99.4467
99.8297
99.9223
99.7039
99.6576
99.7836
99.6962
99.7989
99.8435
99.9347
99.7929
99.775
99.857
99.6378
99.8834
99.3559
99.8529
99.8896
99.4675
99.849
99.497
99.762
99.8824
99.9388
99.96
99.668
99.893
99.7985
99.944
99.4458
99.8047
99.8694
99.7845
99.6959
99.7643
99.9464
99.9369
99.8627
99.7931
99.8494
99.7019
99.7888
99.938
99.5099
99.7845
99.7906
99.7522
99.5314
99.921
99.7618
99.799
99.7873
99.8216
99.7024
99.8618
99.9521
99.8665
99.6624
99.8172
99.7919
99.8869
99.915
99.8577
99.7304
99.6649
99.8491
99.7817
99.7182
99.5312
99.8255
99.7561
99.9156
99.578
99.8398
99.9422
99.8429
99.8635
99.905
99.8535
99.8636
99.8246
99.865
99.9621
99.7944
99.911
99.9226
99.7815
99.7542
99.9337
99.8125
99.7537
99.8108
99.7521
99.8584
99.8053
99.835
99.8772
99.8663
99.6313
99.8407
99.7817
99.7263
99.9531
99.3739
99.9174
99.9318
99.7503
99.9183
99.9288
99.9357
99.8779
99.7852
99.9276
99.9129
99.7784
99.4015
99.4988
99.4598
99.8923
99.5392
99.5075
99.8383
99.6439
99.7661
99.7163
99.8272
99.8779
99.8027
99.8052
99.8404
99.8695
99.7953
99.4715
99.4006
99.3296
99.8539
99.7163
99.794
99.5297
99.7075
99.6617
99.8053
99.8754
99.8035
99.9024
99.8541
99.9357
99.9114
99.8855
99.7307
99.4618
99.8893
99.767
99.9809
99.9197
99.5144
99.9501
99.7984
99.622
99.8078
99.693
99.9012
99.9505
99.8678
99.6885
99.7392
99.9405
99.5206
99.7089
99.6921
99.862
99.7614
99.9054
99.9106
99.8833
99.8751
99.8133
99.772
99.7156
99.7036
99.4773
99.8894
99.7691
99.7657
99.7779
99.4698
99.8425
99.913
99.829
99.8893
99.4621
99.8361
99.829
99.8742
99.8742
99.8608
99.7979
99.6015
99.8847
99.7254
99.8234
99.8327
99.5508
99.4828
99.4768
99.7993
99.8422
99.8659
99.9163
99.7953
99.9599
99.7924
99.6179
99.9293
99.8545
99.8
99.8124
99.8481
99.8862
99.9364
99.7235
99.8274
99.8129
99.9096
99.7674
99.7761
99.7459
99.782
99.9505
99.9348
99.8074
99.7753
99.8805
99.7947
99.5078
99.8217
99.8262
99.8998
99.9662
99.4286
99.7782
99.9579
99.7762
99.4721
99.7723
99.7285
99.7275
99.8478
99.7948
99.5544
99.8521
99.8048
99.6592
99.8955
99.7108
99.8598
99.8673
99.8626
99.8186
99.7502
99.4963
99.9403
99.8564
99.9431
99.7238
99.4518
99.758
99.8825
99.8221
99.8317
99.4557
99.862
99.8471
99.9584
99.8597
99.502
99.471
99.6324
99.5735
99.7715
99.8033
99.9219
99.856
99.5009
99.8668
99.836
99.7267
99.7093
99.7189
99.7454
99.882
99.4923
99.6229
99.7443
99.8553
99.8424
99.7079
99.9322
99.8864
99.953
99.6956
99.9458
99.8468
99.7134
99.7298
99.8965
99.7097
99.7561
99.8876
99.8844
99.7886
99.8699
99.8911
99.7086
99.5702
99.8888
99.9315
99.7371
99.5434
99.9217
99.866
99.7916
99.4839
99.6363
99.9079
99.8867
99.8903
99.8675
99.8302
99.8002
99.3739
99.7704
99.8736
99.4376
99.8648
99.9191
99.8239
99.9182
99.889
99.9242
99.8587
99.7515
99.8427
99.9239
99.7265
99.847
99.4308
99.9353
99.7566
99.5088
99.8447
99.7853
99.7089
99.8285
99.8422
99.8662
99.9473
99.5246
99.7936
99.8208
99.8596
99.5071
99.8418
99.8915
99.7072
99.7331
99.6905
99.8625
99.6955
99.7934
99.8032
99.7439
99.9302
99.8725
99.5574
99.8212
99.764
99.7061
99.838
99.8691
99.8849
99.9316
99.7622
99.9602
99.8288
99.709
99.6545
99.8405
99.771
99.4471
99.8563
99.724
99.9133
99.823
99.7869
99.5336
99.9109
99.7836
99.8737
99.7598
99.8879
99.7631
99.833
99.7284
99.8991
99.8134
99.8151
99.869
99.8987
99.8253
99.8648
99.8461
99.7823
99.6072
99.9147
99.8512
99.7608
99.8156
99.6528
99.8289
99.755
99.506
99.8761
99.8607
99.7241
99.849
99.8199
99.6733
99.8688
99.7655
99.8175
99.8132
99.8681
99.4905
99.8676
99.8535
99.5548
99.8147
99.9293
99.8252
99.8095
99.8209
99.897
99.7623
99.9298
99.9766
99.7163
99.766
99.6993
99.7079
99.5006
99.3924
99.929
99.6823
99.847
99.821
99.5071
99.895
99.6933
99.8543
99.7238
99.7947
99.9464
99.5691
99.8623
99.8302
99.9475
99.7149
99.8469
99.6093
99.4687
99.6063
99.9033
99.6875
99.8074
99.8826
99.8035
99.396
99.9228
99.7734
99.8432
99.9557
99.7185
99.8214
99.9609
99.7633
99.4802
99.7481
99.4938
99.7529
99.862
99.5716
99.8925
99.862
99.8605
99.5277
99.3076
99.8867
99.7081
99.6169
99.9046
99.9002
99.8938
99.5282
99.9178
99.7025
99.944
99.7819
99.8807
99.3852
99.7722
99.6992
99.8727
99.79
99.8374
99.9345
99.8606
99.3957
99.6799
99.7472
99.9303
99.5401
99.5654
99.8374
99.9805
99.8451
99.5226
99.8507
99.9008
99.469
99.8453
99.7324
99.7442
99.8969
99.6345
99.8895
99.7476
99.906
99.8039
99.8155
99.6974
99.4626
99.7806
99.9005
99.9133
99.5695
99.8823
99.8372
99.5577
99.7472
99.776
99.7908
99.9336
99.7128
99.9443
99.8155
99.5931
99.8771
99.821
99.5064
99.8377
99.968
99.938
99.5535
99.732
99.501
99.5726
99.4712
99.8708
99.8385
99.7701
99.8351
99.6133
99.8865
99.7189
99.8399
99.8116
99.909
99.8269
99.7172
99.7241
99.9348
99.8242
99.9458
99.824
99.4025
99.8038
99.6676
99.7616
99.769
99.5301
99.325
99.8309
99.7863
99.8062
99.8572
99.6468
99.8888
99.7939
99.9304
99.9461
99.9165
99.5417
99.7836
99.9
99.6951
99.4372
99.7487
99.8275
99.3497
99.8781
99.8722
99.6864
99.818
99.9201
99.8377
99.9489
99.4811
99.8278
99.8449
99.8747
99.9456
99.8075
99.7903
99.8736
99.7272
99.5212
99.8638
99.4292
99.8143
99.5503
99.7882
99.7422
99.9193
99.8761
99.7212
99.789
99.8182
99.5431
99.8021
99.6905
99.8297
99.7533
99.8174
99.7441
99.793
99.8253
99.8612
99.7387
99.5241
99.5138
99.5188
99.5571
99.7686
99.837
99.4834
99.683
99.4709
99.419
99.8621
99.5374
99.776
99.412
99.8303
99.8798
99.9049
99.8458
99.5036
99.8253
99.7489
99.9486
99.9111
99.7744
99.8393
99.7837
99.8637
99.8033
99.9202
99.673
99.5599
99.8563
99.5466
99.7374
99.8786
99.8627
99.6975
99.7276
99.8783
99.865
99.8191
99.9208
99.5853
99.5916
99.7617
99.7584
99.7051
99.8941
99.9133
99.7762
99.5448
99.8428
99.6213
99.6818
99.8525
99.9013
99.6981
99.7324
99.7514
99.7638
99.4895
99.8018
99.8959
99.9322
99.786
99.8126
99.8162
99.7958
99.5056
99.8929
99.8874
99.8446
99.9435
99.7069
99.8395
99.9543
99.5862
99.8025
99.8504
99.9438
99.6827
99.8968
99.7862
99.9076
99.8001
99.8826
99.7696
99.8237
99.959
99.7271
99.7911
99.7562
99.655
99.675
99.858
99.9877
99.4213
99.8684
99.7077
99.8447
99.7831
99.5388
99.5756
99.8823
99.9069
99.7559
99.8378
99.8131
99.4661
99.7124
99.9079
99.7776
99.9205
99.5308
99.7922
99.8159
99.9455
99.5439
99.9412
99.5238
99.668
99.9115
99.5205
99.9054
99.7573
99.4464
99.9095
99.4533
99.8254
99.7125
99.8814
99.8374
99.8867
99.9239
99.7023
99.449
99.9072
99.6876
99.7475
99.4181
99.892
99.865
99.8749
99.7617
99.4613
99.6445
99.5048
99.7531
99.6788
99.6981
99.5467
99.85
99.6512
99.5388
99.7812
99.9339
99.9044
99.8875
99.64
99.7417
99.81
99.876
99.5934
99.9212
99.8252
99.8911
99.8565
99.7076
99.7901
99.6844
99.7046
99.9599
99.7569
99.5501
99.7572
99.4907
99.7618
99.4998
99.8144
99.7582
99.7827
99.8368
99.9134
99.8361
99.8515
99.9321
99.9736
99.9454
99.8
99.8647
99.8446
99.9007
99.8899
99.8477
99.9381
99.6872
99.844
99.8832
99.7348
99.7952
99.8384
99.8072
99.4075
99.7837
99.7762
99.7644
99.1265
99.8182
99.4935
99.7573
99.7563
99.7665
99.6629
99.8475
99.617
99.8786
99.8182
99.9251
99.7943
99.7922
99.5987
99.8595
99.9058
99.5638
99.8827
99.7347
99.7742
99.8374
99.9569
99.7014
99.853
99.7917
99.5343
99.4039
99.516
99.8632
99.9341
99.862
99.7387
99.8293
99.5051
99.4575
99.4963
99.7598
99.6771
99.4852
99.8498
99.6498
99.8413
99.5734
99.7093
99.7788
99.9254
99.7864
99.9264
99.6647
99.541
99.7121
99.9505
99.8313
99.8278
99.8543
99.7628
99.6729
99.8735
99.8842
99.8132
99.8017
99.882
99.8546
99.8768
99.7662
99.7582
99.5953
99.8279
99.798
99.5635
99.7481
99.802
99.8701
99.952
99.86
99.465
99.7423
99.7918
99.6487
99.8678
99.7679
99.9557
99.8124
99.7242
99.502
99.916
99.8292
99.8725
99.7657
99.6283
99.8072
99.7879
99.5155
99.9304
99.9495
99.7192
99.834
99.711
99.4864
99.8833
99.8743
99.826
99.9404
99.6851
99.8562
99.8091
99.7958
99.9441
99.8604
99.9303
99.9282
99.8056
99.9287
99.4294
99.6671
99.5139
99.9626
99.8416
99.8045
99.7109
99.6547
99.9066
99.8061
99.7617
99.9022
99.9209
99.8659
99.4813
99.7848
99.727
99.8938
99.9419
99.7363
99.8161
99.7226
99.9015
99.7713
99.8015
99.8525
99.7431
99.8527
99.7145
99.9055
99.8119
99.5042
99.9439
99.8206
99.9332
99.8604
99.5158
99.7568
99.83
99.7235
99.5909
99.7052
99.894
99.9245
99.4885
99.9359
99.797
99.8137
99.5013
99.8801
99.523
99.6605
99.8864
99.8838
99.8862
99.8975
99.8196
99.782
99.8738
99.8696
99.816
99.8236
99.8149
99.9642
99.9462
99.9129
99.8225
99.7655
99.8503
99.8816
99.7343
99.8855
99.6706
99.6776
99.9137
99.7847
99.6985
99.7289
99.8504
99.8177
99.7615
99.9495
99.9156
99.3916
99.7249
99.7716
99.9506
99.706
99.8015
99.5912
99.8685
99.7317
99.8861
99.9027
99.8381
99.948
99.933
99.9537
99.7609
99.8329
99.7398
99.7531
99.7829
99.9369
99.5312
99.8781
99.7493
99.7339
99.8076
99.8107
99.7088
99.7675
99.5772
99.8913
99.5039
99.7147
99.8363
99.8368
99.9197
99.8669
99.9196
99.7768
99.9179
99.8778
99.3772
99.6584
99.89
99.9238
99.8294
99.9091
99.8179
99.464
99.7105
99.8689
99.9244
99.4721
99.6606
99.8548
99.8211
99.8603
99.5574
99.4217
99.7557
99.8385
99.8688
99.8422
99.8454
99.8413
99.8778
99.7476
99.873
99.79
99.7985
99.827
99.8613
99.7244
99.7126
99.5257
99.8095
99.462
99.9216
99.9094
99.8768
99.7773
99.9486
99.7541
99.5353
99.8389
99.823
99.6767
99.9155
99.7678
99.6635
99.7772
99.4517
99.8626
99.9192
99.7457
99.7716
99.8207
99.5239
99.9236
99.7552
99.7568
99.8476
99.8249
99.7398
99.7888
99.6388
99.6382
99.9069
99.7789
99.8528
99.9191
99.8694
99.9508
99.7799
99.8241
99.829
99.8673
99.4486
99.4335
99.4138
99.8038
99.565
99.8294
99.8736
99.9511
99.7142
99.8124
99.8984
99.8043
99.5121
99.8535
99.7438
99.7505
99.6931
99.9126
99.9671
99.9528
99.7474
99.9202
99.8712
99.813
99.7993
99.8056
99.7368
99.8574
99.8679
99.5456
99.8914
99.9609
99.7277
99.4841
99.7955
99.8353
99.8084
99.8526
99.5114
99.7922
99.8589
99.5637
99.8733
99.8408
99.8051
99.91
99.8213
99.7379
99.7829
99.6805
99.4999
99.8735
99.8112
99.9422
99.8832
99.9421
99.5009
99.7618
99.8638
99.8152
99.9423
99.7641
99.7714
99.7993
99.8784
99.6706
99.5601
99.8913
99.8398
99.8015
99.714
99.795
99.8268
99.3795
99.871
99.9254
99.713
99.8627
99.5308
99.8025
99.8535
99.9109
99.7577
99.9232
99.4499
99.825
99.837
99.8356
99.7988
99.8686
99.4272
99.6945
99.9317
99.9257
99.9447
99.5351
99.8353
99.7748
99.8376
99.9498
99.9283
99.6644
99.9168
99.4627
99.8359
99.9594
99.956
99.4983
99.8552
99.7757
99.5174
99.8704
99.8795
99.7497
99.6981
99.8861
99.7211
99.4455
99.9659
99.8037
99.911
99.7232
99.7172
99.9052
99.8271
99.9408
99.9267
99.8129
99.728
99.5635
99.5535
99.7604
99.716
99.3748
99.9018
99.8422
99.7028
99.7814
99.8727
99.9011
99.5658
99.9123
99.5318
99.6642
99.6991
99.6307
99.8624
99.8065
99.5701
99.8996
99.8631
99.4955
99.947
99.9433
99.8257
99.864
99.7977
99.9531
99.7432
99.7229
99.9366
99.7456
99.4654
99.8256
99.6753
99.5393
99.7687
99.8107
99.9098
99.8772
99.8785
99.8151
99.8705
99.8849
99.5662
99.7572
99.7807
99.7144
99.9536
99.9427
99.7375
99.7536
99.8037
99.803
99.7461
99.7495
99.8169
99.4266
99.7394
99.8238
99.7754
99.5055
99.7331
99.5704
99.6225
99.801
99.4435
99.7924
99.7925
99.936
99.6791
99.5044
99.7258
99.9439
99.8569
99.9439
99.5671
99.9534
99.883
99.9226
99.5962
99.835
99.8399
99.857
99.7666
99.7979
99.5818
99.7858
99.8211
99.8573
99.9143
99.6995
99.8392
99.7276
99.7742
99.4848
99.7246
99.73
99.708
99.6383
99.8129
99.8782
99.8974
99.7423
99.6476
99.7649
99.8482
99.8231
99.8276
99.7365
99.906
99.8751
99.7368
99.8322
99.5686
99.7993
99.7726
99.7182
99.5361
99.7606
99.3982
99.8338
99.5844
99.7694
99.79
99.8118
99.7357
99.9106
99.9304
99.9118
99.8867
99.84
99.8904
99.7979
99.9604
99.4174
99.8801
99.882
99.8728
99.4819
99.8766
99.8255
99.875
99.795
99.6863
99.8855
99.8165
99.8997
99.9258
99.459
99.8525
99.7471
99.7759
99.857
99.6783
99.4664
99.7978
99.7151
99.7635
99.7922
99.4704
99.7557
99.4402
99.8242
99.4716
99.8031
99.5641
99.7346
99.4433
99.4677
99.9344
99.8748
99.7279
99.8531
99.8759
99.7191
99.7628
99.7835
99.7478
99.8552
99.7669
99.7851
99.7321
99.9591
99.85
99.8442
99.6371
99.8818
99.7076
99.7271
99.4621
99.8248
99.7358
99.4522
99.6215
99.827
99.5512
99.5431
99.4577
99.4759
99.8865
99.92
99.8391
99.7927
99.4911
99.7827
99.9287
99.802
99.8867
99.4929
99.7856
99.7841
99.4925
99.7556
99.4878
99.6821
99.3609
99.9043
99.8789
99.8914
99.7744
99.4246
99.4614
99.5285
99.864
99.6382
99.8618
99.929
99.8511
99.8097
99.4874
99.9811
99.9145
99.8365
99.8529
99.5723
99.7719
99.9085
99.737
99.8226
99.8687
99.4455
99.7977
99.8179
99.756
99.8124
99.7658
99.8372
99.8221
99.7632
99.9059
99.8416
99.758
99.8357
99.8443
99.9362
99.935
99.8508
99.5903
99.8587
99.7152
99.836
99.7735
99.823
99.7631
99.6876
99.588
99.9032
99.8638
99.938
99.7305
99.7953
99.4259
99.7975
99.8164
99.5162
99.7736
99.7681
99.8515
99.7717
99.3477
99.7143
99.7971
99.7558
99.9094
99.8543
99.9532
99.8918
99.7759
99.4466
99.6855
99.5269
99.8629
99.9005
99.5007
99.8089
99.5526
99.9349
99.7362
99.5533
99.7694
99.8798
99.7947
99.9005
99.99
99.8718
99.8388
99.7322
99.7827
99.9244
99.6908
99.9321
99.7334
99.5119
99.4261
99.854
99.8743
99.6528
99.4845
99.6575
99.4396
99.7696
99.7263
99.6244
99.5205
99.4609
99.8114
99.9127
99.7189
99.4212
99.7317
99.8007
99.7853
99.9202
99.7135
99.952
99.7535
99.5071
99.9151
99.825
99.8273
99.9227
99.4961
99.9575
99.8846
99.7054
99.9506
99.9493
99.8275
99.7694
99.8295
99.917
99.8943
99.7882
99.8521
99.7798
99.4779
99.8771
99.8719
99.7545
99.8198
99.8981
99.771
99.9122
99.8999
99.8566
99.757
99.8426
99.7192
99.8802
99.9616
99.874
99.8212
99.9205
99.6732
99.7662
99.7293
99.7746
99.7345
99.819
99.7974
99.836
99.9373
99.841
99.6163
99.8577
99.7896
99.457
99.8288
99.843
99.745
99.8357
99.9482
99.4854
99.64
99.8799
99.8304
99.7136
99.9551
99.8087
99.9306
99.6913
99.7686
99.7769
99.3719
99.9521
99.7453
99.7726
99.8676
99.7293
99.628
99.7931
99.8171
99.8574
99.9426
99.4473
99.9024
99.9459
99.8188
99.5881
99.8399
99.9145
99.8822
99.7251
99.8429
99.8641
99.6822
99.9264
99.8764
99.4959
99.7691
99.9412
99.4936
99.8586
99.7552
99.8207
99.5263
99.6682
99.7824
99.741
99.9361
99.8498
99.6189
99.8411
99.7123
99.8175
99.8159
99.4644
99.5253
99.8362
99.8534
99.8484
99.5696
99.7812
99.8339
99.5235
99.9498
99.8217
99.9798
99.7998
99.7153
99.6641
99.8141
99.3893
99.9006
99.7594
99.6484
99.9627
99.5008
99.8357
99.7915
99.7911
99.9454
99.653
99.8111
99.729
99.6
99.8848
99.6053
99.9155
99.92
99.8539
99.4953
99.9122
99.7523
99.8715
99.8549
99.7731
99.8955
99.8138
99.9496
99.7656
99.9173
99.6142
99.9163
99.8342
99.4963
99.8922
99.899
99.7387
99.889
99.8124
99.9625
99.9844
99.9219
99.7725
99.8616
99.5035
99.8688
99.8173
99.9412
99.6602
99.7965
99.6538
99.8892
99.9363
99.8992
99.7289
99.5017
99.448
99.7145
99.4984
99.8141
99.8708
99.8142
99.7836
99.6654
99.8731
99.6701
99.9134
99.8398
99.9389
99.8314
99.4899
99.6573
99.56
99.7983
99.51
99.7772
99.9361
99.7354
99.8767
99.848
99.4429
99.8117
99.7685
99.757
99.6305
99.8475
