96.5486
98.7751
98.1178
98.0838
96.5734
96.5418
97.919
99.9178
96.708
99.4306
97.1593
97.1217
96.6552
96.6954
98.1502
99.907
98.0099
97.7315
98.6971
97.0673
99.3722
98.1787
99.0827
98.3465
98.21
97.9832
99.0045
99.6717
99.8524
98.5799
98.6129
98.7815
96.5504
97.1435
96.5173
96.9857
99.953
96.7595
96.6681
96.5187
97.295
98.808
98.6583
98.1284
99.0607
97.5543
96.7011
98.6429
99.2857
96.5958
96.7817
96.6677
96.7243
96.5529
98.0039
98.8435
97.1988
96.7595
99.9368
99.0168
98.038
99.7363
99.3803
98.2371
97.6123
98.0132
98.3702
98.9216
98.1308
98.0056
97.0224
97.0777
96.5133
98.5843
96.737
96.6587
96.696
98.7888
99.8983
98.6911
96.5
96.9948
97.0865
96.9846
96.7156
98.9204
99.1058
98.9258
98.2422
97.0661
96.6811
97.1301
99.9154
98.2252
97.3016
98.7406
96.5126
98.8048
96.693
96.6944
99.0035
98.4133
98.8709
97.295
97.0343
96.5522
98.1781
98.8161
98.6886
97.0039
97.1277
96.6848
96.5756
97.0219
99.0175
98.2229
97.2572
99.6977
97.0908
96.6333
98.7782
97.8639
98.9652
97.0911
98.2885
98.5401
98.8595
96.793
96.7798
97.9942
98.822
96.8879
97.1014
98.0883
98.0954
98.4576
98.3059
97.0053
97.2536
99.1152
98.9038
99.0747
98.8672
96.6307
96.5499
99.9562
96.6639
97.7899
97.9397
96.9577
96.7509
97.283
97.0815
97.7504
96.6437
98.038
98.4013
98.7655
98.7039
99.0038
97.7433
98.8269
96.9745
96.63
96.7817
97.1797
96.9873
98.1547
98.1879
98.0541
98.2547
97.2394
99.9677
96.7958
96.6867
98.9183
96.6681
96.6249
97.9435
97.8599
99.0087
97.1187
96.6755
98.0608
96.7446
96.6412
98.9014
97.9331
97.1333
97.1506
96.7717
99.0011
99.3078
97.1073
97.2649
96.7013
97.8628
99.9527
97.0085
98.6976
96.5179
97.6796
96.5073
98.9477
96.83
98.9169
98.7914
97.0081
98.2797
96.7717
96.6131
97.1311
98.1787
98.9634
98.6604
96.7982
97.5093
97.6612
97.0244
98.789
98.3584
97.1871
97.2394
96.4938
96.5507
99.8983
98.9251
98.6551
97.2195
96.8317
96.9803
97.196
98.9912
99.6692
96.9996
98.7814
98.2317
98.7216
96.6481
98.1261
98.5263
97.0379
98.1465
99.9089
99.7543
96.5941
98.921
96.6214
99.8698
98.8643
97.1336
96.7736
98.7547
99.0627
98.1587
97.0556
99.8567
96.6417
99.6612
97.4902
98.0078
97.0629
96.5715
98.9318
96.5854
98.1842
98.3982
99.9528
96.7979
96.5522
96.6123
99.0446
96.6672
99.3882
96.5972
98.1163
96.6252
96.7213
96.692
99.1291
98.0065
97.0848
96.8135
99.2594
97.0318
97.049
97.7955
96.7478
97.62
96.9434
97.1219
99.5291
99.0399
97.0415
99.8178
98.4234
96.5133
99.8331
99.362
98.1261
96.7252
98.9019
96.9673
98.8021
98.8048
96.435
98.6499
98.16
97.0087
96.737
98.1539
98.937
98.0388
98.8654
97.0163
99.6977
98.3523
96.5188
99.8698
99.3471
96.6352
96.9713
96.7074
96.8001
96.6912
97.8853
98.752
96.6584
99.036
99.0271
96.5922
96.6702
98.9319
96.5533
98.9981
98.7039
98.8421
99.9718
97.6717
96.8719
98.2536
96.6552
96.7564
96.894
98.631
97.6259
99.0627
99.3976
96.4877
96.6277
98.0649
97.0356
97.1413
96.7487
99.9411
98.9803
98.7814
97.5933
96.509
97.9223
97.0479
98.8712
99.33
96.5978
97.2553
96.5472
98.291
96.4908
98.0676
98.8363
99.002
98.9068
96.7606
98.9188
97.1882
97.6612
97.9733
97.0393
96.6269
98.9153
96.6584
97.166
97.0588
96.7064
98.9211
97.6157
98.7201
98.8759
98.1596
96.6178
99.6612
96.5529
98.7461
99.0096
98.8152
98.2718
97.1094
97.2419
96.7265
98.7672
96.9939
98.8492
96.5499
96.6053
97.1217
97.0412
98.8485
96.9308
99.8681
97.2167
98.1558
98.1611
99.8713
96.7487
98.1144
99.0683
98.1008
96.6234
98.3247
98.815
98.8505
98.6698
96.5671
99.0085
97.1074
96.8896
98.8174
99.7638
98.1558
98.0181
99.0142
98.6967
97.0498
98.9341
99.2271
96.6091
96.5538
98.2751
96.9119
96.5716
96.8426
98.9613
98.0174
98.8683
96.6572
98.8191
96.796
99.0071
96.5892
96.6872
96.682
96.5834
97.6919
96.4894
96.6671
98.2181
97.1756
98.3013
98.6715
96.8176
97.013
96.7768
96.7541
96.5628
96.6354
97.5543
96.6087
96.7483
99.0527
99.4199
98.9943
96.6572
97.7052
98.752
97.2764
97.7493
98.922
99.9714
99.9557
97.7741
96.6837
99.029
96.6199
99.1291
98.0697
98.3976
98.9481
98.9022
98.8396
98.6407
97.166
98.9972
96.9758
96.8363
97.8475
96.9696
99.9283
98.7623
96.6732
98.6475
96.5864
98.7104
97.1081
96.5704
97.7919
99.1152
99.1192
97.2566
98.1209
96.7271
99.3011
97.283
96.6315
97.4741
97.0837
97.9528
99.9868
98.1403
96.8358
97.9899
97.1544
96.5957
98.7083
98.0256
96.894
97.0374
99.8799
98.2885
96.6384
96.616
98.9914
97.7052
99.3674
98.9355
99.9093
96.5315
97.9941
96.9963
97.2807
97.9916
98.6698
97.1158
97.9941
97.0234
97.1212
98.1547
96.5707
99.9451
98.9226
97.7853
98.0451
96.7717
96.6874
97.0911
99.362
98.2467
97.0387
98.8797
98.8122
96.7629
98.978
97.7649
97.9491
99.9677
98.0591
99.1152
96.6259
97.038
96.6501
97.0425
98.8653
96.5082
99.7157
97.0293
96.5999
96.6081
97.7568
99.8964
96.4747
97.6041
98.7421
96.5802
98.9541
98.3489
98.7869
98.1001
96.586
98.2726
98.9946
97.9243
98.3462
96.9895
97.5093
96.7587
97.7931
97.1502
96.7951
96.708
96.7736
98.9943
96.6882
98.7237
99.8953
99.4018
98.4274
96.5198
97.143
96.5648
96.8044
99.3756
99.8625
99.8555
97.7043
98.6322
97.2443
97.7931
98.3123
98.4401
99.1551
99.3976
97.3213
96.7088
98.1337
97.2936
97.1081
97.5743
98.639
98.4507
97.131
98.9167
98.296
98.7476
98.0699
98.7882
97.1413
96.5307
97.0071
96.7508
98.038
97.0971
98.7416
97.4681
96.6103
96.9601
99.9049
98.8885
96.6522
97.0315
97.1328
96.7616
96.7616
96.6146
98.8485
97.9976
96.8603
97.7486
98.3065
99.9374
96.5741
97.7518
97.1463
96.6535
98.1853
99.6965
96.8127
97.1756
96.586
96.569
98.0588
98.7253
97.574
97.3318
96.5985
99.8685
99.0781
98.9733
96.8751
97.1821
98.6302
98.5592
97.0297
97.5393
97.766
97.0006
98.2208
96.751
99.9238
98.2417
99.9451
98.8966
97.0221
98.7903
98.9622
97.7301
96.8188
96.682
98.2938
97.0842
97.1021
98.362
97.7192
98.0219
98.3702
99.0373
96.6491
97.0369
96.5217
99.0899
96.7564
98.25
96.6706
97.0037
96.5578
96.7524
96.6415
96.5538
96.7717
98.923
99.332
96.8629
98.1951
97.9405
98.2233
96.5061
96.962
96.6274
96.9973
99.9138
97.1809
97.0943
97.2807
96.9571
96.9079
96.6081
99.8724
96.6725
96.5723
96.6087
98.9038
98.2944
98.6535
97.7017
98.9019
97.988
98.1193
98.9608
96.5877
99.9788
99.0549
97.9413
97.1497
98.7717
96.6016
99.3519
96.6497
96.828
98.521
96.6659
96.9564
96.7564
96.6016
96.6497
96.5439
98.3554
96.7029
96.5284
96.6677
99.5064
97.6723
97.774
98.7782
97.1145
99.9523
96.7074
96.8836
96.6491
98.0828
97.0823
96.5
98.1009
99.8897
96.5734
96.6587
96.5748
98.9803
99.9641
98.2504
98.8765
96.9651
97.7043
99.9537
98.8813
96.6152
96.9522
96.616
99.9819
98.1512
98.2941
96.586
96.7678
98.8919
96.6605
96.5952
97.7433
98.3276
99.6977
98.2574
98.0143
98.9222
96.5516
96.7372
99.043
97.4393
97.0345
98.2862
98.7931
99.8698
98.1193
98.7782
98.2135
97.1171
96.8095
97.8628
98.8269
99.6943
97.0192
96.6236
97.7504
98.1547
96.6585
97.0641
97.4541
97.8401
98.29
96.512
99.421
99.923
96.5962
98.8717
97.9528
98.8797
98.7672
98.2962
96.5133
96.641
97.2498
98.2944
97.055
99.3519
96.8532
96.7039
98.7817
97.1611
98.8537
98.1484
97.9413
97.065
97.7765
97.1084
97.9908
98.7617
99.0412
96.682
98.8599
96.5547
99.8984
98.7438
96.5866
98.9922
96.7146
98.1983
98.8395
96.9948
98.1337
96.8879
97.1067
96.7834
97.0179
98.6801
97.6879
97.9773
98.211
99.9816
98.5293
98.8256
97.2422
96.7545
99.0178
98.72
96.6236
97.7359
98.7039
99.4306
97.0552
98.8054
97.9413
99.8552
97.2419
99.9435
97.0952
98.3397
99.281
99.9324
98.7815
97.9736
96.6187
99.9407
96.7252
96.5594
98.3791
97.131
96.8412
98.0541
98.1035
98.9015
96.6418
98.9193
99.0553
99.9677
98.0612
97.7706
97.9935
98.6135
99.0747
96.6769
99.913
98.0525
96.5831
98.7427
99.3748
97.2093
97.1674
96.7805
98.6551
96.9958
97.3115
98.8659
98.8651
96.6273
96.6501
96.5578
96.6327
97.0947
98.0431
96.6447
99.0903
97.0053
98.8021
96.6196
99.0274
97.2041
97.0944
98.6721
98.8672
99.7583
98.2223
96.9527
97.9964
98.72
96.6316
97.0588
98.8538
96.5187
98.2706
99.043
98.9948
98.2208
99.904
96.8011
96.5628
96.5183
99.8986
96.6405
97.9483
97.6784
97.6487
96.5962
99.8667
98.9546
99.9439
97.1478
98.4359
98.7783
97.2816
98.1602
98.8787
97.9794
97.075
99.4492
99.9138
96.9958
97.8175
97.6612
98.2519
96.662
97.2634
97.4667
98.5881
98.1355
99.3756
96.984
98.8815
97.039
98.7438
96.8694
98.7104
96.6375
97.9481
97.0081
96.5541
96.641
96.6721
96.6504
98.2298
98.7679
96.621
96.7243
98.1579
97.946
96.6312
98.1438
99.0023
96.9889
98.1988
97.0943
98.8106
98.9855
99.9322
97.1497
99.9337
96.5861
96.9673
99.0476
98.0975
98.8394
96.8048
96.7088
96.8512
98.625
98.0545
98.8516
98.2809
98.8424
96.6292
96.9618
98.3031
96.6187
99.0994
98.0791
98.7983
96.737
97.1167
96.7652
98.5753
98.923
97.1301
96.6837
98.0425
98.3024
98.5861
99.1032
97.0794
97.9736
96.6811
98.8203
98.2252
98.8348
99.9323
96.5158
96.6373
98.0654
98.8876
98.2536
97.9192
96.6112
97.9423
98.8646
97.9526
98.8781
99.7039
96.5982
98.8425
96.691
98.1257
96.5318
98.2229
97.0706
98.3343
97.0218
96.9833
97.1021
99.0011
96.6375
99.9143
97.1077
98.22
97.1344
96.7101
98.9022
96.5357
96.7162
96.9414
96.6733
98.1512
96.8936
99.9291
97.1038
98.9803
96.5315
99.3803
97.2816
99.8912
98.8903
98.171
99.9033
97.0957
98.8875
98.414
98.9812
99.1313
96.5671
98.7112
99.0178
98.2655
99.6917
98.1593
98.202
96.6622
96.675
98.2959
97.0125
96.8339
98.1325
97.6021
96.7954
97.9852
98.0452
97.0076
97.8433
96.5957
98.1096
97.1502
96.9163
98.7536
99.9567
98.7799
99.8199
96.7807
98.8455
96.5732
96.6857
98.7983
96.6731
99.9543
96.7787
96.9806
98.8341
97.6231
98.3702
96.5986
99.9143
97.2167
99.9026
97.2497
99.3408
98.6749
98.419
97.056
98.7018
99.0527
97.0005
96.6287
97.5748
97.379
98.3121
98.699
96.9571
98.803
98.9958
96.8751
96.7109
97.7006
98.4619
96.7362
96.5743
97.0186
97.8138
98.1711
96.7437
98.7421
99.0172
96.8289
96.7103
97.9084
98.7796
99.0142
96.5495
96.9411
99.046
98.7364
96.6426
96.8891
98.8489
98.8733
98.9787
98.0099
97.1502
96.6162
98.2726
98.2797
98.7114
98.8323
96.5262
98.3123
96.9421
99.3276
97.0914
96.5225
96.7308
97.0947
98.8922
99.4579
98.7956
97.0942
98.5263
98.2183
97.781
99.9323
99.9366
97.1347
98.2388
96.722
96.9564
98.1557
98.2536
99.3855
97.9964
98.2992
97.1116
97.0838
97.1897
97.1009
98.2442
96.5947
97.0168
96.726
96.5837
98.3462
98.0089
97.023
98.3231
99.0122
99.8583
97.0025
96.5685
98.2204
97.9968
99.9439
98.9938
98.3542
96.9924
98.3254
97.5135
98.8293
97.9953
98.0091
98.9943
98.3013
97.0425
99.6546
97.9826
99.0404
98.0143
99.905
96.6057
97.8987
96.6039
96.7896
96.6405
98.5877
98.2809
97.9055
97.0855
98.0064
98.8394
96.7346
99.2705
98.3337
97.7222
97.579
98.9404
96.581
96.9826
98.3768
97.0963
96.6731
99.889
99.0653
98.1001
96.6516
98.3913
98.0181
98.21
97.0085
96.6934
98.3551
98.4031
98.9975
97.2634
98.7317
98.2751
97.0053
99.8843
96.8127
96.6574
96.7541
98.8567
98.2029
96.9897
96.8225
96.7163
97.9976
98.8599
97.1016
98.7377
97.0863
96.7616
97.977
96.6114
97.0981
98.2836
97.4499
99.9255
98.8901
98.7492
96.7833
99.1438
98.2471
98.8748
98.4272
97.8939
98.5716
98.3461
96.6249
99.0404
97.1076
98.9291
96.7357
98.3751
96.5704
96.9185
97.0644
96.9833
96.6808
99.9441
96.9876
96.5173
98.1707
99.1483
98.6236
96.6695
96.6287
96.6573
96.9198
98.9916
98.2836
98.7655
98.8595
97.9492
97.1222
96.5077
98.2941
97.0061
97.1511
98.9676
98.7544
96.7508
96.5917
99.9784
98.8538
96.7346
96.9988
96.5837
99.1215
97.166
98.0344
96.9197
97.9929
96.7043
97.699
97.1886
97.944
99.9411
98.7255
98.9204
98.9905
98.9037
98.9922
96.7851
97.9953
98.3302
96.6811
96.582
97.9928
97.715
96.7444
99.9477
96.705
96.8225
99.9883
99.8961
98.9929
99.1192
99.418
98.7381
98.8858
97.6713
99.8984
97.0294
98.9445
96.9897
98.3411
96.5577
98.9285
98.0284
99.9368
96.509
98.0389
99.7643
96.6358
96.672
97.2247
96.5715
99.7643
98.3849
96.9601
97.462
96.9252
98.8567
98.6939
98.6991
98.808
98.9789
98.9774
98.1524
98.095
96.6762
98.8495
96.7681
97.2143
98.8341
97.081
96.4775
97.1374
98.1168
98.7987
97.049
97.7935
97.144
97.0085
99.1313
97.7546
96.7436
97.0222
97.5398
97.2811
96.4531
96.7398
96.7632
96.623
98.0926
98.0572
97.0032
96.5737
97.6852
97.139
98.1008
98.182
98.9868
96.7325
96.7508
97.2706
98.5433
99.2777
98.2982
96.9758
98.8976
98.2334
98.2487
97.1143
97.0938
98.0588
97.1544
98.0545
98.76
98.0345
98.5401
98.1184
98.5743
98.889
99
96.9779
98.3019
98.762
96.59
98.9323
99.7678
96.997
98.3094
97.0463
98.2525
96.7829
97.1346
98.9661
98.3176
97.2136
96.9027
98.9842
98.6881
98.2574
96.7865
97.977
96.6236
99.0056
96.9765
96.6875
98.0736
99.1152
98.9948
98.1337
98.246
98.6975
97.189
96.5889
99.6692
96.7917
98.4301
98.1446
97.9509
96.7217
99.6526
99.9921
96.5472
96.5168
96.9179
96.7829
98.0843
98.9666
98.6317
97.037
98.0254
98.2036
96.9913
99.0793
98.0993
98.4975
97.0177
96.6249
99.0045
99.0324
98.7969
96.816
99.883
98.1806
99.3779
98.7438
96.6992
97.9964
97.6852
98.8051
98.9921
99.0769
99.0417
96.5586
96.9659
96.5999
98.9666
96.7446
98.017
96.6848
98.3004
99.3855
97.2356
96.9948
98.8433
98.1602
96.6721
99.8625
97.0691
97.11
97.2498
98.7555
98.8269
96.6875
98.6959
96.5723
96.8095
98.0078
98.1737
98.017
96.6333
96.7621
97.6615
98.9358
96.798
99.0619
97.1035
97.085
98.5754
97.295
96.6154
96.8138
98.744
98.347
98.071
97.0162
99.411
97.144
96.5995
98.8605
98.1502
98.9291
98.7503
99.9472
98.2978
96.9051
98.5263
99.9627
98.8974
98.5682
98.8919
98.1378
98.0065
97.0135
96.713
97.081
97.2237
97.747
97.0343
97.0144
98.7536
97.3867
98.1842
96.5158
96.9886
98.8495
98.1421
97.9871
99.9283
96.7348
98.9587
96.6101
98.6692
99.8745
96.7315
96.5945
98.5426
99.6692
99.9528
98.8224
96.7851
96.9713
97.7681
99.8044
98.7816
96.6195
98.8467
98.9924
97.4499
96.9119
98.7987
96.6126
97.9086
99.0096
96.577
98.6886
99.0477
96.5477
97.3398
98.3343
97.139
98.8885
97.1001
97.0578
96.9722
97.8118
97.0032
97.1104
98.7237
99.9449
98.932
98.0883
99.1215
97.0803
99.0319
96.5384
98.3275
99.3855
99.883
97.9388
97.6879
99.1551
97.0968
97.1145
98.8433
99.3803
96.5624
96.9583
97.9479
96.6565
98.6449
98.2872
99.3634
98.9201
99.1483
98.3739
99.8178
97.9748
97.1346
97.1193
97.7052
96.6942
99.0148
98.3679
96.6747
96.8735
97.1821
97.1497
96.9552
96.8896
99.9654
98.8433
97.3078
97.9698
96.9803
96.6056
96.9368
97.9496
97.1301
96.7088
99.983
99.009
97.0588
96.636
98.1438
98.8672
96.504
98.2828
97.8849
96.6639
97.7935
99.4021
96.7001
98.6976
98.2576
97.7052
99.3875
97.2083
98.8309
96.6941
99.4199
98.6886
97.5888
98.8883
98.7112
98.3835
98.7444
98.7562
97.2558
97.1079
97.4902
98.3465
98.01
97.9983
98.3712
98.9351
99.9343
98.6621
97.8987
97.0793
98.8653
97.0025
98.8557
96.6427
98.7547
99.313
98.1607
99.9607
96.4908
97.1999
97.1563
98.0843
96.7785
97.6939
98.8479
96.91
96.8417
97.2356
97.52
97.0687
96.6282
96.6274
99.8724
99.9518
96.6706
97.037
96.8826
98.6715
96.862
97.0639
98.7683
98.8653
98.1612
96.6874
97.7246
99.7638
98.2104
99.3674
97.2807
98.9045
96.6981
99.0252
98.7623
99.9658
96.8132
97.0364
98.9961
96.5895
99.6917
99.3874
96.5734
97.7052
97.8097
97.2108
96.9864
99.9366
98.0879
97.2868
98.815
96.6867
96.8095
98.1446
96.9889
97.9086
98.1438
97.1247
98.1983
97.6123
98.8557
96.6135
98.6801
96.5894
99.2298
96.7458
98.1041
97.6041
96.5679
99.9069
97.0886
99.4199
98.7987
96.7515
96.7652
97.7183
97.1752
98.1455
98.2487
97.2285
98.0872
98.7488
97.075
98.9624
98.194
98.9216
98.7816
96.6941
96.7545
98.9251
98.8215
98.9809
99.062
96.7458
96.6408
96.9821
98.0134
97.2463
96.5434
99.5064
96.7402
98.7082
96.5957
97.3251
96.5957
97.2998
96.7209
99.9917
97.6266
99.3635
99.8964
98.8152
97.5775
97.7541
98.2833
98.9789
96.5238
98.0877
99.3756
97.9423
97.6395
97.1152
98.781
96.5683
98.4092
97.917
98.8457
96.6152
97.6941
98.8893
96.7064
99.0866
99.9284
97.0957
98.3793
98.9868
96.7029
96.7989
97.0931
98.9519
97.0943
98.2348
97.812
96.9797
98.733
98.8056
98.6126
97.8639
96.8391
96.5998
97.889
99.9856
96.563
97.5629
97.0258
98.7823
97.1944
96.4894
97.9435
97.0855
97.2553
98.0018
98.6551
98.0453
99.0459
99.3914
98.1619
96.5838
96.6139
96.7943
96.7717
97.1094
98.7988
99.3914
98.0407
98.7537
96.7174
98.8458
99.9045
99.0527
97.1187
96.8363
99.8906
98.8651
96.6081
98.8633
97.039
99.3895
98.6497
98.9477
97.4671
96.7726
99.0311
98.6268
96.5872
98.0612
98.1762
97.092
99.0646
97.4584
98.2546
98.8161
99.9509
97.9848
99.904
96.8097
98.2605
98.9237
98.171
98.2574
98.9775
96.7814
98.182
96.5242
99.6917
97.0471
99.0313
98.8365
97.128
98.0389
98.69
97.2237
97.0187
96.567
97.8496
98.9466
96.6187
98.9843
96.7618
98.6715
97.0431
99.4151
97.0555
98.009
98.7365
96.6168
98.7751
96.9308
98.7679
98.1593
96.697
97.1875
97.7917
98.0864
96.6022
96.6917
98.3771
99.3779
96.7545
98.1781
99.9567
96.6648
99.6917
97.6487
96.6568
98.2103
96.666
96.7735
98.7538
96.8135
98.8161
96.6187
98.1502
96.5779
96.6317
96.5957
96.6882
97.023
97.7078
96.7437
97.6457
96.6875
98.9416
96.5962
98.2681
99.3142
98.2204
97.1413
98.6976
97.8025
96.6136
97.0664
96.8824
98.3276
97.0917
96.591
98.2631
98.9038
97.3213
99.9579
98.7033
98.2367
96.6934
98.3313
97.0053
96.9179
98.6904
97.0385
98.716
99.9718
98.9167
96.8092
97.699
97.6851
96.5408
97.6758
98.5263
97.5841
97.0993
97.6723
97.7703
97.9331
97.3115
98.3587
96.7189
99.9438
96.5483
99.1468
97.1104
98.9343
97.1301
98.1282
98.9511
97.6941
98.9865
98.9234
98.9472
97.2437
96.5629
98.0329
96.7857
97.0933
99.9322
98.8051
97.7836
98.6497
99.332
97.9983
96.5924
96.7119
98.3739
97.7721
98.9323
98.9351
97.2388
99.9917
97.1346
96.9207
96.5081
98.2992
96.6725
96.6231
99.9735
96.6313
98.7936
99.8567
96.8546
99.0417
98.9938
97.9908
96.6269
97.0943
97.0838
96.9586
99.9106
97.7641
97.8889
98.9812
98.2522
99.9387
96.6664
96.6771
97.6101
98.8164
99.9267
98.9884
99.0763
97.0005
96.4949
96.586
96.6552
99.0128
98.0085
98.7492
98.8626
98.0925
98.7286
96.8468
98.7408
97.128
98.6269
98.7212
96.6312
96.7622
98.8815
99.9718
98.8181
96.8
96.5707
96.5877
98.8964
96.7448
96.9569
97.805
98.9369
98.1232
98.4301
98.2649
98.7874
97.9065
96.523
98.1922
97.9834
98.932
98.8813
99.9605
98.2104
98.3542
98.2767
96.563
98.0493
97.8553
97.0423
96.5187
98.8056
98.1606
97.4399
96.8677
99.7583
96.7237
96.9924
97.7246
97.812
99.9816
98.7931
96.7252
96.7222
98.9319
96.9991
99.0087
97.1882
98.6971
98.1619
96.9163
98.0099
97.2565
99.0258
99.9497
96.9527
99.9438
98.9604
96.6659
96.5006
97.2143
97.0639
96.662
99.9058
96.6437
96.6587
99.9358
98.7894
98.9372
98.8765
98.8858
96.6706
98.797
98.6135
99.6786
96.5308
96.5528
98.7553
99.1468
96.6882
98.922
96.5781
98.9376
97.0469
96.9929
98.0513
96.8629
96.7016
98.6271
98.0993
96.7116
97.8196
96.6112
97.0294
96.5779
97.0664
98.8848
96.7088
96.9906
98.9312
96.6565
98.9037
98.8521
96.523
97.574
96.5952
96.6584
99.9562
98.8468
98.0572
98.9068
99.9373
98.9635
96.7131
97.0869
98.7339
98.8796
98.6928
97.62
98.8748
99.0392
98.8224
97.001
98.7595
96.8448
97.0149
96.5758
98.9222
97.9735
98.7879
97.359
96.577
96.4309
96.6901
99.0899
99.3163
98.7406
98.6282
97.1047
99.0627
99.3622
96.5406
97.1054
96.7867
99.9049
98.0441
96.9978
96.9306
98.7444
98.7444
97.3016
96.7845
97.0915
96.5923
98.934
97.0025
98.7857
98.6604
97.2067
98.8051
98.1858
98.7461
96.6343
98.7488
98.0426
96.9958
97.0779
98.7438
99.3685
97.4527
99.0527
98.3861
96.623
98.7797
98.9671
96.8888
96.8067
97.9223
99.8799
97.3997
96.6552
98.1688
98.2853
97.9628
98.0109
98.6946
98.0284
99.0113
96.6307
96.9929
97.9794
99.9509
97.985
97.038
99.8663
98.2167
99.046
98.8051
96.6334
98.0305
96.7616
97.104
99.3722
96.7109
98.2299
97.9413
99.0946
98.2356
98.3319
98.2751
98.7634
97.715
97.9651
99.2805
99.1215
98.0883
99.8766
96.7524
99.8957
96.7219
99.981
96.6912
99.9816
98.7839
96.8216
98.8129
96.9804
98.2334
96.5434
96.8121
98.1587
97.0886
99.0476
98.1098
96.5961
96.9505
98.0677
96.4906
97.2816
99.3914
97.1055
98.3054
98.9222
99.8524
98.9613
99.9291
96.6057
97.5722
96.5715
96.7265
97.9348
98.8048
99.7643
96.5535
98.2649
96.7689
96.5779
98.8347
98.0065
96.5889
97.1362
97.0412
98.9266
96.6001
98.7538
97.0025
98.3835
97.089
96.6292
96.7889
98.2317
97.0039
96.5854
96.5305
98.2726
98.8901
98.258
99.043
96.6186
98.0084
99.411
97.0032
98.7987
98.29
96.6858
98.742
98.3059
96.7116
96.6048
97.6946
96.7487
96.652
97.0928
98.1713
99.0128
96.6432
98.1628
96.7179
98.8348
98.5052
97.0343
97.7684
98.3584
97.9479
97.0838
97.1404
97.1337
99.6087
97.0135
99.3365
97.9858
96.9588
98.6858
97.3094
98.2655
97.1842
96.7243
96.5982
99.0576
96.5656
96.6409
96.641
96.9601
99.1325
97.5406
97.917
96.6421
96.6236
96.7989
99.0008
97.2135
98.2536
97.099
99.9225
96.603
98.8256
97.0077
96.6463
97.81
99.908
98.3004
97.1008
98.3004
96.9805
96.7954
99.9374
97.0179
96.5262
98.7992
97.6913
97.0842
99.0917
96.6136
98.4507
97.5748
96.5685
99.3163
96.7434
98.1388
96.8664
96.63
99.911
97.0865
99.8713
99.3759
98.1556
98.2645
98.797
96.5063
96.5112
98.0231
98.9912
97.1346
97.9522
99.9314
98.8222
96.5308
98.2778
96.6328
99.9055
96.6875
99.2533
97.1502
98.7427
98.879
99.0527
96.8417
97.0903
97.0204
99.0258
98.0008
96.7487
99.0252
98.8831
98.5293
97.0393
97.0933
99.9059
98.1858
96.7166
99.6807
99.8625
97.5877
98.8931
96.7626
96.8001
97.1074
99.0113
99.0195
98.803
97.144
98.2199
99.917
96.6317
98.1858
99.1192
99.905
98.8021
96.4574
96.8127
98.5468
97.7872
98.6998
98.8643
98.601
96.6283
97.2363
98.8054
96.5816
96.5922
99.043
98.3267
96.6333
98.9277
97.7836
98.9868
96.9804
96.9713
98.7723
96.7509
97.6796
97.7721
97.0127
98.1355
97.0707
97.0498
98.3054
97.0739
99.9856
98.3247
98.6937
97.0142
98.0513
99.4136
97.1104
97.9435
96.8426
97.6783
96.6397
97.912
99.6208
98.8457
97.9877
98.3019
96.6632
99.8953
97.2083
97.6935
99.7073
96.5543
97.0992
99.2712
98.2364
96.8298
98.8542
98.2422
96.5
99.569
97.7461
96.7251
97.3555
97.8639
96.623
98.2536
97.0168
96.5149
99.3878
98.0774
98.6433
98.8537
97.0886
96.5846
98.8457
99.0271
99.989
99.9639
97.1897
96.4899
96.7632
96.5906
99.8771
97.0838
98.3256
98.3473
99.3874
98.8256
98.2662
97.2933
98.9733
98.2204
98.5753
98.7444
99.9472
97.1108
98.1408
99.0747
96.6205
98.8015
98.2428
97.9084
99.9059
96.5307
96.6837
98.2667
97.944
98.3581
99.0603
96.6375
98.0272
97.112
98.3328
99.5709
97.5925
97.6758
96.816
96.5658
96.6287
97.0219
99.9677
99.0123
98.29
97.2433
98.6269
98.6508
96.8334
96.9779
96.7871
96.6087
99.9093
97.3213
99.3655
98.0181
97.9486
98.5635
99.7502
96.5721
96.7542
98.1168
98.0591
96.841
98.8405
96.8836
96.6796
97.9735
96.6568
98.9921
96.6313
98.0572
97.5135
96.7182
98.5557
97.6954
98.3488
98.25
97.9704
98.9762
96.6559
99.8472
96.9716
96.6241
98.9675
98.8635
96.6978
96.6771
98.1556
97.3012
98.8405
96.6359
97.6038
96.5859
97.0111
97.0113
99.9669
98.0922
96.8119
98.8599
99.0142
96.8359
98.2828
98.3364
98.2039
96.6524
98.7555
96.6081
96.623
98.9222
96.6187
97.0094
98.2375
99.9138
96.5266
98.7538
98.9766
98.7253
99.9497
96.6969
98.1558
96.8359
96.5854
96.664
98.0221
97.4681
98.3024
98.0219
98.8021
96.7401
99.1291
97.0149
98.8987
97.6783
97.1544
98.4141
97.9399
98.3584
99.3465
97.9976
96.6587
97.1084
96.5732
96.5824
99.1483
98.8056
99.7218
99.4571
96.5783
99.0676
96.616
97.1271
98.2836
96.7644
97.9704
97.6819
98.7723
98.8858
98.923
97.2811
96.7896
99.0166
98.2149
97.013
99.7445
98.9765
98.3254
96.657
98.7033
98.2525
98.1326
97.9405
99.3801
96.7901
97.7461
98.1853
98.8033
98.0036
97.0076
98.0331
96.961
96.5755
97.0135
97.6913
96.6022
98.1425
96.7862
98.9953
97.1171
98.0861
99.2907
98.3313
97.0917
98.6437
99.2614
96.5148
98.8084
96.5812
96.9969
99.9322
96.6515
96.972
98.9987
98.78
99.9451
98.9727
97.5841
96.8474
99.3284
97.9483
96.9318
97.0443
96.6732
96.5483
99.1246
98.2985
99.4003
96.6277
98.6761
98.3548
99.002
96.6324
97.7463
96.4351
96.7689
98.4234
99.569
98.9078
97.4686
98.1394
96.6559
98.2958
98.2944
98.6342
98.1002
98.9403
98.9713
98.785
97.0342
98.0254
97.6898
98.8152
99.8736
97.919
98.3054
96.7315
97.6939
98.158
97.9621
98.9746
97.1763
96.5319
96.7521
98.1602
99.854
98.1921
98.1846
98.5743
97.8518
96.9522
96.9601
98.3728
96.6162
98.1315
98.8736
96.7101
96.5689
98.9033
99.0044
97.0085
99.4144
98.8876
96.5682
96.6495
98.0926
98.8908
98.1001
97.272
97.0297
97.7765
97.0113
97.0198
98.815
97.1047
98.8458
98.29
96.5952
98.9727
98.9888
99.313
98.4141
96.6587
98.0465
96.8953
96.7315
96.9411
97.9092
99.0603
97.985
98.719
96.4392
98.8575
99.0321
97.411
96.6646
96.59
98.7201
97.7828
98.1715
97.7091
99.8957
97.9858
96.6825
97.3319
99.9106
98.0665
97.411
99.3024
97.1009
97.156
98.1444
97.5629
98.2338
98.7165
99.9528
98.3858
99.9087
97.4671
96.6384
99.356
96.6796
97.9423
98.3702
97.7067
96.9618
98.7967
96.7189
97.0597
99.8685
98.0148
98.9041
96.9714
98.8206
98.8404
98.7444
98.8717
98.3004
97.1079
99.0946
97.805
96.8992
96.7012
97.699
98.5468
98.5888
98.0904
97.0777
96.7002
99.0322
98.9431
96.6912
99.8865
98.9975
96.6106
96.5757
97.9065
97.8599
99
98.3551
97.9953
98.7748
96.8067
97.0661
97.1142
96.5854
96.7446
98.144
96.663
97.7706
99.954
98.2757
97.0169
97.0706
98.1108
99.0244
99.7678
98.1846
97.1193
96.6725
99.8501
98.8985
99.0172
97.0855
97.2807
96.9643
96.5364
98.3581
96.5693
96.4656
98.7782
96.7993
96.5161
98.4802
98.2962
99.8897
96.5149
99.3078
99.9551
98.3146
96.9505
98.8727
96.5251
98.0756
98.8191
99.0902
96.9163
97.0534
98.9816
98.7969
97.5925
97.7144
97.1404
98.9145
96.8888
98.9762
98.9671
98.8405
98.4507
99.9055
99.8727
99.1858
98.2868
98.9917
98.1553
98.9654
98.7816
98.9266
97.5888
97.0584
98.0878
96.5758
98.0676
98.2193
97.9492
96.8827
96.7982
97.5578
99.0967
99.3685
96.5887
96.9252
99.0244
97.443
98.1632
99.0294
98.7782
98.2204
96.7681
98.0791
96.6027
97.2419
96.5422
97.7067
99.9509
97.9481
98.694
96.53
99.8555
96.6469
98.8433
98.8943
97.8952
96.7116
98.9327
97.0833
96.7064
99.8897
98.8693
96.6572
98.7434
98.7533
96.5156
96.7796
97.143
96.6383
97.2806
97.5112
96.8997
96.9679
97.9815
98.3146
98.2135
98.8908
96.7
96.7751
99.876
97.0837
98.8748
98.3584
98.649
96.5894
97.2707
97.7025
98.7218
98.7538
98.9466
96.8534
96.8534
98.9688
99.1273
97.2262
97.9086
96.7706
97.0838
96.5692
98.6248
98.1805
98.2969
98.2656
98.9984
99.0559
98.1792
99.0008
98.8499
97.4741
98.2701
97.6521
96.5756
98.6126
96.6076
97.626
99.0048
98.9216
96.9569
99.9433
96.6146
99.33
97.0077
99.7505
96.8553
97.5933
99.525
96.5783
96.7189
98.752
97.1133
97.2707
97.143
96.7646
96.9198
98.789
97.4571
98.3897
97.7311
97.1108
98.3768
99.0438
98.6355
99.0319
96.5851
97.0886
98.7919
99.9409
99.0035
97.0026
97.0641
97.781
98.9821
96.7833
98.808
97.0135
96.5705
98.0078
96.5894
98.2812
96.7865
98.1096
96.5699
98.5743
98.8282
96.7659
98.497
98.2422
96.8792
98.9928
96.6002
98.1952
97.1014
96.8836
96.6214
98.8106
99.1438
97.0297
96.6249
97.1084
97.5748
96.5187
96.6533
96.439
99.8876
96.6427
97.6913
96.7269
98.6967
99.9174
98.8748
98.0591
99.953
98.1762
99.9337
96.6504
97.2946
96.6646
98.8653
99.6559
96.8119
96.5301
98.1611
98.3441
98.8712
96.5537
98.8813
96.9758
97.2246
97.1146
98.0852
98.8495
97.2764
96.663
96.9538
98.658
98.206
97.2749
96.859
96.6182
97.6147
96.7151
96.6568
97.0221
97.6231
99.9451
98.978
96.6326
97.0169
98.8942
98.379
98.2606
97.0842
96.7845
99.3814
98.8652
97.1362
99.356
97.0815
96.8325
98.3701
96.8792
98.7506
96.6958
98.7436
98.9675
98.6744
96.9969
98.1553
98.3369
97.0971
98.3701
98.2453
97.5933
97.306
97.2111
96.7294
96.9728
96.5504
97.6615
96.997
96.8903
98.5263
97.0318
97.0076
98.9201
98.923
98.8993
98.1997
96.7182
98.3598
96.6755
97.0169
98.7831
97.0928
99.9367
98.8709
98.7766
96.9651
97.046
96.7708
96.837
98.6939
96.7616
99.8648
98.8965
96.5851
99.3814
99.0646
97.6612
99.8983
98.3462
97.9455
97.6941
99.3519
96.6867
98.976
98.7227
96.9981
97.7684
98.8054
96.6898
96.6358
98.7866
97.2662
98.0136
97.2046
98.2757
98.9929
99.9819
98.6881
98.7547
98.228
98.8439
96.7888
96.6458
97.4967
96.5734
96.9702
96.988
99.0627
97.0307
96.609
97.5629
96.5472
96.6771
98.7988
96.6115
98.7376
97.0855
97.9483
98.8748
99.0706
98.8976
96.6702
98.9803
96.8833
96.6205
97.3092
96.6402
99.0431
96.4531
99.036
98.2691
99.6049
98.2984
96.6821
98.1858
98.3176
98.4951
97.1495
96.7341
97.6038
96.5061
96.6408
96.5855
99.0931
96.8603
98.3299
97.1511
96.9306
96.4619
99.3163
98.8651
98.8797
96.6115
96.8112
97.0838
98.752
96.6367
98.6872
97.0292
97.2565
98.6976
98.1035
98.9216
96.6315
98.8748
98.0925
96.7618
97.0102
99.9387
97.1301
96.5468
99.0133
98.4248
99.8903
97.1012
98.3047
96.7817
97.7315
99.9411
97.0644
97.9413
96.6112
97.3179
96.9559
97.9628
97.9886
99.3634
97.1142
96.9216
99.9916
96.48
96.7066
97.092
97.1563
97.9022
96.608
98.7165
99.0011
96.7629
97.8939
96.6273
98.123
98.7922
98.6269
98.2681
98.8754
96.6412
96.9368
96.601
99.0459
97.978
96.5706
98.7453
97.0931
98.5738
96.7788
96.5742
96.6815
96.6596
98.2159
96.8495
96.5996
96.9516
98.8511
97.1212
96.9777
98.3606
97.0168
96.6584
98.1021
98.7538
98.9981
96.6535
98.9487
98.0284
98.234
98.2348
96.6505
97.0168
99.8541
98.1846
96.5315
98.7506
97.9483
98.7487
98.4104
96.7029
96.5703
98.7416
97.5738
99.036
98.1259
96.5522
98.3686
96.7101
98.0756
98.2536
96.6552
96.6942
99.0234
97.6392
96.641
97.039
97.0938
96.7252
97.2414
98.243
97.5093
98.8858
98.8395
98.7987
97.0318
99.6726
98.9922
98.9675
96.6187
97.6783
97.2068
98.008
98.1455
97.0126
96.7542
98.0465
96.5301
99.0258
98.379
98.9949
98.8635
98.9091
98.9176
96.6941
99.8713
99.9343
96.6179
98.0302
96.8468
96.5271
98.8269
98.0423
96.6022
98.0214
96.5656
96.8026
99.0559
98.5862
98.9981
96.8412
99.0335
98.0184
98.5753
97.1972
97.0816
98.8903
96.6933
99.936
98.9881
97.7078
96.9659
96.9908
97.0307
97.9896
98.8279
97.9999
98.1041
96.5995
98.0861
98.2634
98.3256
96.5779
98.0431
96.6196
96.5495
96.5784
98.8771
96.6926
98.8133
99.9053
98.2747
97.0841
96.5902
98.1502
99.6965
98.7227
96.8751
98.2726
96.6952
98.8717
97.5888
96.4538
96.9981
98.2914
98.8831
98.8683
98.3227
98.2422
98.9881
98.2104
96.5757
96.6966
96.5664
99.1325
98.2036
99.9639
97.9815
98.5415
97.2247
99.8412
97.066
98.414
98.8468
98.2159
97.1756
98.1455
99.0576
99.1566
97.3403
97.0458
98.8748
96.774
96.7366
97.6487
99.0576
96.6235
96.6381
96.993
98.6248
98.3144
97.8922
99.067
98.8129
98.0507
98.9367
98.0564
97.0838
96.7693
98.1184
99.3308
96.7037
96.726
97.6157
98.0878
98.7064
96.8194
96.5251
98.9912
97.0414
99.0715
97.7846
96.962
98.9818
99.3914
98.9038
97.1219
99.0523
99.9278
97.2177
96.5648
98.0256
97.7329
99.4236
96.8005
98.1927
99.8667
97.0605
96.5791
99.9537
98.9775
97.075
96.7943
97.2456
97.737
98.6268
97.075
98.2909
98.9336
96.9386
97.6392
99.7218
98.1952
96.5188
97.1893
96.7622
97.7433
97.1185
96.7545
97.1277
97.6939
98.2634
99.7583
99.3467
97.6945
97.3997
98.2574
99.935
97.2016
97.0171
97.4741
99.3722
96.771
98.2417
98.8599
96.4708
98.9862
96.912
96.6586
97.7052
96.692
98.2978
99.036
98.246
98.414
99.0966
97.189
96.509
98.7672
97.443
98.9817
98.7748
98.2541
96.9478
96.7706
98.1998
97.0319
98.8457
98.6322
99.0244
98.3771
99.0057
97.988
99.7583
98.0588
96.6278
97.9388
96.5727
96.5429
96.6974
96.6513
97.9405
96.6519
98.1073
97.7679
97.5877
96.9559
96.5694
98.6959
98.9231
98.6135
96.962
96.7471
97.9192
98.0989
99.6943
98.2548
96.7215
97.0499
96.694
96.7385
98.6382
96.854
98.2776
96.8194
98.7717
96.6495
99.9527
98.0591
97.9486
98.2522
98.8014
99.0459
98.8652
99.5709
97.1435
97.125
98.976
97.6613
97.919
98.2939
97.1563
98.6429
97.6941
97.0823
99.0785
98.4619
99.2862
96.5756
98.9821
96.5929
96.771
99.908
96.6278
98.897
98.9775
98.0585
97.2046
98.7736
97.6457
99.8613
96.5772
98.1795
96.7392
97.1477
99.421
97.1435
98.0214
97.9928
96.499
97.1426
98.8422
98.8651
96.8119
99.9515
96.6622
97.2195
96.6491
97.6864
96.7589
97.2933
97.3931
97.0169
97.0268
99.4018
97.2389
98.9676
98.752
98.9673
97.0662
99.3759
96.6186
98.8505
98.8321
97.9794
96.6393
97.0981
98.1853
99.3759
98.2858
99.9909
96.8298
98.7082
96.5987
96.705
97.7337
98.0532
98.9673
99.9868
98.8857
96.6599
98.7538
98.9759
96.5655
98.6698
98.7212
98.9604
98.2656
98.0039
99.7485
97.5841
99.7583
99.8524
97.0183
99.8553
97.9552
96.6747
98.1579
98.2836
97.0089
97.7919
97.065
98.9291
97.466
97.122
98.715
98.2398
99.7265
99.4419
96.8043
99.5534
96.789
97.1347
98.6622
98.8925
99.0168
97.0873
96.6252
98.6817
96.7693
96.6672
98.1593
98.6135
98.9915
96.6605
99.0554
96.5522
98.0388
96.9758
96.5434
98.7421
99.041
98.7655
97.0018
98.0181
97.2397
97.1023
96.9803
98.266
97.9714
96.5407
96.3894
96.8068
99.821
97.7502
98.6621
96.7434
96.6196
97.1479
97.9925
97.0364
99.067
97.1734
96.6215
96.6236
97.984
97.9312
98.9943
97.288
98.5557
98.1378
97.2143
96.7769
98.7114
96.9441
98.9743
98.7866
98.2299
97.9022
98.9914
96.586
98.6129
96.6501
96.5802
99.2271
97.9491
97.2062
98.2831
96.5952
98.2474
98.0069
97.5738
98.8557
98.3683
97.1988
97.4388
98.0532
98.7553
98.9866
97.0825
98.8222
99.9337
97.295
96.6236
98.9308
97.0933
96.7028
96.5479
98.1819
96.5054
98.7537
96.7012
98.0461
97.8849
96.6039
98.0493
96.577
97.2058
96.8334
98.215
97.5877
98.8999
96.7341
99.9582
97.7606
97.636
97.0641
99.5064
98.3613
96.5063
98.2167
96.7786
98.8891
96.8553
97.1184
97.9666
96.6869
97.1955
97.8198
98.7852
96.4708
98.3873
98.639
99.9368
96.7771
96.4747
98.0148
99.8472
98.7617
98.7112
99.3622
98.9671
99.5698
97.3224
98.0254
98.3146
97.6934
96.6187
96.8026
96.7028
96.8751
97.6367
98.0571
96.5112
96.7917
99.6624
98.973
96.4938
97.3931
98.1612
98.095
98.5039
97.7647
97.74
99.4021
98.2812
98.7639
96.7784
98.0971
96.6489
98.8782
97.0869
97.9916
97.2969
97.1502
97.9794
99.9572
98.6718
99.0476
96.764
99.0233
98.0564
96.7109
96.7206
98.7894
96.962
96.4538
98.0134
96.5737
96.8298
96.7209
97.9953
97.6123
96.5705
96.7074
96.5982
96.5779
98.0272
99.0476
96.7943
96.5875
98.8395
98.2706
98.8203
98.3103
98.9981
98.5052
97.0061
99.3937
99.9591
96.6412
99.9419
99.067
96.5664
98.8974
98.7212
98.7506
99.5872
97.2782
99.9729
98.7551
98.8136
99.989
97.4967
99.9016
98.0434
97.8964
98.7322
96.5854
98.0305
99.8897
98.0109
99.7505
98.7625
99.0655
97.7706
99.9375
98.1395
97.0992
99.8895
98.9499
96.5679
97.076
98.1259
96.5742
99.9477
98.9463
98.208
97.9929
98.2978
98.2229
98.0284
99.0218
99.9322
98.2417
98.7918
98.762
96.8
97.1497
97.046
99.8903
98.8885
99.9627
96.7632
96.6677
97.2068
97.013
97.8628
99.8665
98.6442
99.6717
96.8997
96.5594
98.978
96.6966
99.9527
97.01
98.9794
98.8224
97.1737
98.1449
98.93
98.0023
97.8373
96.5706
98.3701
96.7695
96.6587
98.3364
98.9068
98.7723
97.288
96.6244
96.9306
96.9833
96.8888
98.0825
96.8018
97.864
96.91
96.7538
96.5732
98.7064
96.564
96.5472
97.1171
98.6817
98.7755
99.0286
97.9765
96.9991
98.7967
96.5537
98.1858
97.0224
96.5816
98.3205
97.1392
98.4104
99.3024
99.0719
96.9913
97.109
96.6367
96.8888
97.1142
99.6834
98.5165
97.0506
98.3713
98.8577
97.1158
98.005
96.6554
97.7486
98.8161
97.0073
98.1008
98.9091
98.4359
98.4404
98.9808
96.4413
97.0025
98.7478
96.5391
97.01
98.7478
99.8028
98.2718
99.9626
96.9554
97.2356
96.5073
96.9863
96.8001
96.5689
98.7931
98.3702
98.8901
98.7799
98.0069
97.0661
96.641
96.9779
97.0073
99.718
98.0425
98.9762
99.1152
97.9872
98.1056
98.1922
96.663
98.9466
96.9455
97.0644
98.9183
97.7725
99.9632
99.949
98.0284
98.3751
98.7786
97.0641
97.0145
98.2831
97.5933
99.8474
98.5753
98.3024
98.9019
98.2453
97.917
98.4327
96.9779
96.6634
99.8648
96.5705
97.2918
98.9597
96.5779
98.978
97.2565
98.6872
97.0593
96.6504
96.7591
99.9107
98.0148
98.1951
97.8415
97.5186
97.1821
96.5305
98.1096
96.636
96.6969
96.7744
97.0641
98.6928
98.8528
97.9182
96.8919
96.6934
97.8119
98.6858
98.2662
98.8528
99.3408
97.1506
96.3871
99.1368
98.9952
99.062
96.8225
96.7857
98.2777
98.0507
98.6875
98.9037
97.636
98.6791
99.3635
98.8857
98.2958
98.3751
98.2393
96.5507
99.0166
97.092
99.9358
96.7152
99.9409
98.7751
96.7208
98.8082
98.322
97.6864
98.0719
99.9683
98.1421
97.2749
98.3121
96.5485
98.3224
96.9601
97.8853
96.5328
96.9758
97.0557
97.984
97.3434
98.8435
99.9523
98.9743
96.7392
96.6867
98.9048
96.7632
98.0319
98.808
99.876
99.9106
98.2748
98.8776
98.744
97.6919
96.6914
97.4978
96.6634
96.6729
98.9955
97.1478
98.8076
98.8781
98.3598
97.1193
99.6612
97.152
98.1885
98.8495
96.6112
96.5987
99.3465
96.6826
96.705
98.9749
99.5534
97.7463
96.6112
98.709
99.8223
97.0204
98.7796
99.9267
96.6433
96.5529
98.7555
96.6141
98.758
98.7322
98.35
97.0466
99.0646
96.7101
98.1519
96.9075
96.8176
96.9491
96.9659
96.745
98.1547
97.1117
96.567
99.0523
96.636
97.0803
97.5881
99.3914
97.0499
97.7052
97.0205
97.7081
97.9736
98.4654
98.8279
98.2941
98.9635
97.0471
98.1607
98.2831
96.6723
97.7333
98.362
97.1499
98.0018
98.7165
98.0345
96.5791
99
99.9652
97.023
99.0313
96.6533
98.1292
98.0018
98.2939
98.7931
99.0545
97.2443
99.0931
98.9038
98.4885
96.5082
96.6952
96.8036
96.9179
96.6141
97.9588
97.2946
98.8455
99.1858
98.8542
98.202
99.9657
96.7857
98.8727
96.9566
98.2361
97.9334
96.6585
98.3411
98.0554
98.2375
97.747
99.0218
98.8468
99.9735
99.0148
97.0902
98.1994
97.4884
97.282
97.285
97.0359
98.194
97.7393
96.962
96.3871
96.7382
96.5156
98.6551
96.6491
96.9441
98.7931
96.6057
96.6672
96.6695
97.9348
96.5621
96.5656
98.9585
96.764
97.1506
98.7415
98.7433
98.7992
96.703
98.9115
96.6274
98.864
96.7012
97.764
96.5408
96.622
98.8713
96.589
98.2514
99.0194
98.8542
99.9214
97.2774
98.3315
98.7931
99.0096
97.0578
97.2918
99.9272
98.7866
97.0673
98.2649
98.9676
96.9708
96.6087
96.9584
99.3078
98.9487
96.6187
98.1491
98.9285
97.8639
97.9528
99.9562
96.7047
97.9872
98.002
97.1893
97.4741
97.0957
96.8866
97.0345
96.5464
96.6236
99.5774
97.7301
98.0134
98.1558
96.563
97.1497
96.7429
98.7736
96.9075
98.002
98.8943
97.4671
99.7643
98.9436
99.8904
98.2449
96.5642
96.517
98.0187
98.8084
98.8765
96.5357
99.9406
96.6381
98.9908
98.0507
98.3109
97.1304
96.6259
98.8161
98.1502
99.9514
99.949
97.1436
98.5167
96.6313
97.1143
98.8815
97.1692
97.0996
97.4393
97.1921
97.1445
96.5866
96.806
97.1502
97.0676
99.0038
97.2246
96.7064
96.6898
99.1483
96.4619
97.7486
96.591
96.5545
96.9261
98.3702
99.5709
96.6685
97.7109
99.618
98.4576
96.8095
98.6937
97.5393
96.862
96.7735
97.0087
99.0008
98.6527
98.9604
98.8433
98.8782
96.6702
98.2106
98.2299
98.912
97.7216
98.1587
97.1532
98.6311
96.9539
98.7039
97.8079
97.1362
98.9975
98.1355
98.3624
99.8736
96.7982
96.5529
98.2938
97.596
96.7626
96.9239
97.0809
96.54
99.9552
97.9862
98.0116
96.6224
98.8341
98.7617
99.7678
97.9508
98.1193
97.6613
97.9797
96.672
98.2656
96.737
98.497
97.4527
98.6901
99.6786
96.7919
98.1394
96.6326
98.8152
98.8966
98.0441
98.6608
96.5987
99.0549
98.1209
97.9162
98.8404
98.2963
97.8593
98.8128
96.6874
98.0779
98.6917
97.5888
96.6273
96.6327
96.5861
96.6711
96.439
97.9012
99.1325
99.0619
98.095
98.6928
97.1187
96.7458
96.9567
98.7469
98.6901
96.5483
96.8132
98.25
97.7006
98.9823
98.1921
98.362
97.5888
99.0684
96.4908
96.8127
97.2558
98.3739
98.1239
96.8183
97.2136
98.9813
96.439
96.717
98.1951
98.8404
99.0806
96.9441
98.8876
99.4236
96.8391
97.5406
99.9639
97.0053
97.6562
96.7885
97.9334
96.501
96.6249
97.3012
97.2969
96.5824
99.0627
96.6079
99.0527
97.5688
97.0283
98.0843
96.5081
98.1004
96.6415
99.0178
99.5128
96.6726
99.7798
96.9915
96.5357
97.0928
99.9132
99.9419
98.0649
96.9779
98.9222
97.1215
98.0347
97.8853
98.787
99.9167
98.2422
96.6002
96.9163
97.7919
98.9251
96.7001
96.6775
97.0415
97.0006
96.5179
96.6554
98.9549
98.1792
97.2806
98.1587
98.5249
98.6914
98.7475
98.3499
98.3649
97.1047
99.908
98.6535
98.7377
96.6185
96.6126
98.2453
96.7
96.5784
97.0183
98.7559
96.6584
96.9123
97.0096
98.0904
99.0085
97.9872
99.0159
98.2428
99.8799
96.7964
98.2631
96.9569
99.618
98.1951
96.7103
96.6721
98.7533
96.563
99.8937
99.9534
98.9948
96.9873
97.1426
98.0919
99.3769
96.9629
97.9405
96.5716
96.715
97.1563
96.9601
97.8118
96.6777
98.3267
99.983
98.9698
97.4497
98.9211
96.5318
99.8912
96.9821
98.9943
97.0125
98.8282
99.0414
96.5271
97.9628
98.9787
97.3318
98.9908
98.2417
99.7638
98.2548
96.8484
98.7903
98.9812
98.1806
96.7788
96.5621
98.7782
97.0422
96.5694
98.7658
99.9323
99.8906
99.7363
97.9588
96.7726
98.677
99.9107
96.9876
98.3215
96.5715
97.9413
96.828
98.0064
97.9012
96.5758
97.6852
97.7078
98.7866
96.6608
97.7935
97.9834
98.8365
99.1431
97.1271
96.5063
98.8084
97.5112
98.7748
97.3224
97.1524
98.8396
99.5355
98.7214
96.7144
98.3001
97.6615
98.9698
99.9551
98.8637
99.8609
99.3763
97.8419
98.6475
98.7553
98.7198
98.6527
96.6057
98.3318
96.7834
99.4023
99.4199
99.3968
98.9258
97.8694
96.6637
97.0004
97.0855
98.7592
99.019
97.1499
96.7862
99.0648
97.9832
98.7476
97.1034
96.6205
98.7736
97.103
97.9086
96.6334
96.9745
96.9368
96.7195
97.9971
99.861
96.7385
96.6087
98.0132
96.5124
97.7333
97.0588
97.5925
99.0967
98.2195
98.9079
99.8977
98.1008
98.3138
98.3397
96.7616
96.6432
98.9626
97.6831
96.6358
97.988
97.2843
96.6236
96.6695
96.606
96.5978
98.0959
96.715
97.7649
99.9045
99.8912
96.682
99.3388
97.0917
99.4579
98.7816
98.6888
96.9571
98.9759
96.6681
99.876
98.0884
96.806
96.737
97.761
98.9499
98.1596
98.8161
96.9777
98.333
97.0359
98.279
96.9051
97.7721
96.5793
96.836
96.467
98.4359
96.9198
96.5854
98.9884
98.1711
98.3473
97.9925
96.771
96.6775
98.7879
98.8919
98.3913
98.9812
98.3135
97.1955
97.0837
98.9733
96.9179
99.9358
96.6359
99.9251
98.9266
98.2398
96.5683
97.2646
96.648
99.3763
96.7037
98.7415
99.7218
97.0816
98.1419
96.6236
99.1566
97.2397
98.1951
97.2254
97.1628
97.0162
99.953
97.0453
97.0186
99.9469
98.9961
98.4885
98.7222
96.5972
98.3291
98.8925
96.5723
96.6711
96.8771
98.8122
97.0171
98.8966
99.9582
98.8051
97.1248
96.6874
99.9534
96.5727
97.7321
96.764
98.2204
97.0975
99.6612
99.9368
98.7288
98.414
96.6639
96.8733
97.6934
99.8541
98.1879
97.9486
98.2612
98.7434
99.6692
98.1056
98.8643
96.5636
96.5693
99.0026
96.7429
99.0026
98.1558
96.9948
96.6952
98.6721
98.3542
97.1055
97.1532
97.0479
98.8119
99.8342
97.066
97.1374
98.9662
97.2498
96.9131
96.9779
98.0012
99.911
99.9323
98.6726
98.2728
97.9862
99.9462
96.8135
97.7846
96.508
98.7488
98.1805
97.1209
98.3224
98.246
99.0321
96.694
96.5864
99.3381
98.716
98.6914
96.5851
97.043
98.6875
97.978
98.362
97.1532
99.0087
96.9311
96.8896
98.2862
96.7602
99.8555
98.8815
96.962
96.6755
97.9877
98.0588
98.0815
98.8097
98.1388
99.9373
97.0254
98.8885
97.7912
98.0219
98.8235
96.8289
96.608
98.0864
96.894
96.5383
99.1152
97.0769
98.9078
97.112
96.7857
97.4902
96.6195
98.9766
98.9727
97.131
96.8368
98.5581
98.9981
97.1009
96.6608
98.2979
97.0205
96.7959
96.5679
98.0319
99.2533
98.8248
96.6103
97.2548
98.7668
98.8999
98.0825
98.296
99.3622
98.9775
97.5129
98.6437
98.8781
99.9474
97.978
98.2001
96.9857
96.6234
96.6504
98.8564
98.631
96.7919
98.8341
98.6939
99.9409
98.8672
97.103
96.745
96.5077
96.7744
99.9238
98.2195
98.7723
96.5703
98.1787
99.313
96.6901
98.2367
99.1946
97.0025
98.1835
97.5743
96.79
98.1988
96.8412
99.3779
98.3587
96.8112
98.7145
97.1032
97.0423
97.9717
98.7487
99.8331
96.5472
98.9921
96.9902
97.805
99.0193
96.7616
97.0855
98.9759
96.5422
98.0872
96.7545
96.6963
97.9811
98.2298
96.8359
98.8637
99.9089
97.0865
99.281
96.8474
96.6535
97.2706
96.6877
97.054
96.7624
98.7592
97.0914
96.7958
96.5758
98.019
98.8174
98.4424
97.1026
97.6412
97.7337
97.1392
98.0487
98.7561
98.9774
98.1835
97.1886
96.5945
97.1023
96.5972
96.7199
96.8392
96.5642
98.7983
98.3584
96.7598
97.0863
97.0218
97.2704
98.2612
96.8474
96.9602
96.715
97.1076
97.7765
96.8866
97.3078
97.153
99.9419
98.5843
97.0293
97.2068
98.3768
99.825
99.421
99.8028
98.0719
99.8331
98.8176
99.6713
98.0407
96.5133
96.5541
98.0774
98.6967
98.0225
99.9407
99.6624
96.5406
97.1155
99.9635
98.0304
96.5723
98.9466
98.8458
97.066
98.9291
99.0083
99.4419
97.7912
96.601
97.3394
98.9343
98.3047
97.9877
98.8289
96.7074
98.7198
96.601
99.9669
99.8553
99.9451
97.9834
97.3445
98.2375
96.7524
99.9917
98.8872
97.7846
99.0056
99.9784
98.7936
99.0233
96.8096
98.8256
96.5796
97.0718
96.6553
98.0864
98.2467
98.2598
96.7678
97.781
97.189
97.8433
96.8092
98.2382
96.988
96.9981
96.6408
99.0258
97.944
97.0848
98.8472
97.3445
96.7958
97.0584
96.988
97.3867
97.0646
97.0651
98.3701
96.586
96.6255
97.1894
98.1261
99.0244
97.9929
96.5209
96.691
99.0676
98.0452
96.6369
97.8231
96.5168
96.6608
98.3584
97.2706
97.0662
97.217
98.5165
96.6672
97.1553
97.0837
98.2767
98.7253
97.2463
99.8949
98.0164
96.9889
98.2972
98.9662
97.0309
96.8121
98.3972
97.131
98.8191
96.5442
96.9728
98.9775
99.2202
98.8066
96.9605
99.9641
98.3473
96.5683
98.7914
98.0736
97.258
98.716
98.2914
98.083
98.9393
98.8919
96.8468
98.7444
97.3078
96.6214
96.5817
99.9449
96.7695
97.1104
98.7634
99.9093
98.6817
98.2836
98.1593
97.0117
97.7692
96.5629
98.2029
97.0931
96.7146
98.7112
99.9921
98.1315
99.3882
98.6971
98.0425
98.291
98.8439
96.7509
98.2417
98.8782
96.8751
96.7751
96.91
99.8727
96.9702
98.8976
96.6636
96.984
98.7815
99.1438
97.0254
99.1551
96.7114
98.9336
99.3861
99.9677
98.1773
96.6573
96.501
99.8567
98.3474
98.1395
97.2177
98.3227
97.0374
98.1009
97.1116
97.0081
97.0843
98.8717
99.8977
96.577
96.5109
96.6559
99.3904
97.2566
97.0548
99.0554
98.9546
96.7458
97.5738
98.7658
98.009
97.9964
99.8625
98.0627
98.0278
99.9374
96.7357
96.6917
98.7839
96.6316
96.512
96.7541
98.9231
96.6559
97.5629
98.6271
96.3871
99.388
96.7446
97.2107
98.1438
96.6587
96.997
99.9917
96.5495
96.5613
97.0841
97.0838
98.2812
96.6543
97.0928
96.671
96.6917
98.5039
99.8876
98.7816
99.9324
98.2868
98.8748
96.9773
98.8341
99.9314
96.9875
97.7052
97.1015
97.0578
98.0972
96.8112
98.0078
96.7693
96.9586
96.6358
96.6378
99.9654
99.9632
96.6775
96.582
96.7237
98.9652
98.3349
98.1587
96.9318
96.5308
98.2195
96.9516
97.0639
98.7492
97.2463
98.0825
97.055
96.7208
97.0903
96.6894
96.5313
96.5082
97.9423
99.0057
96.6039
98.9821
98.6508
98.7595
98.279
97.0453
99.2168
97.13
96.6114
96.4619
96.6558
99.036
97.099
97.2948
96.8553
97.3121
97.099
96.6115
98.7872
97.2303
98.2548
96.512
96.997
96.6108
97.1886
98.194
97.8419
96.657
97.5514
97.8216
98.7748
96.5784
99.8964
98.9541
96.6461
96.5704
97.0005
99.9718
99.0234
98.0513
98.1206
97.7339
96.7993
96.6375
99.2857
99.8937
96.5788
99.8667
98.2631
98.6042
96.9522
97.9187
97.7052
96.4779
96.566
97.7649
98.9543
96.7252
96.8671
98.587
97.0339
98.3701
96.6574
96.6056
96.5183
96.6179
97.0096
98.2193
98.9015
98.0345
99.9877
96.799
97.9481
97.5093
99.8552
98.7461
99.9361
96.7383
96.54
99.9921
99.3431
98.0452
97.156
99.8694
99.5291
96.6544
96.6808
97.0543
96.972
98.3487
99.8663
97.6819
97.9862
96.9864
96.9622
98.3551
98.8458
97.52
96.6877
97.1752
97.7301
96.7954
96.6447
96.6874
98.3702
96.9677
97.1038
98.1455
96.7074
98.9519
98.6475
96.7471
96.9601
98.0555
97.8599
97.0499
97.7433
98.1019
98.0321
98.8058
96.777
99.0806
99.4021
96.7865
97.2414
98.9876
99.0087
97.0816
99.3855
96.5291
98.8891
97.0578
97.7093
98.8152
99.9015
98.0585
97.3318
96.7764
98.3205
96.5995
99.3895
96.7402
98.7931
97.2572
98.0305
98.9917
97.0803
96.508
96.8339
97.944
98.1707
96.7064
98.5993
98.3343
96.8121
96.7697
97.0493
97.6945
96.7621
97.8826
99.0438
98.1607
96.9051
98.1512
98.1325
97.2135
99.0413
98.7565
96.9758
99.889
99.6841
98.6976
98.9759
98.1114
96.9516
99.3433
96.5503
99.953
98.78
99.9358
98.1919
97.4527
98.2233
99.1946
96.8183
96.9853
96.4887
98.8781
98.0431
98.631
97.2799
96.577
96.6395
97.4676
98.1425
97.3092
98.8651
96.8792
96.9559
96.7947
96.7011
97.1749
96.7413
98.2036
97.6255
98.6939
97.0183
98.2962
98.8916
99.8986
99.6786
99.4199
98.3448
96.682
97.139
99.9439
98.9161
96.5062
96.9569
97.1273
99.9238
99.917
98.9929
97.0468
96.9079
97.285
99.0786
96.7066
97.7351
96.906
97.0687
98.8395
98.4327
98.6715
96.5982
98.7987
97.1875
96.8216
97.5888
98.5592
99.2726
96.6706
98.8458
99.9472
96.5514
97.0053
96.5671
98.9153
96.6901
98.7786
96.7286
98.8174
98.9793
98.9961
98.2204
96.6021
98.9958
97.0287
97.1604
97.6864
99.8517
96.7896
98.6442
97.9424
96.7487
96.5998
96.5077
96.5752
98.2828
97.7917
98.9336
99.0047
98.9459
99.3313
98.9266
98.9958
96.9839
99.9567
96.7885
96.9679
98.2806
97.0053
96.7144
99.0284
96.6091
99.0404
98.0305
96.9576
97.6612
96.8532
96.9632
97.743
97.2706
98.1619
97.0254
96.6708
98.2777
98.0709
96.837
99.3635
98.89
98.9273
98.7655
97.4998
99.1483
97.5186
98.8925
97.0163
98.2939
98.9946
96.6315
99.876
96.6681
96.8467
97.3403
96.6362
97.1882
99.7265
96.6811
98.7112
98.8797
99.332
97.9941
98.2547
99.3431
96.499
97.0881
96.591
96.737
98.2104
98.2505
99.9358
97.1928
99.9278
97.7144
98.8964
97.4744
98.7476
96.7166
99.3605
99.9139
99.8178
99.8517
98.9946
96.6663
97.7017
97.2634
98.2787
99.862
97.0103
97.368
98.5817
98.1642
96.7622
98.6976
96.7265
99.9497
99.6977
97.0803
97.6591
98.0879
98.0493
96.8458
99.8766
98.8355
96.7598
97.995
99.0038
96.672
99.9449
99.0252
96.9729
98.8567
97.7132
96.6796
96.5629
97.7025
97.6672
97.1497
99.384
98.0056
98.7639
98.9647
97.9999
99.4136
96.4619
98.1524
96.7392
97.1333
97.4114
96.6874
99.0989
98.3461
96.5204
98.1632
97.6025
98.5888
96.9578
98.3976
97.6939
99.0527
98.8505
96.5374
96.6901
98.2252
97.065
99.0497
98.789
98.7936
98.9626
97.5514
97.288
98.8716
96.5929
98.8505
98.3713
98.0905
96.5126
98.333
96.6596
96.9915
99.5446
98.1879
96.601
96.5679
97.0348
97.9666
98.9823
97.1167
97.046
96.5864
98.3343
96.5702
98.8395
97.282
97.2734
97.0944
98.3319
96.737
99.8774
97.0169
98.9393
97.143
96.9956
96.6558
98.8164
96.5583
98.0545
96.6313
97.988
98.2505
96.6554
98.7198
96.6974
96.6605
98.8269
98.0515
96.5793
97.0425
98.7748
98.1148
99.1368
98.8181
96.99
96.509
96.6087
98.9403
96.9765
98.3328
98.5753
97.089
98.0008
97.0385
96.6103
98.78
96.7471
96.4413
96.9758
96.8694
98.8455
96.7917
97.6101
96.5636
96.5621
98.2002
98.2428
96.8866
99.9462
97.9765
96.9559
98.2872
98.2233
96.8458
98.8925
97.8709
97.0662
96.8417
99.8199
99.1483
98.8797
96.6857
97.0803
98.8831
97.0356
98.0084
99.5446
96.6796
97.9788
98.7492
98.9261
96.5957
98.8458
98.3793
97.0664
96.9538
98.8821
98.3473
97.2948
98.1762
99.8625
97.0177
99.9107
99.0123
98.211
98.0852
96.5887
98.921
96.808
96.4312
97.2068
98.4248
97.0192
98.1741
99.0322
96.7947
99.099
98.1004
97.1445
97.0077
97.6758
98.84
98.9115
99.2512
96.6632
98.3598
98.8457
99.9635
96.9889
96.7389
96.6362
96.6725
96.5307
96.6393
99.8331
99.9358
98.9
98.0284
99.8603
96.6048
96.5613
98.0388
96.6475
98.0453
96.6535
97.1034
96.9154
97.0103
96.9764
96.5026
98.2487
98.3275
98.5176
96.7035
98.8754
96.7862
99.6713
99.0719
98.0924
97.2662
98.0677
98.3176
96.5628
96.9434
96.6816
97.8964
96.9527
98.677
98.1378
96.6432
96.5962
97.9481
96.5246
97.6851
96.613
99.9718
96.536
98.0425
96.6753
96.5667
97.6395
98.2847
97.2499
98.6991
99.0008
98.7381
98.3343
96.7029
98.2757
96.9673
99.9342
97.9065
96.7867
96.5081
99.9789
98.7415
99.3431
96.5802
97.9827
96.7206
99.3408
98.6928
96.5945
99.9444
97.0816
97.1185
97.7955
96.6747
98.9885
97.5743
99.9856
98.7617
98.5581
98.3649
96.4392
97.2565
96.8247
98.9818
96.6662
99.0917
97.7502
96.8173
96.57
99.9053
98.8054
96.7015
96.9988
96.616
96.5203
98.3343
96.7833
98.3054
96.601
98.9222
97.1499
97.7828
96.9806
98.0905
98.9022
98.9914
98.6726
99.8625
96.5683
96.6081
96.5168
96.5942
98.2718
97.4667
98.9786
98.9291
96.6328
98.4281
97.2443
96.8292
97.056
97.462
98.7381
96.8183
96.9632
97.0725
97.9999
98.8808
97.0555
98.1927
96.7074
97.0241
97.0096
96.6151
96.8896
98.2348
96.6278
98.2345
98.0451
96.6519
99.9267
96.8339
98.9873
96.5543
96.5649
97.0026
98.038
97.1015
96.582
96.961
97.0453
96.9874
97.4945
97.7767
99.8472
98.1399
96.9963
98.6608
96.6875
97.7684
96.6754
97.2662
98.3059
97.9092
97.9331
99.3431
98.6311
99.9537
99.4199
99.9053
98.3461
99.825
99.5709
97.7132
96.5656
99.6692
96.6875
98.1239
99.0335
98.2978
96.6282
99.6917
98.9327
97.9405
98.7717
99.9272
98.8922
98.8882
98.2977
96.961
97.5881
96.5383
98.7723
99.6526
96.5503
96.5817
97.1124
99.297
98.7083
98.9862
96.8474
97.2422
96.7162
96.8242
97.2313
97.7058
97.9811
96.6587
99.854
96.5863
99.9374
98.9688
98.1593
97.6041
96.9822
97.0073
98.8538
98.7421
96.92
97.0548
96.9956
96.6235
96.5976
97.0894
99.0234
98.0825
96.5291
96.9924
97.8593
98.0465
97.037
98.9652
99.5291
99.8937
98.8664
98.1209
99.9509
97.6852
99.981
97.1032
98.0447
96.7392
98.3146
96.6353
97.7047
96.6056
97.0556
97.0315
97.764
98.8813
96.5364
96.8096
99.1143
96.8891
98.7783
96.6688
98.9775
96.5649
98.0883
98.7918
97.2068
97.4399
99.911
99.3756
98.0408
96.7271
98.3747
97.0323
98.7869
98.2726
97.0186
99.8087
98.8925
98.1795
98.1444
98.0324
96.997
96.7217
97.1202
98.0588
96.5437
97.0917
97.1157
98.7625
98.8215
96.6639
96.5692
98.9016
98.0292
99.6345
96.5
97.0881
99.9579
98.1403
98.8858
98.8417
96.7917
98.2838
97.0841
98.6271
98.2442
98.7992
96.6762
96.895
98.2718
96.6672
96.5952
99.067
99.8663
97.049
97.0004
99.9456
97.0842
96.6721
96.9746
96.7195
97.9312
99.8986
97.2303
99.3519
97.2646
98.6742
96.6606
97.043
96.912
96.7052
99.2857
97.0376
98.8485
97.1248
97.0078
99.9626
96.6558
97.1008
98.952
96.5691
96.6969
96.5678
97.6851
99.0244
98.6706
99.3408
98.2252
97.109
97.4272
99.1115
98.2681
98.8152
96.79
96.6756
98.1858
98.8538
97.0886
98.6271
97.7845
97.9552
98.2827
98.7625
99.0769
96.5725
98.095
99.8904
98.3378
98.3927
96.6475
97.081
98.3849
97.1497
96.9387
98.5877
96.6292
99.3874
98.3247
98.89
98.1951
96.6112
98.7404
99.854
98.4401
98.9917
96.6234
98.9613
98.7064
96.7862
97.2546
98.3551
97.9405
97.9934
97.7321
98.9943
97.1875
99.0026
99.0194
96.6762
98.2592
97.988
96.6409
96.5422
96.5937
98.7931
98.6888
98.0337
96.7587
99.1152
96.5922
96.6771
97.3867
97.9974
96.9207
97.0881
99.9641
96.8358
96.7867
96.9578
96.6695
97.8118
96.6639
99.6049
97.0081
96.7687
96.7206
98.2487
97.1999
98.2002
98.0719
98.3683
98.8643
99.8949
98.3317
96.6607
99.3431
99.857
98.3369
96.7867
98.8363
97.2303
97.089
98.2858
98.0877
98.2393
97.6412
98.9312
98.6928
97.0468
96.9758
98.2969
97.6615
99.4023
96.603
98.9793
99.9342
97.1378
98.7488
99.9592
96.6336
99.9016
98.0478
99.8681
97.1104
98.3435
98.908
98.9393
98.3231
99.8648
97.1015
98.0221
97.0894
96.9616
97.3319
97.125
96.7315
99.839
97.0171
98.8152
96.5434
99.0476
99.3605
98.7533
97.5711
96.7001
98.7852
98.2978
96.6353
98.9154
98.7888
96.5877
96.7391
97.1692
99.3519
97.2083
96.7066
98.313
98.6407
98.1596
98.1949
97.9187
97.4744
98.9145
98.9984
98.6269
97.0793
99.8663
97.2606
96.6624
96.6108
99.9138
96.5738
96.5737
97.0567
98.6761
96.9651
96.5376
98.8931
98.6622
96.5548
97.0837
98.9873
98.7786
99.9272
99.281
96.5716
99.8949
97.152
98.8858
97.056
98.7056
98.2229
97.143
97.0176
97.715
96.9716
98.9458
98.7815
97.6986
96.8138
96.6412
97.9935
98.1584
96.9846
98.9604
97.9642
96.9421
97.143
98.9519
98.9885
98.9914
96.6009
98.0225
98.8033
98.7782
97.1752
98.1997
96.8011
96.737
97.0957
96.5679
97.0111
98.6294
99.9615
96.7865
96.8412
98.0825
99.0311
96.8067
98.0242
96.7373
97.0799
96.7466
98.6248
96.7538
96.7243
98.8693
96.5109
98.9652
99.419
99.8137
97.8964
98.9624
96.7348
98.8771
96.6501
97.9481
97.5688
99.0683
96.7436
98.83
99.0994
97.1875
96.7286
98.752
98.1425
96.7151
98.4404
99.1431
99.0322
96.6409
98.285
96.664
99.8986
97.0168
97.9479
96.9765
97.0244
98.9804
99.5446
98.8538
98.921
96.912
98.1863
98.733
96.681
98.8651
97.2388
98.719
96.6485
96.6446
96.6079
97.3016
96.6568
99.002
98.3698
96.9944
97.8394
96.623
97.196
98.3487
97.0674
98.3059
96.5529
97.0895
98.0089
96.6711
98.1941
98.2685
98.2514
96.6403
98.9604
98.2229
99.3138
96.623
98.0564
98.2631
98.2605
98.2393
98.2258
97.6418
98.3132
97.7473
98.0228
98.6508
97.0555
98.1613
99.4571
97.75
98.7634
97.2303
97.1001
98.8919
98.2962
96.671
96.6672
96.6039
97.5254
96.6519
98.2229
97.0498
98.9876
96.7993
97.1756
98.1209
96.6402
96.4958
97.0848
97.9976
99.9461
98.285
97.0111
99.8766
97.0646
98.7039
97.6293
96.6742
97.5578
98.9808
99.099
96.6686
98.0433
97.853
97.1065
99.8774
98.1355
98.1056
99.0133
98.0347
98.7475
97.6934
96.6115
98.2827
98.296
97.2606
96.9758
97.144
98.1763
97.1807
96.5
97.1485
98.3121
98.8626
98.3256
97.4184
97.7706
96.5947
97.5514
98.3972
98.2612
97.3867
96.6966
97.0706
96.8532
98.7201
98.8595
98.7766
99.9503
98.0187
97.0236
98.7757
98.7323
97.013
96.9434
99.862
98.2726
96.7896
97.5482
98.1553
97.9733
96.7693
98.8658
99.1483
96.993
96.6553
99.046
97.3372
96.6236
97.9797
98.0756
98.2356
98.3205
97.9794
98.2798
97.0938
97.2419
98.704
99.1438
98.8759
98.2787
96.523
98.8654
98.8691
96.6515
96.5126
99.9238
99.7265
97.0959
97.0915
96.9524
96.6154
98.9597
97.6796
99.0035
96.5732
98.9565
99.3874
99.0335
98.8177
98.135
96.5745
99.281
97.9815
98.3713
98.3337
98.9358
99.6707
97.8628
98.3437
96.7103
96.8095
98.0226
96.6494
98.2748
96.8534
98.2701
99.067
97.1544
98.2681
97.7333
98.8765
96.6504
97.1591
96.8289
97.0778
98.9818
98.7766
97.0597
98.9277
96.4894
98.7654
97.0163
97.9942
96.7646
98.8896
97.0186
99.8184
97.0163
97.9481
98.2538
98.8901
97.9065
97.1531
97.7314
99.0327
98.3085
96.5837
98.8177
96.708
96.6702
97.4744
98.9676
97.0453
98.5881
98.8876
99.9538
98.8645
96.5818
98.1438
98.2665
98.1491
98.246
99.0376
98.5716
97.1472
96.837
98.76
96.5906
96.9906
96.6726
97.6418
97.9877
98.4286
99.9729
97.919
99.2978
98.038
97.9848
99.0798
99.3313
99.9456
96.9745
99.9451
98.2258
99.0917
98.9261
99.3333
96.5655
98.1558
97.2764
98.3487
98.8765
97.2933
98.7444
96.7717
97.0236
97.7222
98.0303
98.8051
97.8805
98.9091
98.3095
99.3855
99.0653
96.8891
97.6852
96.7001
99.0271
98.3471
96.9179
96.6009
96.6756
99.5291
96.6875
98.2442
96.5972
96.7487
96.6837
96.764
96.7462
99.9787
99.0087
97.9182
97.9522
97.9916
96.5794
99.904
98.0345
98.228
96.5962
99.3308
96.8878
97.747
98.9949
96.9386
98.0905
96.569
98.7796
98.8393
97.144
97.035
96.5315
98.194
98.246
98.4013
96.504
96.7896
97.7195
97.8079
98.7415
98.5738
98.9622
98.938
98.1998
97.0506
97.1756
97.4998
96.5779
97.013
98.9376
98.8511
98.6322
96.6373
98.7112
97.6484
97.7216
96.7814
97.2422
97.7081
98.976
98.2574
97.1463
96.5838
99.4236
98.7759
99.953
96.7088
98.2962
96.5418
98.1512
97.0634
96.6519
97.1378
97.7025
97.1724
99.0523
98.2812
97.9334
97.1009
96.7626
98.6382
96.6721
97.7425
99.2168
96.5794
98.7536
96.5757
98.521
98.8485
98.752
98.0791
97.0169
96.7466
96.5796
96.9188
97.2143
96.7263
97.4497
99.8317
96.5357
98.279
97.7692
98.2375
96.961
97.988
98.7434
96.7509
96.8127
96.8225
98.4219
97.0168
99.036
97.0297
97.9886
96.6009
97.944
97.8559
98.1478
98.3791
98.8695
99.8964
98.7983
97.2059
97.0149
97.8201
96.9664
97.9741
96.9863
96.7119
96.895
97.9862
97.8175
96.9605
96.6408
97.0078
97.5504
96.9939
99.911
98.8222
98.3982
99.0218
98.9929
96.577
97.0548
96.5179
97.4681
96.7174
98.3686
98.8857
96.6821
97.7994
97.1436
97.8709
98.3301
96.9367
96.48
97.9621
96.6358
98.1206
98.2404
98.9188
96.7037
96.9874
96.5148
96.6359
97.153
96.7814
97.0469
98.7229
98.2662
98.6994
98.6173
96.7366
98.8773
97.1611
96.6343
98.1607
98.9843
98.8293
98.0089
98.9854
98.7759
98.9587
96.6574
99.3011
96.7266
98.3613
96.5683
98.3121
97.0219
98.1148
98.6849
97.9797
99.9921
99.917
99.4579
97.2782
98.8511
98.2812
97.0931
96.7697
97.0469
96.5656
98.6542
97.0253
97.9522
97.9055
98.9038
98.4092
97.056
98.8066
98.8323
98.3095
98.7748
96.7885
97.0085
97.038
97.6101
98.059
98.1354
97.044
96.6952
97.1142
97.0335
97.3997
97.0957
96.6352
99.9818
97.3867
97.2918
98.1325
98.8667
96.5895
97.2394
96.6609
97.9092
97.7846
97.6157
99.9375
96.6528
97.6764
98.0225
96.6115
96.581
99.3878
97.7301
99.3779
98.0132
99.8184
98.8279
96.5251
98.5468
98.6433
97.7144
96.8417
96.4779
97.8201
98.3739
98.8177
96.6359
98.8396
99.8412
96.9857
97.11
99.388
99.913
99.9593
96.6278
99.4236
96.5755
96.6187
96.6391
97.1944
97.9717
97.0479
98.4576
96.9952
98.8236
96.9552
99.913
98.3302
97.3319
98.1444
98.4885
98.8857
96.8153
99.6468
96.6206
98.7987
96.6509
99.4419
98.9939
96.6551
98.9003
97.0342
97.038
98.3337
98.9002
96.7039
96.6398
96.6101
96.6255
96.8132
96.5291
97.066
97.9178
96.5875
98.8505
96.5514
97.6705
96.6672
99.0414
97.0689
99.3752
98.2522
98.6692
99.9373
99.8625
97.0125
96.972
98.0774
98.9312
99.9342
97.7027
98.4885
98.7406
96.7785
98.5039
96.6397
96.5707
97.3318
98.1478
96.5672
97.0833
97.1609
97.2463
96.692
97.0992
97.5702
98.1642
98.8765
99.3388
98.2221
96.6081
99.8986
98.327
97.0096
96.9876
97.0369
96.7845
99.6707
97.1894
98.9728
99.8799
98.8424
98.8654
98.3728
97.7333
97.2933
99.825
97.2811
96.5903
97.6293
96.6324
98.9041
96.7398
96.5685
97.0096
97.0588
98.8865
96.61
97.3179
96.8216
99.9251
99.9337
99.9045
98.4975
99.8625
98.69
99.9178
96.7958
96.5374
98.9361
96.7687
98.3427
97.5738
98.9928
99.0271
97.1222
97.0894
98.9683
99.1622
98.937
97.6513
97.1374
97.076
97.0073
97.0593
99.0122
96.7964
99.0324
98.2039
96.988
98.9813
99.4021
96.5675
96.7492
97.0823
96.5904
98.9666
97.4106
96.4925
98.9336
96.3871
96.566
99.9552
97.9187
97.2799
98.0272
98.8056
96.6187
98.7821
99.854
97.2394
97.3224
98.3713
98.6875
96.5636
99.969
97.9654
97.9911
98.9816
98.3267
98.8433
99.0786
98.0214
99.8745
96.7446
97.006
97.0992
98.9733
98.2984
98.3397
99.3622
98.69
98.2404
98.7815
98.2417
98.3215
97.043
96.9583
96.7448
97.6457
97.9483
99.9087
98.6858
97.0662
97.6939
98.2574
98.8323
97.1145
98.3004
96.5742
97.2585
99.8496
97.1124
96.7366
96.5866
97.037
97.7649
97.7692
98.0284
98.7654
96.7252
98.1651
97.0646
98.0132
96.6556
98.0877
96.7896
99.0399
99.1115
98.3672
97.1347
96.6241
97.7223
98.0861
96.9583
98.7265
96.6515
96.7545
98.0305
99.9626
99.9718
96.8067
98.2996
98.5557
99.3011
97.1084
98.639
97.0006
97.3053
99.8609
96.578
96.7429
98.1108
96.7595
97.9026
96.962
96.4887
97.722
98.0451
96.6112
98.1707
98.9914
96.8026
97.0421
96.7163
96.9745
96.5657
96.7251
97.0842
98.5176
98.2133
96.5648
98.8564
98.059
96.9996
98.9949
97.1988
96.993
98.3473
98.0975
99.9026
98.9702
96.6123
98.3302
96.9306
98.2778
99.0085
96.9318
97.761
96.63
97.2312
98.1553
98.1619
97.283
98.8164
98.9291
98.7782
96.5246
98.0214
96.808
96.9632
97.1054
98.1842
97.0865
96.5811
98.5738
96.5073
99.9635
96.6198
98.5581
99.9249
96.4877
98.123
98.8113
98.953
97.1209
97.0348
98.7104
97.0135
98.2778
97.7518
96.7602
97.9862
99.9567
99.0431
96.5529
97.574
98.7898
99.043
96.7515
98.8672
99.0676
96.7591
97.379
97.0071
98.76
96.7871
98.1108
98.9661
98.2662
97.0769
96.6755
96.6978
96.8467
98.8693
98.9997
98.2017
98.0904
97.6183
98.9472
96.9929
96.4656
97.9935
97.8175
96.7587
97.879
96.6857
96.5957
96.6052
98.9613
97.0673
99.8999
99.9273
98.9613
98.1952
98.2598
99.8665
96.6848
99.9735
99.9167
99.418
96.6605
96.7595
98.1395
96.5882
99.0719
98.9781
99.4021
98.684
96.5772
98.7551
97.9911
96.5999
97.0162
97.1219
99.862
99.0763
98.8468
97.0543
97.1906
97.3997
96.5543
99.7445
97.8079
99.8275
97.0253
98.7967
97.4902
98.1547
98.658
98.7879
98.9733
98.8289
97.013
97.1692
99.2614
96.6634
97.2918
98.8781
98.1713
98.7237
97.6945
96.5837
97.0135
98.9014
96.9758
97.8201
97.9935
98.8643
97.0933
97.8373
99.0087
97.7058
98.0344
97.1216
97.7767
97.6705
98.9922
98.0214
99.419
98.1325
99.9701
98.699
96.7437
98.0214
99.0096
96.9252
98.9487
96.6639
97.282
97.1945
98.1114
98.8964
96.6302
98.684
98.9803
98.6849
96.5737
99.9342
99.6943
98.7797
96.5437
98.1879
98.6135
99.0335
96.841
98.9975
97.0004
99.2892
98.2388
98.72
98.2958
97.0815
98.8248
98.8054
98.7559
98.1144
96.6604
98.1478
96.5863
98.3227
98.206
97.9941
98.8457
96.7174
98.7894
96.5948
96.92
97.4114
97.7351
97.0493
98.2107
97.0938
96.9514
99.3763
96.7954
96.9468
96.7787
98.9626
98.3254
99.0413
98.347
97.7393
99.8727
97.2948
97.144
97.0287
96.6702
98.3683
96.7785
97.1216
98.8903
98.7601
98.1814
97.1988
99.3388
96.5998
96.7814
96.881
98.8014
98.2519
96.8938
97.1807
96.5301
98.3683
96.7219
96.6862
97.889
96.8919
97.0348
96.6522
96.6917
96.9468
98.3317
99.1566
98.1642
98.2941
97.7081
96.9963
96.7302
97.9642
99.9591
96.5439
97.4902
97.781
98.7815
98.8931
97.9799
97.3213
98.6248
96.5242
98.8709
98.2892
97.049
99.904
98.7431
98.1628
97.7828
99.9541
96.538
98.8216
97.019
98.6858
99.543
96.6777
96.8043
99.9747
99.0867
99.2726
96.6115
97.1228
99.1273
96.63
98.0143
97.1944
98.2135
98.803
99.5291
96.5522
98.0525
98.4141
96.4309
98.259
98.6817
98.2721
97.9634
98.6976
97.2744
98.8622
96.8225
96.6846
98.234
96.7629
98.789
96.57
98.9016
98.8925
97.0567
98.3606
96.715
96.7487
98.9341
99.9255
99.8552
98.0184
98.7377
97.7701
98.322
97.7606
98.2605
99.9683
96.8824
98.0089
99.036
97.019
97.0588
99.9595
98.9808
96.5261
96.48
98.5401
96.5976
96.8383
98.9929
99.029
98.6696
98.5753
99.4492
99.8625
96.8127
98.3004
97.2059
98.8974
97.1023
98.4327
98.6715
97.2998
96.5705
98.4031
97.7463
99.4144
98.8655
97.9435
98.1853
97.4686
98.9727
98.2135
96.8992
98.2977
98.9541
97.7067
98.171
98.7853
98.1758
98.9688
98.0612
98.1819
96.7487
99.0038
98.6761
96.6802
97.0345
99.9516
99.0113
96.923
97.8553
96.657
97.2246
96.7444
98.2176
99.9658
99.8472
96.7116
97.0253
96.9154
98.6971
96.6224
96.7308
98.9463
99.8317
98.0677
98.296
97.9065
98.7766
97.3867
97.0089
96.5758
97.9243
96.48
98.0012
97.9862
96.9969
96.5755
96.713
96.5737
97.7183
98.2969
96.6544
96.6384
98.9141
98.7406
99.2533
97.6266
97.8889
97.805
99.0527
96.7066
96.7152
99.0917
96.713
98.9774
98.8985
96.8553
97.0852
98.8113
98.7782
96.7402
98.2356
98.715
99.8771
97.1271
96.9804
97.0315
96.5209
96.6115
97.0843
99.0142
98.1861
99.1585
98.8177
98.9518
99.3589
97.5398
98.2519
96.7074
96.6123
97.258
98.5908
96.4999
99.2074
98.1707
96.9313
97.1084
97.3078
98.5557
99.5064
98.2862
96.6539
98.8425
98.3649
97.038
97.1944
99.0549
97.0471
98.2812
99.9593
97.7027
99.8961
96.5976
98.3024
98.7839
98.314
98.7594
96.6091
98.9727
98.3712
98.8521
96.577
96.8036
99.1313
99.8984
98.9765
97.9666
98.8647
98.086
96.7448
96.8092
97.0076
99.1313
96.6606
98.9688
98.6294
97.0931
98.0789
97.7701
98.4619
97.0816
97.0641
98.7434
96.7693
98.1922
96.574
97.9026
98.8174
98.1425
96.7131
98.2862
98.8014
97.1055
97.1035
97.7756
96.9705
98.2751
96.708
98.0329
98.2576
98.5033
99.8984
96.54
96.7769
98.6583
98.6382
98.22
98.2522
99.0036
96.6146
96.7366
97.1821
97.5482
97.1821
97.1893
97.6672
98.6597
97.0387
96.8058
97.7756
99.2298
97.1032
98.3275
99.6726
96.8896
98.677
97.2566
96.9629
98.2833
96.7114
96.6255
98.8485
96.9722
96.5772
96.7695
98.6967
97.6758
96.5722
99.9632
96.5854
98.0828
98.2536
96.681
98.1399
97.7315
96.7002
96.54
98.7866
97.7052
96.6136
98.8667
96.7807
96.4894
96.5242
97.0085
96.9185
98.7554
96.6685
98.1969
96.6112
99.969
96.7252
96.6934
96.8458
98.4272
96.8878
98.9541
96.7275
96.5504
96.7271
96.4949
96.5894
97.9999
97.6986
98.7655
97.2251
97.0081
97.0661
98.8122
96.7229
98.3793
97.1506
96.7385
96.8997
96.7029
99.9199
97.0135
96.6505
97.0552
97.7246
96.8953
98.8633
98.8066
96.8097
97.919
99.618
96.7769
97.2553
98.5743
99.8609
98.772
96.5357
98.8964
99.9595
98.3254
96.6589
98.2898
96.9239
97.7052
96.9308
96.9923
97.7067
99.3326
99.6453
97.2707
98.6669
98.4792
98.2847
96.3871
96.7964
98.3927
96.7373
98.8655
96.6446
98.8831
97.7544
97.6256
96.6225
98.0609
98.9212
98.29
98.419
98.9003
99.9322
96.7889
98.9376
98.1819
98.5635
98.9551
97.044
99.9154
97.7502
98.8418
98.6899
99.05
98.6761
98.9943
99.0431
98.8635
96.5892
97.1301
98.6473
99.0087
98.0069
99.332
96.5737
98.7204
96.6637
96.9708
98.6706
98.8348
97.1692
97.443
96.8127
99.3769
99.9302
98.8293
96.5198
97.1797
97.6263
98.8056
97.1756
98.7625
98.9367
96.6686
96.6587
98.8203
97.6231
97.2969
98.6715
96.6214
96.6022
98.1524
98.9266
96.6354
98.3861
99.913
98.2422
98.7492
97.7394
96.6672
96.9468
96.7271
99.8474
98.2309
98.8014
96.8824
96.589
98.4301
98.0109
98.0231
99.2805
99.1566
98.8916
98.1321
98.8651
96.6115
98.8406
98.2538
98.9039
99.8977
98.6911
98.0883
98.8455
96.663
97.9765
99.889
98.8495
96.7275
97.0297
98.9676
97.6123
97.0993
98.7786
97.1945
98.8439
98.8993
96.703
96.7798
98.9226
97.2783
98.0989
98.3462
98.083
97.0168
97.7788
98.9679
99.9184
99.0785
96.6302
99.9789
99.0972
96.9805
99.0476
96.7829
98.7427
98.0173
98.7782
99.9361
97.1337
96.7805
97.2936
97.0837
96.9434
98.3144
98.0883
98.8421
99.2892
97.0718
96.7052
98.7366
97.3251
98.8782
98.6542
99.9582
97.2646
97.1069
97.4571
96.6278
99.0554
96.6754
96.9618
98.9885
96.5642
97.3043
97.1271
97.9397
98.2836
96.5543
97.2108
96.7896
97.1757
96.5692
99.9591
96.672
97.1754
97.11
96.6403
99.854
96.9705
99.1585
96.5522
98.017
96.6141
96.6933
96.9387
99.3685
96.7286
98.5263
98.8014
97.9399
96.5133
96.8896
98.9068
96.9505
96.8361
98.8348
98.8695
98.2828
98.7404
96.8677
97.7052
98.7372
98.0407
96.9886
96.574
98.9747
97.2058
98.9604
98.709
98.9241
96.7016
99.3276
96.9239
96.7678
97.4978
96.5547
96.5838
96.6501
99.9368
99.9323
98.5877
97.9334
98.8922
96.8153
96.8183
99.3875
99.5355
98.0134
96.5468
98.7374
99.9138
97.0959
97.0576
96.5743
96.8879
97.596
99.4198
98.0407
98.9183
97.7836
96.5077
98.2504
98.9912
97.0644
98.9624
96.5818
97.9413
97.3527
99.6624
96.6857
98.2066
97.766
96.8247
96.6848
98.3397
96.7885
97.9455
96.5503
98.5682
98.0872
98.867
96.7681
96.6867
97.7788
96.6485
98.0975
98.8084
98.0545
98.1351
99.9267
96.7867
99.1431
98.6998
97.1511
97.1531
97.9717
99.0773
98.1994
97.6852
99.9953
97.0793
99.3431
97.0001
98.7443
98.6888
97.1928
98.8119
96.9651
96.5621
98.8773
96.6433
99.0412
96.5704
98.8492
97.9552
97.8475
98.2838
96.6504
98.3624
97.0364
98.2984
99.9664
97.6484
98.9431
96.5682
97.7318
98.8133
98.6742
98.3581
97.853
96.7645
96.5722
98.9915
96.6316
98.2193
98.9204
96.5945
98.9946
98.2762
99.4199
97.0803
97.1378
97.5933
97.1124
98.3473
98.1395
98.7592
96.8
98.5176
98.3059
97.9509
99.0827
98.9393
98.0408
96.5161
98.7969
98.0993
96.6637
97.019
98.8889
96.63
98.9204
98.9222
96.6378
98.8857
96.6426
98.9204
98.9892
96.6862
97.1583
97.9748
97.9964
99.4799
96.5694
98.192
98.2404
99.418
99.099
97.0534
98.0756
96.6278
96.5974
98.69
98.1941
97.75
97.272
98.1835
99.0071
98.8664
97.9528
97.1955
96.5678
96.6898
96.6702
96.662
98.7755
97.0169
96.5715
99.9492
99.6526
98.8032
99.3855
96.5982
97.103
98.699
99.0113
97.2422
98.0089
96.928
99.3388
97.9748
97.8138
96.8448
97.9388
97.0268
97.1133
99.9272
99.9701
97.1806
97.9928
97.1999
99.9538
96.8325
97.743
98.9458
98.71
99.9559
97.0676
98.2996
96.5817
98.8177
97.139
96.5318
98.3612
97.063
96.9261
97.9509
96.6491
97.1821
99.0457
97.9899
96.7028
98.0181
98.6749
98.7816
99.9657
99.419
98.0852
97.7502
98.0545
97.8225
98.1842
99.9567
96.7209
96.5962
96.7015
96.9978
97.2058
97.0793
98.1378
96.508
96.6227
97.217
97.0992
98.9416
96.9743
96.6405
97.0186
97.0374
96.9952
98.9241
96.5957
96.7892
98.6967
97.9872
98.0525
96.6672
96.6494
98.1214
98.3465
98.8903
99.036
96.7726
96.6574
98.1354
96.6677
99.003
98.8976
98.6542
98.7594
98.9975
98.7404
96.523
99.0011
99.9701
97.4681
99.4419
98.3337
98.7478
97.0081
98.9981
99.0113
99.8865
98.8406
99.8496
96.7652
96.6012
99.1563
98.6317
98.1734
96.9731
98.243
97.9862
96.5439
97.2399
96.7579
96.5962
98.7322
99.8883
97.1346
96.9673
98.8421
98.6749
99.883
98.1329
96.5683
97.1413
98.0321
98.3581
98.9339
97.805
99.0306
98.1446
96.5683
97.1445
97.2402
98.8645
96.5715
98.296
96.8021
96.8183
96.5204
98.6437
96.5737
97.1311
96.8001
97.2868
98.5033
97.6986
98.2356
97.9158
97.0144
98.9448
99.8583
97.9158
96.9952
96.563
98.3739
96.6053
98.8969
97.7544
97.7093
96.4747
98.16
97.7357
99.0972
96.9886
96.6941
96.7736
99.9527
97.196
96.5383
99.0404
96.9713
99.3722
98.0077
99.1438
99.908
97.0928
98.3121
99.9239
99.9607
96.4351
97.6864
98.9662
97.9092
99.9509
98.7114
99.3748
96.8651
96.5756
98.8282
99.3163
98.0116
98.6429
98.781
97.0952
96.5672
99.0866
98.0545
98.8695
96.538
97.055
98.8272
98.2229
96.5578
97.735
99.2074
97.1809
98.0925
99.0159
97.6293
97.3098
97.0032
97.1821
97.9621
96.993
98.2577
98.8225
98.171
96.6287
97.1882
99.8799
99.4003
98.9892
96.7867
97.0943
96.8059
98.3203
96.5737
99.3024
99.9789
98.9361
98.1758
98.9766
97.0612
96.5838
99.8555
98.7436
98.7114
98.3037
97.0125
99.419
96.9075
96.8119
97.9941
98.0574
99.0072
98.2812
99.9283
97.6941
96.7357
99.0271
96.6459
97.1054
96.5483
98.8435
98.0556
97.0988
98.9117
96.3894
97.0931
97.283
97.1001
98.9374
96.6837
99.1566
96.5617
98.1602
97.0458
98.8684
96.9756
97.4902
96.9368
96.9875
96.471
98.2017
98.7931
96.6872
98.9038
98.9323
97.8628
98.0719
96.5452
97.0584
96.7199
98.0441
98.1922
96.6044
99.0258
98.8422
96.6052
99.7583
96.4877
96.6686
98.9313
98.8435
97.9334
98.3462
97.6685
98.208
96.5503
97.1347
99.0497
96.6326
98.9104
99.9321
98.8152
97.4671
98.2229
99.9909
96.5528
98.9079
98.1853
98.9809
98.1715
96.7315
99.9322
98.7782
96.9421
96.6293
99.0966
98.8426
98.0959
98.9336
98.0879
96.7788
98.2977
98.2361
96.5903
97.2646
96.4906
96.7189
96.9138
99.9474
98.8485
98.8966
96.509
96.7103
98.7751
98.1593
98.7782
97.0253
96.9821
98.2775
98.2969
98.0789
96.962
99.9492
98.8848
99.9178
97.1333
98.0789
98.8626
96.705
99.854
96.6236
96.6862
98.3291
98.2979
98.8965
99.9551
96.6146
98.7406
96.789
96.7275
96.6205
99.0113
96.7237
97.0218
99.053
96.7874
96.7677
97.1069
98.7212
97.7504
99.9562
98.8082
98.3927
96.5678
98.3328
99.0527
97.0169
96.6397
98.6282
98.7145
97.9496
97.7061
97.379
96.7618
98.2066
97.024
97.8401
97.089
98.5468
96.676
96.6634
97.3179
98.1512
96.9731
96.5621
98.6499
96.8594
98.9624
97.6367
96.5748
96.5678
98.9809
97.0025
99.3439
98.6499
98.1502
99.9374
96.7524
96.6016
98.8773
97.1972
98.2939
97.6867
98.3972
98.1041
97.5722
96.5691
98.2519
98.002
99.9302
98.3247
96.7251
96.6753
97.0199
97.7493
96.5434
96.6026
96.5929
97.6266
97.0933
96.5357
96.6852
99.1438
96.972
98.7018
97.0895
96.6048
98.8813
98.0018
98.5415
98.0525
99.0707
98.9033
96.6535
96.6912
97.4393
96.5617
99.099
97.5881
97.6031
96.6007
97.6231
97.7311
96.6168
96.7341
96.8426
98.9683
99.8613
96.6565
96.7015
96.7564
98.9376
96.806
96.6154
97.5186
98.0425
97.946
96.6754
98.8831
96.6269
98.6608
96.6287
98.7415
99.9132
98.419
98.259
96.9753
98.0919
96.7798
98.9416
99.8698
96.6559
96.5225
96.577
96.512
99.935
98.3247
98.2838
97.1749
98.0319
96.5947
98.7562
96.5518
96.6366
98.4286
98.1173
97.9651
97.2313
96.5972
99.1438
98.1114
99.9132
98.8637
98.8048
99.8446
99.1313
98.6499
96.7402
98.2635
97.0674
96.9958
98.596
97.5406
96.586
98.9943
98.3411
97.285
98.135
99.6559
97.0952
98.189
96.621
98.1997
97.0241
97.0816
98.7748
98.7987
96.5788
98.0588
98.2775
97.3179
96.7215
99.911
98.0099
96.7252
97.1988
96.9163
98.6692
96.808
98.9961
96.8474
98.2721
99.9819
97.7502
98.9608
98.8433
97.9334
98.8637
97.3434
99.9251
97.3078
98.6552
97.6898
96.501
97.8805
99.0284
98.2868
97.8964
96.6241
97.1277
98.8938
98.0779
99.9439
96.5758
97.7518
99.0867
96.6573
97.4924
98.8511
96.7677
96.8664
96.7785
96.5483
97.0369
99.0195
96.9261
98.1632
97.2566
96.6727
98.1062
96.7015
96.9908
96.6446
96.8963
98.3146
99.9154
96.8135
98.6622
97.9405
98.1951
98.3343
96.6974
98.1491
97.1531
96.662
99.9368
99.9528
98.9584
97.1609
96.7382
97.2376
98.8925
96.6241
96.9876
98.789
96.9746
98.9038
96.6941
97.0895
99.8552
98.9928
96.9748
96.6914
99.9543
98.0078
98.0905
98.8192
96.6185
99.9267
97.0493
96.6317
98.985
97.0221
96.7182
96.5507
96.6334
96.9902
98.5614
96.6867
97.1692
98.1814
96.6544
98.3448
97.9974
99.0431
98.8575
99.0159
97.7333
98.0919
96.6106
96.5948
96.9746
99.8473
97.6293
99.3895
98.9972
96.6796
99.6164
99.9311
98.3378
97.7788
97.8553
96.6607
99.9357
96.6646
96.5732
98.2525
98.5581
97.889
98.6583
97.6717
98.2721
99.2512
97.0183
97.8805
96.9957
96.7001
98.6715
99.8275
98.521
97.116
97.7091
99.4419
99.6526
97.0163
99.9238
98.1495
96.6914
99.0083
99.9069
99.356
96.9973
98.0478
96.5251
98.7039
99.3308
98.2592
96.6302
99.8331
96.8119
97.7043
96.5691
99.5774
96.5781
98.0064
99.356
98.8683
97.2933
97.4902
96.7735
97.1201
96.7589
97.81
96.5996
96.8532
96.5522
96.6162
98.8528
97.1016
98.0872
96.6535
96.8603
97.6031
99.8953
98.8634
98.8395
98.1337
96.6087
98.6917
96.4947
98.9
98.1232
96.6672
96.9524
98.2721
98.8014
96.693
99.3465
99.5355
96.5672
97.2704
96.705
97.11
99.8178
97.9092
99.9503
96.7618
99.003
96.9677
97.9476
96.6282
96.6463
96.5545
96.6241
99.9367
96.6401
96.4779
96.5929
99.9496
97.2262
97.636
97.0739
97.2135
97.2394
96.9578
96.8363
96.8173
98.2767
97.0414
97.6183
97.9886
97.7183
97.2177
98.9038
99.0103
99.9909
98.2183
99.0258
96.9567
99.9089
96.6436
97.0087
98.923
98.5997
96.777
97.4741
98.2204
98.2536
98.8528
96.8735
97.9334
98.932
99.0484
97.0587
98.8021
96.5727
97.6919
96.663
99.8317
96.7979
99.0284
98.7922
98.7253
98.8395
98.0116
96.8532
99.8897
98.3276
96.5188
98.1607
98.2982
97.3637
96.7362
98.1449
96.6721
98.7612
98.3728
97.9642
98.8605
96.5483
96.7736
99.8694
98.1715
97.0064
97.2606
97.2183
99.0045
97.9455
99.0902
96.5452
96.7787
98.1114
97.9223
97.6898
99.9016
98.8521
97.2016
98.6535
99.0258
98.4274
97.2136
98.9169
98.8946
97.6338
98.3686
97.0187
99.2202
98.0959
97.993
97.2251
96.5703
97.1344
96.5313
98.9786
96.8278
96.8096
96.501
96.5586
99.036
98.8891
98.0164
98.2969
96.7013
96.5541
97.1346
98.291
99.3914
98.9914
96.797
99.2202
98.3435
97.056
99.9552
98.7655
98.2858
98.785
97.0186
96.9797
99.6049
97.7017
97.8939
99.0023
98.7782
98.7956
97.6764
99.1563
98.6698
98.3465
97.0605
98.4846
97.995
96.7564
96.5407
96.5998
99.9255
98.0872
99.0398
96.5485
96.5924
96.9629
97.0903
98.3713
98.8215
98.9821
98.16
98.3499
96.5982
98.8695
97.3016
99.9444
98.8218
98.16
96.7425
96.894
96.5642
98.6886
96.5929
97.9471
96.793
97.9065
98.912
98.3427
96.5812
99.1438
97.7955
98.752
98.8893
98.1257
98.9816
98.9472
98.2828
96.6367
97.1957
96.7398
98.1558
98.8054
96.7016
97.9964
98.8857
98.6715
96.7538
96.9386
98.76
97.7301
96.8879
96.9605
96.6926
98.9812
96.6179
97.288
97.6672
98.2487
96.5682
96.8412
96.5308
97.104
96.5758
97.3179
96.5061
96.5689
98.1019
96.4392
98.9055
98.3254
96.6003
97.2936
99
98.3349
98.3343
96.5784
96.9306
98.8813
97.0004
96.5827
99.6941
97.1248
97.7038
99.0195
96.6021
97.144
96.6974
98.7956
99.0148
98.1019
96.7492
96.7052
99.9677
98.7562
97.0449
97.2936
96.5846
98.8347
97.6256
96.5957
98.9803
96.9601
98.0089
96.7896
96.5715
96.6235
97.1503
96.523
99.9567
96.7151
99.9352
98.0451
96.5962
98.9273
98.9862
96.9664
99.418
99.0093
96.7462
96.9643
98.0329
98.7967
96.8359
98.7733
96.681
99.9567
97.0343
96.5889
98.1408
96.5877
96.5483
96.6195
96.6426
98.1805
97.0111
96.6378
99.0373
98.2499
98.2775
97.4945
97.0006
98.2847
97.9858
99.1622
99.9683
98.0461
99.8555
97.0187
99.0159
97.995
98.9361
97.7647
97.4902
99.9518
99.5064
98.1619
97.7775
97.699
96.538
98.2504
98.7814
98.3793
98.7751
99.3439
97.6025
98.8667
97.7919
98.9266
98.0411
96.5947
96.5005
96.6101
98.2309
98.8964
97.7318
98.2066
96.6711
96.6539
96.5636
96.5987
98.1062
97.2136
98.9943
97.74
96.5301
96.9938
96.6869
97.3635
97.0103
97.0085
98.3095
98.2979
96.7325
98.2106
98.2862
97.5398
97.1108
98.7415
98.7104
98.3318
99.7039
97.7461
98.1098
99.2726
96.5657
99.9225
96.5734
96.5073
96.9387
96.7271
96.9601
97.7052
97.737
97.0567
98.9033
98.3677
98.8813
99.0476
99.0619
96.6114
98.6749
97.0996
98.0178
97.764
98.6597
98.7655
97.1055
97.1586
98.7042
96.9564
98.932
96.6852
98.8891
97.0037
98.6975
98.3004
96.7013
97.1737
98.2541
98.0184
96.9958
96.6874
96.9527
98.7815
98.3791
98.7056
98.6696
98.6914
99.0903
96.5923
99.9626
96.7768
97.1081
98.5888
98.0012
96.5437
99.8317
98.9584
97.0816
98.2221
98.9981
99.9053
99.0781
97.6041
99.9283
98.4083
97.0323
98.4013
97.0848
96.6586
96.9886
98.8891
96.5679
98.2635
99.0545
99.6969
98.215
96.771
96.7622
96.6249
98.7594
98.4327
98.2159
96.6353
99.1622
99.0806
96.621
98.934
99.9311
99.8906
97.006
98.8876
96.6408
98.9323
96.7346
99.332
97.2572
99.1551
96.7542
97.9798
99.0194
98.3858
97.8433
96.5755
99.9509
96.606
98.7547
98.2645
98.5592
97.7357
98.6721
98.3176
98.7002
96.8132
99.6707
98.0574
98.9068
97.7721
97.2707
97.0863
96.6762
99.8342
96.7919
97.4393
96.8289
97.9243
97.7433
98.6319
99.9322
96.5452
96.5507
97.4967
98.9339
98.1611
96.9906
97.6183
98.7317
96.774
98.9661
98.7374
97.0039
98.9333
98.8293
96.9179
99.9143
96.5792
99.9462
97.9158
97.043
98.215
96.6933
96.5772
97.0588
97.2041
96.4413
98.8499
99.8625
97.9526
96.9996
98.9876
96.435
98.7547
97.6934
97.0587
96.6882
97.0587
97.7504
98.2233
98.2985
97.7318
97.1347
97.7766
98.4885
98.8651
96.6589
96.6558
98.9803
97.0414
99.7502
97.1076
98.3835
96.8173
96.7103
99.3313
96.9163
99.8667
96.9746
96.5518
98.7533
97.1167
97.081
96.859
98.2029
96.9586
98.976
98.5635
99.9433
98.9585
96.9996
98.0649
99.0298
98.7987
99.1291
96.724
97.1155
98.038
96.4938
97.1273
97.1116
98.0036
99.1438
97.0414
99.9374
98.3462
98.9866
96.7208
99.8199
97.0956
99.9591
97.4114
98.1734
96.5864
96.806
97.8394
99.0335
96.5881
96.6501
98.2575
97.9159
97.7684
98.1001
96.6862
98.1449
99.825
97.2936
98.8605
96.7346
96.9079
99.9632
98.2562
97.0894
97.626
99.7932
96.5672
96.7028
98.9727
98.7081
98.6248
98.7956
98.202
98.9193
98.815
96.6599
98.7081
98.2017
96.6599
98.1949
97.9399
97.4106
96.7764
99.9607
98.8236
99.989
96.621
97.8889
97.9022
99.857
99.0798
98.7654
98.3713
96.7436
96.7545
98.1773
96.5376
99.3011
96.5374
99.9033
96.5528
98.7767
98.2778
98.2605
98.2775
97.8553
97.1035
98.7683
96.6225
99.8625
99.4199
97.0402
97.0578
98.3318
96.6702
97.0843
96.5727
98.2661
96.6026
96.6552
96.5679
97.0881
96.6437
99.6208
96.7195
98.0608
96.563
96.8771
96.8495
98.7323
97.6717
97.3867
97.0463
96.9188
98.3713
97.699
96.5187
96.6408
