99.3774
99.9718
99.9877
99.9567
99.9916
99.8957
99.9435
99.9138
99.3431
99.3467
99.908
99.3937
99.767
99.9138
99.9433
99.9324
99.3878
98.095
99.3968
99.332
99.9462
99.6546
99.3431
99.9053
99.9469
99.3801
99.8723
99.9343
99.9321
99.8087
99.9883
99.3878
99.2978
99.3439
99.9632
99.4136
99.9239
99.8999
99.8625
99.9877
99.911
99.9514
99.7583
99.3774
99.3655
99.2074
99.8727
99.9654
99.3752
99.9352
99.949
99.9322
99.861
99.9463
99.3488
97.9798
99.9249
99.9635
98.1193
99.2449
98.1315
99.9
99.6917
99.3433
98.1193
98.0187
99.9106
99.9527
99.8727
99.5872
99.8943
98.0588
99.9311
99.3284
99.8897
99.543
99.7543
99.6841
99.8799
99.954
99.9322
99.8912
99.7643
99.9444
99.9358
99.9523
98.0532
99.2168
98.0423
99.3914
99.3488
99.3589
99.9409
99.8876
99.3878
99.9367
99.9322
99.9272
99.9469
99.3431
99.9567
99.6468
99.718
99.8087
99.954
99.9167
99.3308
99.2533
99.3546
99.4306
99.6717
99.9373
99.9567
99.9651
98.0515
99.8552
99.8774
99.9273
99.6834
99.9515
99.9516
99.9138
99.9718
99.618
99.8799
99.9632
99.9514
99.3874
99.8473
99.313
99.6345
99.9174
99.9324
99.9358
99.2168
99.911
99.8937
99.9059
99.3276
99.935
99.7932
99.8883
99.3439
99.8137
99.7265
99.7363
99.935
99.3163
99.2712
99.8317
99.281
99.8883
99.3763
99.7265
99.3855
99.3904
99.4003
99.3814
99.9374
99.9368
99.9154
99.384
99.3855
99.3635
99.9475
99.9503
99.9664
99.4579
99.3756
99.7932
99.3011
99.2614
99.3904
99.9495
99.8583
98.0872
99.3976
99.3759
99.4579
99.3937
99.7798
99.3605
99.6526
97.9798
99.2449
99.9059
99.935
99.9917
99.676
98.0736
99.8983
99.3333
99.2533
99.6807
99.8957
99.2533
99.8625
99.8586
99.953
99.3142
99.313
99.9323
99.9361
99.5821
99.9582
99.9451
99.8694
99.9615
99.9518
99.9664
99.3431
99.384
99.8907
99.4579
99.839
99.7505
99.3752
99.9527
99.676
99.6526
99.3752
99.3138
99.6917
99.9579
99.8907
99.8897
99.6969
99.9435
99.9784
99.3878
99.8553
99.7898
99.6345
99.3878
99.876
99.7157
99.8904
99.9249
99.33
99.5821
99.9595
99.9366
99.9664
98.095
99.9089
99.5774
99.9433
99.3752
99.9272
99.9495
98.0736
99.7543
99.2298
99.9273
99.5128
99.8137
99.9868
99.9352
99.2202
99.3622
99.3874
99.9462
99.6468
99.3855
99.3397
99.9472
99.9469
99.3471
98.1108
99.6692
99.9579
99.8583
99.9718
99.9117
99.6977
99.8087
99.949
99.3774
99.6807
99.9143
99.8665
99.7505
99.8586
99.9518
99.2449
98.1193
99.8667
99.8854
99.3433
99.8723
99.6834
99.2168
99.6977
99.9449
99.5446
99.917
99.2857
99.9718
99.3875
99.3313
99.356
98.0878
98.0922
99.8865
99.3855
99.618
99.2202
99.8774
99.8541
99.8517
99.9534
99.676
99.9433
99.767
99.718
99.907
99.2614
98.0423
99.8766
99.9595
99.9278
99.3622
99.8663
99.6841
99.9174
99.3722
99.9273
99.3397
99.8745
99.8771
99.3439
99.7073
99.2712
99.313
99.6526
99.421
99.332
99.3937
99.911
98.095
99.418
99.9
99.379
99.3968
97.9798
99.7932
99.3855
99.388
99.8457
98.01
99.9106
99.3968
99.3431
99.8906
99.4579
99.9043
99.3326
99.3968
99.9523
99.3408
99.379
99.6624
99.953
99.8137
99.3388
98.0878
99.9283
99.6624
99.6526
99.421
98.1193
99.3655
99.9916
99.9053
99.9567
99.9552
99.9635
99.3365
99.949
99.3861
99.4799
99.8865
99.8865
99.7932
99.8883
99.8472
99.8986
99.6692
99.2726
99.9438
99.388
99.9373
99.9069
99.9154
99.9909
99.8723
99.9132
99.9059
99.9016
99.9816
99.9139
99.9626
99.767
99.6943
98.0532
99.6049
99.6692
99.9358
99.8957
99.3142
99.3674
99.861
97.9086
99.6345
99.9509
98.1214
99.9407
99.9582
99.7939
99.9139
99.421
99.2298
99.8132
99.6969
99.9337
99.8609
99.3488
99.9552
99.3323
99.8774
99.861
99.8552
99.3968
99.8541
99.7157
99.8388
99.8648
99.8603
99.4799
97.8826
99.9374
99.4023
99.8457
99.3397
99.3855
99.3634
99.8553
99.3756
99.9323
97.9092
99.8613
99.8552
99.949
99.3752
99.8473
99.9552
99.8567
99.9516
99.8949
99.356
99.7898
99.718
99.718
99.3904
99.9087
99.9089
99.3801
99.8799
97.9092
99.9302
99.8904
99.5128
99.9321
99.839
99.9043
99.3138
99.2892
99.297
99.8457
99.8906
99.9438
98.1193
99.6692
99.9138
99.3748
99.2862
99.9361
99.9069
99.2862
98.01
99.2533
99.6624
99.4306
99.6692
99.3748
99.8137
99.3519
99.9503
99.935
98.0588
99.9523
99.7932
99.9511
99.7157
99.421
99.9683
99.379
99.9559
99.6969
99.6692
99.8883
99.3439
99.3142
99.676
99.3163
99.5774
99.332
99.9816
99.8541
99.3326
99.9251
99.9278
99.8906
97.9634
99.4236
99.894
99.9059
99.8625
99.8943
99.9
99.3308
99.9283
98.0588
99.9515
99.6917
99.3409
99.4198
99.9509
99.9784
99.8843
99.281
99.876
99.9324
99.9352
99.9132
99.9511
99.8609
99.8625
99.2862
99.6546
99.6834
99.9278
99.3409
99.3142
99.8087
99.9916
99.8028
99.3471
99.6692
99.9239
99.3313
98.0478
99.917
99.2892
99.2892
99.9516
99.8939
99.9358
99.3488
99.6726
99.9053
99.8771
99.3467
99.9358
99.2805
99.4018
99.8586
99.9302
99.9059
99.8473
99.9511
99.9615
99.9322
99.9816
98.0187
99.3326
99.3635
99.2712
98.095
99.978
99.2857
99.3655
99.7363
99.9592
99.9567
99.9106
99.9475
99.8904
99.3685
99.9409
99.3467
99.3589
99.3774
99.3722
99.8745
99.9877
99.6713
99.8724
99.6841
99.8473
99.9641
99.9592
99.8541
99.3138
99.9503
99.4492
99.3855
99.9167
99.9559
99.9337
99.7543
99.8986
99.2168
99.8799
99.9107
99.3976
98.1108
99.3722
99.8665
99.421
99.3968
99.8964
99.6692
99.3276
98.0609
99.8665
98.01
99.8977
99.9664
99.3519
99.9595
99.3431
99.3751
99.8912
99.4306
99.8876
99.379
99.8953
99.8854
99.953
99.7939
99.3471
99.9511
99.767
99.9055
99.3769
99.2168
99.9567
99.3465
99.3763
99.9367
99.3655
99.4021
99.9418
99.4151
99.8457
98.0426
99.8667
99.935
99.3409
99.8446
99.9449
99.676
99.9358
99.9
99.917
99.4136
99.3748
99.2202
99.3388
99.4151
99.3439
99.953
99.2857
99.3685
99.8799
99.9324
99.8999
99.9352
99.3878
99.9509
99.3968
99.9337
99.9591
99.3751
99.7583
99.9361
99.3779
99.3397
99.388
99.6977
99.894
97.9086
99.718
99.6717
99.8876
99.8876
99.9049
99.8843
99.4199
97.9798
99.9107
98.0423
99.9322
99.3774
99.953
99.3895
99.9239
99.8028
99.3756
99.8986
99.6943
99.9582
99.9551
99.9495
99.8843
99.9033
99.9462
99.9106
97.9798
99.3078
99.9251
99.8883
99.9055
99.8665
99.3138
99.4021
99.7265
99.8984
99.9515
99.8953
99.8648
99.3511
99.905
99.9418
99.4151
99.8496
99.676
99.9089
99.9463
99.9462
99.9718
99.8865
99.9273
99.362
99.8496
99.3333
99.8895
99.9311
99.9342
98.095
99.5128
99.9518
99.3779
99.9138
99.9358
99.3861
99.8983
99.6941
99.3752
99.2298
99.618
99.2298
99.7583
99.5128
99.9107
98.1395
99.3511
99.8028
99.9639
99.9374
99.9016
99.913
99.9132
99.9337
99.2298
99.3914
99.9582
99.9909
99.9856
98.0465
98.0588
99.3748
99.8799
99.3875
97.9634
99.6049
99.9093
99.9089
99.9311
99.5872
99.3914
99.917
99.9143
99.2596
99.3882
99.949
99.3874
99.3381
99.7265
99.5128
99.8727
99.9591
99.9444
99.676
99.6807
99.9433
99.8609
99.8799
99.7898
99.3078
99.2074
99.2202
99.8843
99.3756
99.9059
99.8964
99.9591
99.2777
99.4306
99.3381
99.9515
99.3433
97.9634
99.4136
99.5128
99.949
99.3333
99.8983
99.9087
99.8473
99.9654
99.3078
99.2862
99.9916
99.5446
99.908
99.4003
99.4198
99.3365
99.9321
99.9358
99.3774
99.8517
99.4023
99.9117
99.7157
99.9418
99.3756
99.9856
99.9139
99.8854
99.8724
99.4018
99.9438
99.8953
99.9868
99.9387
99.8613
99.7157
99.3976
99.3855
99.2978
99.9497
99.9579
99.3511
99.9449
99.356
99.8087
99.9167
99.9322
98.0609
99.7932
99.8496
99.5872
99.3814
97.9086
99.949
99.9
99.6049
98.0515
99.3333
99.7898
99.9527
99.8906
99.8854
99.9591
99.9591
99.8727
99.935
99.9251
99.3163
99.9273
99.2777
99.3546
99.9518
99.676
99.3471
99.4198
97.9086
99.8897
99.861
99.4021
99.9387
99.8907
99.7073
99.8949
99.8766
99.3546
99.9016
99.3914
99.935
99.9093
99.7505
99.5774
99.917
99.954
99.9409
99.3878
97.9634
99.8555
99.9322
99.9641
99.3546
99.3313
98.0478
99.9632
99.9868
99.9278
99.839
99.9433
99.3752
99.3388
99.9496
99.2726
99.6917
98.1395
99.3752
99.7157
99.8625
98.1193
99.3095
99.2978
99.6049
99.6841
98.1193
99.2074
99.3488
99.3756
98.0922
99.8132
99.9579
99.9225
99.5446
99.3471
99.3914
99.4151
99.917
99.6841
99.9368
99.2449
99.6692
99.2298
99.983
99.905
99.8986
99.7798
99.9567
99.9406
99.9559
99.9626
98.0532
99.2907
99.9321
99.3861
99.8983
99.8774
99.9302
98.0515
99.4151
99.8586
99.8723
99.3779
99.3381
99.8552
99.9368
99.8724
99.297
99.8766
99.9641
99.9138
99.3313
99.9497
98.1214
97.9798
99.8957
99.3722
99.9273
99.9511
99.6807
99.9249
99.2596
99.6468
99.8953
99.6345
99.9451
99.3589
99.9435
99.8957
99.913
99.3095
99.7505
99.9033
99.718
99.2705
99.9856
99.3439
99.905
99.3142
99.8724
99.913
99.3276
99.907
99.33
99.9373
99.421
98.0736
99.8977
99.8648
99.3471
99.3488
99.8517
98.144
99.9523
99.7932
99.4021
99.8648
99.9342
99.9093
99.9107
99.8603
99.9059
99.3365
99.3163
99.9496
99.2449
99.7363
99.9518
99.3878
99.917
99.2862
98.0736
99.281
99.7502
99.9472
99.3875
99.2202
99.9069
99.3313
99.313
98.0478
99.9273
99.9523
99.3323
99.9343
99.6717
99.9407
99.9516
99.9117
99.9365
99.6717
99.983
99.3467
99.3138
99.384
99.4018
99.9559
99.8663
99.3323
99.2862
99.8603
99.618
99.3622
99.4018
99.9283
99.3431
99.9495
99.9534
99.2712
99.9352
99.9418
99.3774
99.9016
99.9559
99.618
99.3674
99.9462
99.9856
99.7939
99.3409
99.3814
99.8517
99.8496
99.8766
99.9592
98.0532
99.8586
99.3875
99.9472
99.6807
99.8552
99.8906
99.9747
99.3801
98.0872
99.7583
99.718
99.2726
99.954
97.9634
99.9373
99.8937
99.9523
99.5872
99.3467
99.7502
99.8724
99.9321
99.3323
99.3408
99.894
99.9639
99.8904
99.4144
99.9251
99.8986
99.3752
99.9284
99.936
99.7643
99.9273
99.7543
99.8906
99.8984
99.8317
99.9463
98.1214
99.3333
99.8983
99.9069
99.6692
99.9559
99.384
99.3546
99.2168
99.936
99.9225
99.3284
99.9132
99.9273
99.3381
99.9438
99.9055
99.8724
99.6345
98.1108
99.8552
99.3326
99.9916
99.8983
99.9449
99.9514
99.8724
99.9387
99.8132
99.894
99.9635
99.384
99.8317
99.9249
99.4799
99.6841
99.9534
99.9045
99.9033
99.9368
99.9272
99.8473
99.9463
99.6726
99.2907
99.8724
99.8724
99.9515
99.9366
99.9272
99.9626
99.9433
99.9284
99.2298
99.9909
99.9322
99.9559
99.2805
99.3078
99.3365
99.9605
99.2533
99.8937
98.1408
99.9184
99.3895
99.9816
99.8028
99.2074
99.8876
99.6345
99.3397
99.3878
99.6546
99.9143
99.9107
99.839
99.9503
99.6692
99.4136
99.3635
99.3634
99.9273
99.8939
99.8541
99.5774
99.9449
99.5774
99.9632
99.3968
99.949
99.2449
99.9579
99.8745
99.3895
99.3095
99.8999
99.8553
99.767
99.3365
99.5821
99.8552
99.3024
99.3326
99.618
99.9043
99.9472
97.9092
99.9043
99.9373
99.388
99.9174
99.9087
99.9909
99.9462
99.3685
99.3752
99.2978
98.0872
99.6941
99.9641
99.9143
99.8517
99.9225
99.913
99.9527
99.9518
98.0736
99.2298
98.0426
99.3861
99.9582
99.3471
99.3748
98.1193
99.3875
99.362
99.4003
99.7643
99.7643
99.2298
99.9654
99.9496
99.9284
99.9324
99.917
98.1214
99.9856
99.3968
99.9438
99.9635
98.0187
99.3937
99.3722
99.9582
99.2712
99.718
99.978
99.718
99.3095
99.3759
99.9167
99.917
99.8774
99.5821
99.9917
99.3622
99.3779
99.3589
99.7643
99.9472
99.8457
99.9069
97.9798
99.6624
99.3763
99.6807
99.8137
99.2862
99.4199
99.8446
99.9683
99.9132
99.935
99.3968
99.9
99.3409
98.0426
99.718
99.3855
99.3381
99.9444
99.9055
99.9139
99.8854
99.3078
99.911
99.8912
99.2449
99.8457
99.9784
99.8694
99.3674
99.8983
99.8517
99.9449
99.913
99.936
99.8957
99.6941
99.3163
99.8771
99.33
99.9591
99.3759
99.313
99.3308
99.9527
99.8473
99.3276
99.2805
99.7073
99.936
99.3439
99.908
99.9059
99.9069
99.8977
99.2857
99.9167
99.8999
99.8694
99.905
99.8553
99.9664
99.9591
99.9495
99.9441
99.8665
99.2862
99.9251
99.3914
99.8517
99.9302
99.9361
99.953
99.9322
99.9049
97.9086
99.8766
99.8541
99.9167
99.9582
99.9322
99.9503
99.7265
97.9092
99.2533
98.095
99.9053
99.9567
99.8552
99.9787
99.911
99.9055
99.7939
99.3488
99.8986
99.9324
99.8843
99.9184
99.6624
99.9049
98.0187
99.3326
99.9816
99.8603
99.9495
99.9342
99.9438
99.8939
99.8724
99.3433
99.5872
99.894
99.281
99.8883
99.3774
98.1408
99.9451
99.3895
99.9154
99.6692
99.9059
99.9605
99.3904
99.978
99.9321
99.3439
99.4003
99.2907
99.3313
99.3763
99.718
99.3752
99.3814
99.9045
99.3365
99.3465
99.3095
98.144
99.2596
99.8854
99.618
99.9107
99.8496
99.6546
99.388
97.8826
99.9472
99.7157
99.418
99.4492
99.3142
99.3313
99.5446
99.3904
99.9917
99.9514
99.3756
99.3748
99.767
99.9239
99.3095
99.7265
99.8132
99.9374
99.9302
99.9
99.8964
97.8826
99.9045
99.9518
99.9877
99.9132
99.6917
99.9551
99.2533
99.9816
99.7157
99.8723
99.3914
99.8609
99.7932
99.2777
99.3605
99.935
98.0588
99.9683
99.8983
99.3878
99.9249
99.6717
99.978
99.5128
99.9225
99.3855
99.954
99.384
99.9639
99.2907
99.8904
99.9632
99.9592
99.9784
99.8567
99.8986
99.9514
99.4021
99.9917
99.8766
99.6717
99.9139
99.7363
99.8553
99.33
99.4136
99.9324
99.8745
99.8799
99.3589
99.8986
99.8939
99.8984
99.8553
99.6468
99.9272
98.1408
97.9086
97.9634
99.6969
99.8583
99.9311
99.8766
99.362
99.6717
99.953
99.9049
99.9579
98.0426
99.9503
99.3276
99.8906
99.3814
99.7543
99.9089
99.8137
99.861
99.8912
99.2712
97.9092
99.911
99.4144
99.8663
99.3855
99.9552
99.9496
99.4021
99.4023
99.9816
99.936
99.9055
98.095
99.8388
99.3511
98.0423
99.281
99.2202
99.3433
99.3511
99.9352
99.9409
99.8906
99.953
99.9444
99.3471
99.3855
99.9117
99.9518
98.1214
99.3471
99.4023
99.8663
99.9641
99.8999
99.9358
99.7502
99.7939
99.954
99.2596
99.9132
99.894
99.9337
99.8648
99.332
99.8986
99.3904
99.9322
99.9615
99.388
99.2777
99.384
99.332
99.8912
99.9877
99.936
99.3685
99.936
99.9225
98.01
99.954
99.5446
99.3801
99.9107
98.0515
99.9527
99.9273
99.883
99.9495
99.9239
99.8999
99.418
98.01
99.2533
99.3855
99.6834
99.3756
99.3756
99.3078
99.8876
99.2202
99.9087
99.9407
99.9367
97.9092
98.0922
99.9184
99.8904
99.3511
99.8553
99.418
99.3465
99.9284
99.9497
99.894
99.8999
99.3861
99.9132
99.8603
99.9527
97.8826
99.3323
99.8613
99.9472
99.9509
99.9053
99.8843
97.9634
99.8583
99.9463
99.3779
99.9154
99.8665
99.3855
99.9868
99.2298
99.3546
99.9283
99.9579
99.9509
99.297
99.9322
99.3471
98.0423
99.9475
98.0426
99.3752
99.839
99.9055
99.2805
99.7583
99.9251
99.618
99.3748
99.9496
99.6726
98.0532
99.6692
99.9045
98.0423
99.9441
99.3722
99.9496
99.2298
99.9069
99.6612
99.7932
98.0609
99.9406
99.3011
99.9579
99.767
99.2805
99.8771
99.6841
99.5821
99.3779
99.8028
99.8843
99.9043
99.3759
99.9747
99.9664
98.095
98.0426
99.8625
99.3763
99.9495
98.1408
99.9497
99.9251
99.3397
99.3861
99.9592
99.3635
99.3142
99.9324
99.9469
99.9069
99.313
99.5872
99.9883
99.3855
99.9463
99.9747
99.9567
99.3874
99.9639
99.388
99.911
99.9016
99.9784
98.0426
99.3388
99.9373
99.3895
99.9664
99.6977
99.8603
99.33
99.3769
99.8906
99.6726
99.908
99.3519
99.7502
98.0878
99.9516
99.8843
99.8663
99.7543
99.3365
99.3878
99.3814
99.8876
99.9322
99.6692
99.9632
99.8984
98.0478
99.3488
99.913
99.3674
99.9515
99.8983
98.0515
99.2978
99.9321
99.2202
99.3433
99.9322
99.3431
99.9917
99.9462
99.6468
99.953
99.9311
99.6526
99.9374
99.8949
99.9639
99.6977
99.281
99.894
99.281
99.3814
99.9302
99.9154
98.0423
99.4199
99.9449
99.3142
99.9322
99.3471
99.421
99.8949
99.3855
99.8446
99.421
98.1193
98.1315
99.3874
99.9368
99.379
99.3388
99.3801
99.8694
99.9816
99.9591
99.9089
99.9337
99.905
99.9059
98.1315
99.5446
99.7932
99.9406
99.6717
99.379
99.9225
99.379
99.421
99.8912
99.3381
99.3756
99.9358
99.9552
99.9916
99.9358
99.9591
99.9463
99.3801
99.9143
99.9877
99.9883
99.3655
99.3882
99.8586
99.4023
99.6049
99.8745
99.3024
99.2862
99.3622
99.9154
99.907
99.3774
99.6834
99.3142
99.2892
99.3589
99.8694
99.9343
99.3751
99.6969
99.8943
99.9444
99.9249
99.8723
99.2705
99.3752
98.0609
99.6713
99.9615
99.905
97.8826
99.356
99.8883
99.9747
99.4236
99.3878
99.5821
99.9284
99.8567
99.9043
99.9441
99.9444
99.9591
99.9324
99.8132
99.5774
99.3635
99.9567
99.9358
99.3968
99.9567
99.3163
98.0872
99.676
99.9283
99.8986
99.9433
99.9469
98.095
99.8583
99.332
99.3397
99.839
99.9049
99.297
99.9718
99.9117
99.7643
99.9639
99.676
99.9406
99.894
99.297
99.3756
99.9322
99.9366
99.9184
99.9469
99.8943
99.9284
99.9089
99.3752
99.8137
99.5821
99.9337
99.4018
99.9409
99.9883
98.0532
99.3904
98.1315
99.3801
99.9342
99.3756
99.3937
99.9747
97.9086
99.9444
99.8854
99.9106
99.718
99.8609
98.0423
99.6692
99.9651
99.3465
99.3276
99.6624
99.9509
99.908
99.8986
99.9497
99.894
99.4236
99.9106
99.8473
99.949
99.9167
99.3408
99.3024
99.9358
99.7265
97.8826
99.388
99.839
99.9651
99.3431
99.3095
99.9139
99.8949
99.3433
97.8826
99.3914
98.0922
99.953
99.4144
99.3011
99.33
99.6807
99.9787
97.9092
99.2705
99.3078
99.7543
99.8583
99.8087
99.6713
99.8457
99.3882
99.9444
99.6624
99.4003
99.9856
99.3163
99.7505
99.7643
99.9438
99.9683
99.8906
99.2298
99.7502
99.543
99.8555
99.33
99.9342
99.9143
99.8665
99.8496
99.3874
99.9451
99.8912
99.905
99.9368
99.9917
99.9641
99.8648
99.3748
99.3752
99.3655
99.8774
99.9089
99.9352
99.8723
99.7932
99.8613
99.8843
99.3326
99.9868
99.911
99.2168
99.904
99.8953
99.6345
99.4198
99.911
99.9552
99.5774
99.9518
99.9352
99.313
99.5446
99.3756
99.9433
99.876
99.9239
99.8457
99.9883
99.9139
99.9132
99.8137
99.8583
99.883
99.9322
99.2805
99.6624
99.8854
99.3976
99.281
99.3408
99.8567
99.6941
99.8843
99.953
99.6612
99.9251
99.8609
99.7543
99.4236
99.2978
99.2614
99.9433
99.9451
99.3976
99.9323
98.0187
98.0426
99.8723
99.718
99.8964
99.2907
99.9626
99.908
99.9368
99.8904
99.8613
98.0588
99.3752
99.3467
99.9059
99.9916
99.8603
99.9449
99.9472
99.839
99.9497
99.7073
99.4144
98.0426
99.4021
99.9387
99.9626
99.3685
99.8473
99.418
99.8865
99.8457
99.6049
99.8984
99.3011
99.9418
99.4492
99.9877
99.9787
99.9278
99.3722
99.9138
99.8625
99.9117
99.9033
99.767
99.8964
99.978
99.9184
99.3904
99.8457
99.543
99.8983
98.0478
99.911
98.1315
99.3365
99.954
99.9337
99.6713
98.0187
99.9567
99.9595
99.8555
99.954
99.2705
99.6692
99.2907
99.9016
99.9582
99.3968
99.9284
99.9438
99.9069
99.8984
99.904
99.2907
99.3408
99.9033
99.9184
99.8774
99.9225
99.9322
99.9509
99.4799
99.9877
99.6526
99.2202
99.9117
99.3431
99.9361
98.1108
99.8983
99.8907
99.9435
99.9433
99.9511
99.3605
99.384
99.9033
99.904
99.9641
99.9523
99.3095
99.9511
99.767
99.8317
99.9106
99.9605
97.9092
99.9509
99.9251
99.8613
99.9497
97.9092
99.8774
99.8541
99.9225
99.905
99.3759
99.3365
99.9138
98.0515
99.2862
99.2614
99.9368
99.7265
99.9406
99.3674
99.3431
99.983
99.3914
99.954
99.905
98.1214
99.8665
99.917
98.0478
99.8904
99.9579
97.9798
99.9089
99.9615
99.8648
99.9311
99.9409
99.9368
99.9352
99.767
99.3937
99.7932
99.9337
99.9033
99.8939
99.9503
99.9718
99.9059
99.9433
99.8957
99.3078
99.5872
99.3803
99.911
99.9
97.9634
99.8904
99.3333
99.4144
99.9615
99.3467
99.9043
99.3801
99.9567
99.8895
99.3763
99.2614
98.144
99.8388
99.6713
99.894
99.8586
99.4023
99.9651
99.9664
99.3589
99.9552
99.9582
98.0736
99.9651
99.421
99.3333
99.9322
99.421
99.9321
99.3333
99.8984
99.4492
99.6468
99.3326
99.9089
99.3763
99.6834
99.9641
99.4021
99.3546
99.3814
99.9055
99.8541
99.6345
99.8897
99.9463
99.6834
99.8771
99.7898
99.9475
99.9615
98.1315
97.8826
99.978
99.4579
99.9515
99.9534
99.9302
99.8897
99.3882
99.3333
99.9167
99.618
99.9641
99.917
99.388
99.9117
99.4236
99.3976
99.6624
99.9278
99.5821
99.4136
99.4003
98.0872
99.936
99.3589
99.935
99.418
99.5774
99.953
99.9302
99.6049
99.3803
99.3308
99.9784
99.8771
99.3774
99.9361
99.3748
97.9086
99.3397
99.8964
99.3408
99.8883
99.3284
99.4003
99.4799
99.8957
99.9475
97.9798
99.9055
99.5446
99.8567
99.9273
99.3024
99.2712
99.9139
98.1315
99.8457
98.0478
99.3433
99.3333
99.9552
99.3313
99.5128
99.9784
99.9503
99.3323
99.9441
99.8895
99.9049
99.3748
99.8667
99.9444
99.954
99.3308
99.8665
99.3381
99.9579
99.3142
99.9302
99.3078
97.9634
99.6713
99.9516
99.983
99.8517
99.8457
99.2705
99.8876
99.8939
99.8586
99.8603
99.2777
99.8473
99.8667
99.8939
99.8694
99.9639
97.9086
99.9055
99.9069
99.8854
99.8609
99.9016
99.9551
99.8799
98.0922
99.9615
99.4799
97.9092
99.9087
99.2862
99.905
99.3875
99.9567
99.9358
99.9438
99.8694
99.861
99.9472
99.861
99.5446
99.9567
99.7643
99.894
99.3779
99.9495
99.8694
99.9249
99.9916
99.3589
99.9579
99.8667
99.2857
99.9579
99.3276
98.0423
99.9747
99.9463
99.2449
99.3546
99.9107
99.9368
99.9595
99.4144
99.876
99.6807
99.9747
99.9567
99.9516
99.2705
99.913
99.9321
99.9527
99.3904
99.8897
99.3284
99.543
99.6726
99.9582
99.8178
99.6612
99.7073
99.8907
99.8625
98.0515
99.954
99.3685
97.9798
99.8517
99.3467
99.9284
99.6692
99.9055
99.2978
99.4003
99.8553
99.4198
99.9582
99.4198
99.9632
99.8555
99.4003
99.2892
99.9337
99.718
99.9591
99.718
99.6917
99.9747
99.3546
99.9567
99.983
99.7939
99.8897
99.6977
99.6713
99.9302
99.9856
99.8897
99.8446
99.8906
99.9511
99.8446
99.935
99.8388
99.8723
99.9053
98.0922
99.8724
99.281
99.9451
99.8745
99.9511
99.7898
99.978
99.5446
99.907
99.8552
99.6917
99.9283
99.9605
99.6943
99.9527
99.9444
99.3874
99.7505
99.2596
99.3779
98.1193
99.421
99.2533
99.7939
99.3968
99.8694
99.9509
99.9582
99.9435
99.362
98.0588
98.0872
99.9438
99.9045
99.9495
99.362
99.9787
98.0423
99.904
99.9591
99.332
99.8949
97.9086
99.3914
99.9387
99.8774
99.9373
99.9322
99.4799
99.9495
99.8552
99.7505
99.9407
99.388
99.3323
99.9883
99.9284
98.0736
99.3803
99.9322
99.421
99.3511
99.2726
99.917
99.3078
99.3622
99.9527
99.8317
98.0515
99.9138
99.4144
99.9272
99.8745
99.9406
99.3388
99.9365
99.2705
99.421
99.3769
99.2978
99.9438
99.8609
99.3855
98.0426
99.379
99.8983
99.4023
99.9043
98.1315
99.9117
99.9322
99.8723
99.9856
99.9406
99.9367
99.9462
98.0187
99.8895
99.8472
99.2298
99.9591
98.0609
99.905
99.9322
99.7939
99.421
99.9273
99.9495
99.9016
99.9374
99.9089
99.9435
99.935
99.3655
99.8603
99.3722
99.3774
99.9816
99.8132
99.953
99.6977
99.362
99.9438
99.9154
99.8799
98.0609
98.0515
99.388
99.9283
99.9409
99.7898
99.4151
99.9816
99.3546
99.8132
99.9302
99.2907
98.0515
99.876
99.3655
99.5774
99.2168
99.3471
99.4199
99.3779
99.9475
99.883
99.8663
99.3685
99.9273
99.3433
99.8457
99.9582
99.9856
99.2533
98.1214
99.9352
99.418
99.8541
99.9272
98.0515
99.9509
99.4018
99.3861
99.2449
99.7898
98.0609
99.8603
99.3779
98.0609
99.9595
99.2705
99.9366
99.3674
99.8939
99.9167
99.9567
99.9138
99.9496
99.3408
99.9284
99.3313
99.9592
99.384
99.9361
98.0532
99.8883
99.8912
99.9472
99.6917
99.978
99.9433
99.3408
99.5821
99.953
99.3546
99.949
99.9107
98.0878
99.6049
99.9632
99.6943
98.0588
99.9747
99.3431
99.3622
99.3751
99.9366
98.1193
99.384
99.9367
99.2777
99.9515
99.904
99.7898
99.9365
97.9092
99.9451
99.356
99.9463
99.9516
99.9883
99.9559
99.9117
99.3634
99.2298
98.1315
99.3011
98.0872
99.8586
99.7505
99.9916
99.3465
99.3895
99.7502
97.9086
99.9551
99.3801
99.9909
98.0588
99.9438
99.2862
99.9497
99.9433
99.9868
99.9683
99.9
99.6468
99.9278
98.0532
99.9366
99.3774
99.3855
99.839
99.9373
99.9592
99.2449
99.917
99.9787
99.8983
99.2168
98.0515
99.8949
99.9174
99.9511
99.9043
99.4021
99.9497
99.3465
99.8865
97.9086
99.3276
99.9816
99.4003
99.9718
99.9787
99.3634
99.7502
99.894
99.9418
99.9635
99.6692
99.4236
98.1395
98.0736
99.2907
99.7505
99.5872
99.936
99.3774
99.9406
98.0532
99.3138
99.9579
99.9496
99.8876
99.7932
99.3878
99.8912
99.7543
99.9278
99.8667
99.9883
99.9352
99.3769
99.9527
99.8567
99.3634
99.4021
99.5446
98.095
99.8907
99.9365
99.8999
99.9516
99.3284
99.8895
99.6546
99.3774
99.9358
99.3431
99.904
99.421
99.6692
99.3875
99.3774
99.6692
99.9626
98.0187
99.9106
99.2298
99.8586
99.5821
99.7643
99.911
99.9816
99.6834
99.4136
99.8625
99.9321
99.2857
99.8028
99.3381
99.9433
99.4136
99.9358
99.9632
99.9407
99.3409
99.9654
99.418
99.6969
99.8745
99.3011
99.9916
99.8552
99.9139
99.9451
99.8904
99.8586
99.3138
99.8904
99.3397
99.9784
99.7583
99.8895
99.8939
98.0532
99.8552
99.9093
98.0736
99.3431
99.2862
99.8983
97.9634
99.3803
99.2168
99.3409
99.3467
98.0426
99.3546
99.2726
99.5821
99.4136
97.8826
99.9449
99.4198
99.676
99.907
99.8667
99.5446
99.543
99.3439
99.894
99.9139
99.9444
99.9368
99.905
99.9249
99.7798
99.9322
99.9311
99.3142
99.8552
99.3779
99.913
99.676
99.9747
99.9582
99.3467
99.3685
99.953
99.3163
99.8939
99.8745
98.0609
99.3801
99.8446
99.3408
99.6841
99.9324
99.8388
99.9053
98.0872
99.9497
98.0922
99.3855
99.8745
99.9033
97.9092
99.8667
99.7157
99.384
98.0609
99.9511
99.9523
99.3439
99.4199
99.9016
98.0872
99.9515
99.332
99.2202
99.9322
99.3397
99.7265
99.9361
99.9433
99.7939
99.9045
99.8446
99.9497
99.978
99.8912
99.6546
99.9311
99.4236
99.4236
99.8865
99.3467
99.9322
99.8727
99.3397
99.3751
99.9154
99.3308
99.8603
99.8983
99.9107
99.2805
99.9251
99.7157
99.3914
99.8865
99.9503
99.9534
99.3471
99.9523
99.8723
99.9322
99.8555
99.9373
99.3874
99.9582
99.9496
99.9579
99.3674
99.3914
99.9641
99.7932
99.3276
99.3465
99.8895
99.9877
99.8977
99.9302
99.421
99.7898
99.543
99.4799
99.9
99.9373
99.9503
99.3409
99.3431
99.9592
99.9352
99.9278
99.954
99.9342
99.9626
99.4023
99.9534
99.8771
99.861
99.4579
99.8986
99.3855
99.9909
99.3605
99.978
99.9883
99.9368
99.9883
99.2533
99.3655
99.9883
99.8897
99.4003
99.8541
99.9877
99.8667
98.144
99.8771
99.9322
99.8028
99.6049
99.2298
99.8553
99.3408
99.8999
99.8137
99.9374
98.0736
99.5872
99.7265
99.8854
99.7505
99.9322
99.7583
98.144
99.9475
99.8906
99.9451
97.9086
99.3855
99.5821
99.3488
99.3855
99.9475
99.7157
99.6834
98.1395
99.5774
99.6713
99.8745
99.3655
99.8667
99.9283
99.9154
99.3722
99.618
99.4144
99.3163
99.3769
99.6713
99.9106
99.8132
99.9132
99.4198
99.9322
99.4023
99.8724
99.8949
99.911
99.3488
99.8986
99.9251
99.297
99.9342
99.9534
99.2705
97.9092
99.8949
99.8517
99.3024
99.913
99.9582
98.0465
97.8826
99.6834
99.3779
99.9449
99.3814
99.908
99.9138
99.8586
99.8986
99.3752
99.8745
99.9117
97.9092
99.5774
99.6917
99.379
99.9509
99.9045
99.3333
99.3634
99.7583
99.4199
99.8567
99.3814
99.2726
99.861
99.8625
99.8667
99.3011
99.9055
99.8724
99.9567
99.8609
99.911
99.9497
99.9591
99.8865
99.9239
99.3431
99.3937
99.3722
99.911
99.6841
99.9551
99.3365
99.6526
99.6726
99.9239
99.6526
99.9283
99.3471
99.3751
99.8553
99.9509
99.8766
99.9511
99.8586
98.1108
99.8648
99.618
99.3078
99.9272
99.8904
99.8904
99.9283
99.3763
99.9582
99.9059
99.917
99.9225
99.9639
99.9433
99.9174
99.9053
99.3433
99.9249
99.3433
99.3605
99.5128
99.9567
99.9635
99.8496
99.9516
99.8984
99.983
99.7932
99.9441
99.3326
99.8178
99.3655
98.0609
99.9534
99.3605
99.9868
99.9358
99.3276
99.3467
99.3937
99.9132
99.9225
99.9469
98.1315
99.3751
99.9626
99.7583
99.936
99.6943
99.9595
99.9917
99.4151
99.8939
99.8567
99.2202
99.2726
99.9683
99.9089
99.9406
99.3634
99.3674
99.6049
99.618
99.9225
99.8178
99.8999
99.9055
99.7932
99.3855
99.6969
98.1193
98.0878
99.3634
99.9358
99.8745
99.8586
99.6834
99.9909
99.718
99.8087
99.8907
99.8912
99.4198
98.0515
99.9
99.5128
99.313
99.8388
99.9527
99.2892
98.0878
99.9138
99.2298
97.9092
99.9406
97.9634
99.3655
99.9496
99.9567
99.9615
99.9368
99.9523
99.8555
99.4021
99.9174
99.9139
99.9449
99.718
99.9514
99.9
99.9043
99.9249
99.9475
99.8446
99.3323
99.9337
99.9883
99.949
98.0423
99.4306
99.9367
99.9787
99.9497
98.1315
99.2862
99.9451
99.978
98.1395
99.3861
99.6726
99.936
99.3685
99.3284
99.9883
99.718
99.9503
99.9463
99.4018
99.8843
99.6526
99.3855
99.6717
99.983
99.8986
99.3722
99.4199
99.9107
99.2533
99.9475
99.9595
99.3756
99.3519
99.3874
99.9438
99.6917
99.3333
99.3011
99.8854
99.9435
99.954
99.9868
99.8943
97.9798
99.7939
99.3803
99.8953
99.8567
98.0736
99.3875
99.9523
99.8553
99.9365
99.935
99.3861
99.3078
99.3024
99.6834
99.8553
99.8771
99.7643
99.9322
99.8999
99.3803
99.3323
99.9139
99.3774
99.9579
99.6726
99.9595
99.8986
99.8496
99.9045
99.9441
99.8984
99.7543
98.0478
99.4579
99.9365
99.8132
99.3655
99.9174
98.0872
99.9514
99.4018
99.9059
99.9049
99.9916
99.9475
98.01
98.1214
99.3814
99.7073
99.7643
99.7505
99.2978
99.3855
98.1214
99.3937
99.6977
99.6692
99.8876
99.3433
99.6726
99.6692
99.8178
99.384
99.3914
99.9358
99.8964
99.3882
99.9639
99.9605
99.2712
99.8949
99.9069
99.7932
99.2202
99.9497
99.676
99.7073
99.9278
99.8541
99.9615
99.3976
99.3511
99.9559
99.9883
99.8799
99.8553
99.9444
99.3011
99.6546
99.9641
99.9321
99.2978
99.8132
99.9635
99.8727
99.2449
99.9225
99.4151
99.9367
99.8178
99.8517
99.9816
99.4492
99.3976
99.388
99.9916
99.9322
99.418
99.3748
99.2449
99.4199
98.0922
99.9366
99.543
99.2596
99.9509
99.9343
99.8774
99.3634
99.2202
99.3878
99.8724
99.9592
98.0872
99.3313
99.9534
98.0426
99.9639
99.2892
99.3333
98.0532
99.9595
99.953
98.1193
99.3759
99.8667
99.2074
97.8826
99.3519
98.0588
99.6546
99.3748
99.8983
99.9322
99.3323
99.8906
99.3326
99.8609
99.3895
99.3976
99.911
99.4579
99.6692
99.9365
99.297
99.9154
99.8317
99.9877
99.6726
99.9579
99.9093
98.0588
99.3284
98.0588
99.9449
99.8667
99.2074
99.8939
99.7543
99.3937
97.9086
99.6345
99.9045
99.2074
99.3803
99.9273
99.9626
99.3801
99.33
98.1395
99.3855
99.9358
98.095
99.8865
99.362
99.9311
99.313
99.9534
99.767
99.8912
99.3779
99.9567
99.3861
99.3634
99.3431
99.9747
98.0426
99.9605
99.9514
99.356
99.9449
99.8766
99.9582
99.3546
99.3937
99.3861
99.8771
99.4198
99.9358
99.7363
99.9639
99.5128
99.9462
98.0922
99.9909
99.767
99.907
99.6624
99.4136
99.9438
99.908
99.911
99.2978
99.3511
99.2862
99.388
99.6546
99.9654
99.5446
99.9406
99.3519
99.9089
99.3895
99.3163
99.3519
99.9143
99.4151
99.3875
99.2614
99.9117
99.9278
99.7798
99.3968
99.9683
99.6526
99.543
99.9322
99.2907
98.0426
99.8895
99.8317
99.8937
99.8694
99.9523
99.5128
99.9406
99.911
99.3685
99.2074
99.3861
99.9595
99.9438
99.8977
99.8648
99.9683
99.9475
99.9358
99.6049
99.9
99.8648
99.9352
99.3655
99.3814
99.3976
99.9107
99.9626
99.9438
99.8799
99.6345
99.3855
99.6841
99.9441
99.3722
99.9139
99.8446
99.9868
99.9591
99.9816
99.6917
98.0532
99.9049
98.0872
99.907
99.8949
98.0878
99.8663
99.3388
99.3276
99.3634
99.3752
99.8178
99.8028
99.7543
99.3142
99.9278
99.9444
99.3655
99.313
99.718
99.2907
99.9016
99.3138
99.2074
99.3439
99.3635
99.3024
99.9321
99.33
99.3333
99.3471
99.3605
99.8986
99.9249
99.4018
99.2712
99.8949
99.7932
99.8883
99.8667
99.9654
99.978
99.8912
99.6917
99.9718
99.6807
99.2862
99.3163
99.5774
99.4236
99.3284
99.3078
99.907
99.618
99.9409
99.2862
99.9651
99.9516
99.9916
99.9509
99.6624
98.01
99.8964
99.5446
99.7073
99.9816
99.8552
99.5446
99.618
99.3655
99.6917
99.3861
99.8663
99.6834
99.9523
99.9868
99.767
99.8799
99.7939
99.9582
99.9239
99.8774
99.983
99.3365
99.3326
99.8496
98.0465
98.0736
99.911
99.9154
99.7932
99.936
99.8132
99.8876
99.9365
97.9086
99.6841
99.8907
99.3769
99.6726
99.9093
99.8943
99.9469
99.978
99.7363
99.894
99.313
99.3511
99.3471
99.379
99.9497
99.4023
99.9475
99.4199
99.356
99.8766
99.3511
99.4199
99.313
99.9387
99.9784
99.9342
97.9092
99.2857
99.3874
99.9435
98.1408
99.9302
99.8603
99.9107
99.9784
99.3589
99.3756
99.907
99.9361
99.8999
99.8613
99.9284
99.9132
99.4136
99.9509
99.3471
99.6977
99.9635
98.0872
99.6969
99.3546
99.8937
99.8912
99.8727
99.2862
99.9495
99.8843
99.9472
99.3937
99.2202
99.7265
99.9107
99.9322
98.144
99.861
99.9154
99.8694
99.9856
99.8665
99.8876
99.767
99.8694
99.9582
99.7157
99.9883
99.3756
99.9449
99.5446
99.7543
99.3095
98.095
99.9055
99.8567
99.8553
99.936
99.356
99.8583
99.3774
99.8724
99.3895
99.3722
98.144
99.9373
99.9184
99.3769
99.9469
99.9184
99.2202
99.8178
99.904
99.618
99.5872
99.9284
99.3284
99.8977
99.6345
99.313
99.9143
99.9509
99.9249
99.3882
99.6943
99.9106
99.421
99.2857
99.3769
99.3634
99.7363
99.3439
99.4003
99.9916
99.3163
99.4021
98.1108
99.4579
99.6049
99.3937
99.8771
99.3605
99.9518
99.3488
99.9087
99.8943
99.3635
99.5821
99.332
99.9089
99.8473
98.1395
99.7505
99.9451
99.861
99.3381
99.5446
98.0187
99.2074
99.9373
99.2712
99.3875
99.9406
98.0465
99.9683
99.2892
99.8457
99.9534
99.5128
99.8939
99.9787
99.9595
99.839
99.8986
99.9559
99.8583
99.8388
99.8446
99.6713
99.3878
99.9463
99.9167
99.8876
99.8774
99.9407
99.3284
99.4144
99.8028
99.8457
99.3095
99.9444
99.9496
99.9273
99.8977
99.2857
99.3855
99.8907
97.9798
99.4199
99.2449
99.9184
99.9449
99.6726
99.9579
99.876
99.8953
99.8517
99.8028
99.3803
99.3814
99.8904
99.718
99.8983
99.7898
99.9069
99.2777
99.9283
99.9784
99.9683
99.8843
99.9343
99.9406
99.9352
99.4021
99.9239
99.911
99.3622
99.9367
99.8953
99.8473
98.0478
99.9856
99.9654
99.3748
99.9816
99.9518
99.8766
99.8895
99.954
99.9302
99.9462
99.9856
99.2202
99.8472
99.9469
98.1193
99.9497
99.9444
98.0465
99.9284
99.8457
99.3751
99.9311
99.8541
99.9559
99.8745
99.4021
99.3078
99.9373
99.3589
99.6717
99.6546
99.7543
99.9239
99.9567
99.8943
99.6941
99.9278
99.6834
99.3769
99.5128
99.9272
98.0515
99.2907
99.913
99.7583
98.1193
99.8907
99.2892
99.297
99.9322
99.388
99.3756
99.4018
99.362
99.9093
99.8496
99.9093
99.9438
99.8473
99.3138
99.3408
99.3622
99.9093
99.9909
99.9342
99.3465
99.3163
99.8949
99.3875
99.8766
99.9495
99.9523
99.9272
99.3655
99.9435
99.9651
99.8771
99.8949
99.9651
99.9367
99.6807
99.8883
99.9909
99.6526
99.4579
99.9337
99.9718
99.8446
99.6624
98.0609
99.9516
99.8939
99.2857
99.9567
99.2168
99.388
99.8028
99.9444
99.861
99.8723
99.8496
99.8727
99.9916
99.8178
99.384
99.2705
99.2449
99.6969
99.9322
99.3855
99.9514
99.9225
99.9651
99.313
99.9639
99.9567
99.9909
99.8553
99.9495
99.3976
99.953
99.7583
99.8665
99.8388
99.9552
99.9322
99.6049
99.4021
99.6841
99.3751
99.8999
99.3388
99.3878
99.9632
99.3722
99.949
99.7505
99.8388
99.9567
99.9154
99.8388
99.8912
99.983
99.3878
99.8132
99.839
99.978
99.9515
99.5821
99.905
99.9469
99.8766
99.4579
99.7073
99.9089
99.883
99.9324
99.6546
99.911
99.7073
98.095
99.8984
99.2596
99.9591
99.7543
99.9174
99.8939
99.6969
99.313
99.8665
99.8613
99.3976
99.3397
99.8625
99.9856
99.2862
99.8178
99.8087
99.9475
99.6834
99.954
99.3763
99.3488
99.6834
99.8723
99.8964
99.3635
99.618
99.9322
99.9087
99.6717
99.8854
99.9567
99.3488
99.3409
99.9551
99.8496
99.7265
99.9495
99.8132
99.911
99.3546
99.6692
99.9324
99.3861
99.9651
99.2614
99.9323
99.3011
99.9167
99.2712
99.3801
98.1193
99.9358
99.3748
99.9358
99.9089
99.9462
99.9087
99.8457
98.0736
98.095
99.908
99.8854
99.8317
99.3284
98.144
99.4579
99.8472
99.3756
99.8766
99.9225
99.3388
99.2596
99.3381
99.8865
99.3968
99.6713
99.7932
98.0878
99.3904
99.3634
99.983
99.9358
99.3078
99.3751
99.7643
99.9409
99.3752
99.9358
99.4003
99.3519
99.9784
99.8586
99.332
99.9311
99.3024
99.3488
99.9654
99.911
99.9523
99.9615
99.7898
99.8446
99.9033
99.9409
99.6941
99.3861
99.8132
99.2705
99.907
99.9591
99.6692
99.8665
99.8583
99.3814
99.2449
99.2298
99.7073
98.144
99.3471
99.718
99.9139
99.6917
99.9373
99.6807
99.2712
99.3467
99.9283
99.9239
99.9251
99.9132
99.543
98.1395
99.9324
99.8986
99.8745
99.8586
99.9626
99.8895
99.7898
99.9053
98.0532
99.9472
99.954
99.983
98.1315
99.9323
99.9615
99.9469
99.8895
99.7932
99.418
99.2168
99.7073
99.8541
99.3313
99.2892
99.9651
98.0609
99.8843
99.9342
99.9438
99.9302
99.9368
98.0872
99.8517
99.3431
99.9514
99.8895
99.9916
99.2857
99.4199
99.6917
99.8541
99.3895
99.3968
99.6546
99.9516
99.3142
98.1315
99.6692
99.3685
99.9059
99.3861
99.8999
99.4023
99.7505
99.9302
99.9433
99.3326
99.8865
99.8137
99.9595
99.2978
99.9043
99.9856
99.9441
99.3655
99.8473
99.3763
99.9592
99.9407
99.4136
99.7932
99.8603
99.9174
99.9283
99.8912
99.8625
99.421
99.3914
99.8496
99.8178
99.9503
99.7798
99.4144
99.8724
99.9527
99.949
98.0478
99.2892
99.8949
99.3855
99.332
99.3874
99.3801
99.9651
99.9515
99.9174
99.9324
99.9322
99.6943
99.5128
99.935
99.9406
99.9167
99.8667
99.9515
98.0423
98.144
99.767
99.9016
99.908
99.8977
99.9518
99.839
99.8667
99.3326
99.9087
99.7505
99.2449
99.3895
99.9409
99.2449
99.3138
99.9407
99.3276
99.6807
99.418
99.3467
99.9527
99.8895
99.7643
98.0922
98.0426
99.8625
99.3914
99.9154
99.418
99.9059
99.8583
99.9284
99.935
99.8583
99.3326
99.9605
99.949
99.9407
99.894
99.9139
99.935
99.4144
99.8137
99.2907
99.9069
99.8986
99.9043
99.3756
99.421
99.908
99.2614
99.9435
99.8317
99.9184
99.9518
99.3751
99.9503
99.9053
99.9323
99.33
98.0478
99.4579
99.8555
98.1193
99.7939
98.0423
99.8317
99.2596
99.3519
99.9511
99.3875
99.4492
99.9049
99.9592
99.3605
99.7939
99.4018
98.0588
99.6468
99.9324
99.9239
99.904
99.8723
99.8625
99.4492
99.9591
99.33
99.9016
99.9462
99.9438
99.421
99.9615
99.9683
99.7157
99.9816
99.9495
99.8132
99.5128
99.7898
99.3685
99.3333
99.8586
99.3408
99.7363
99.6969
99.3471
98.0426
99.9451
99.9324
99.917
98.1214
99.4144
99.3365
99.2298
99.3803
99.362
99.6546
98.0922
99.9337
99.8028
99.3655
99.3748
99.9591
99.4236
99.9747
99.388
99.8949
99.8771
99.9324
99.9462
99.8473
99.8317
99.8724
99.8137
99.9591
99.9435
99.8541
99.3381
99.6977
99.9582
99.9087
99.2712
99.9592
99.9143
99.9117
99.8663
99.3284
97.9092
99.3488
99.9184
99.9718
99.8895
99.4492
99.8865
99.7939
99.8799
99.839
99.9106
99.3759
99.8541
99.8663
99.9591
99.6969
99.3095
99.6624
99.4018
99.6049
99.362
99.3409
99.3011
99.8943
98.0423
99.3326
99.9582
99.4144
99.8552
99.9654
99.8724
99.8446
98.1214
99.9055
99.8937
99.6612
99.6834
99.313
99.421
99.3605
99.7363
99.9527
99.9514
99.8609
99.6834
99.9324
98.1214
98.1108
99.8774
99.8663
99.3855
99.3365
99.8555
99.9311
99.8457
99.8694
99.4198
99.9509
98.0478
99.9449
99.9683
99.9503
99.8613
99.3674
99.3605
99.3465
99.9787
99.3968
99.3381
99.418
99.8949
99.6713
99.3895
98.0878
99.9409
99.6692
99.9278
99.3968
99.8178
99.9373
99.9
99.8552
99.9106
99.9407
99.9683
99.9641
99.4018
99.6468
99.6841
99.8665
99.767
99.8771
99.281
99.2862
99.4144
99.8473
99.6717
99.8446
99.9321
99.9365
99.9515
99.9358
99.5872
99.3895
99.9495
99.8541
99.6692
99.8907
99.8986
99.6943
99.543
99.9365
99.4306
99.8648
99.3882
97.9092
99.8843
99.9527
97.8826
99.883
99.3024
99.9373
99.4199
99.3779
99.421
99.3814
99.8745
99.9433
99.2533
99.9361
99.9016
99.3011
99.9635
98.0736
99.9225
99.33
99.8943
99.9374
99.9089
99.3333
99.9366
99.3397
99.3397
99.5821
99.9272
99.8843
99.8132
99.2202
99.8446
99.6049
98.0187
99.9361
99.3774
99.2705
99.6726
99.2712
99.7798
99.9654
99.953
99.676
99.9916
99.3861
98.0922
99.3439
99.9639
99.9087
99.8586
99.9605
99.5128
99.9139
99.4023
99.9497
99.9787
99.9615
99.6917
99.9
99.6807
99.9441
99.9516
99.4023
98.0423
99.9407
99.9595
99.3748
99.9441
99.2298
99.9654
99.618
99.9323
99.6049
99.9475
99.9167
99.9518
99.2978
99.3433
99.3011
99.8895
99.384
99.9916
99.904
99.904
99.917
99.9016
99.9132
99.9909
99.3323
99.9053
99.3276
99.3855
99.9409
99.3685
99.8457
99.9534
99.3874
99.9784
98.0588
99.3763
99.2168
99.3467
99.8912
98.1108
99.6834
99.6049
99.9651
99.9592
98.0588
99.4199
99.3284
99.9435
99.6692
99.3759
99.9184
99.8799
99.9143
99.9503
99.3769
99.9718
99.281
99.9635
99.9463
99.3488
99.8665
99.418
99.9
98.0465
99.8586
99.3895
99.9495
99.3685
99.8727
99.8907
99.9409
99.8766
99.9641
98.0465
99.935
99.4306
99.9747
99.8648
99.9527
99.9523
99.6468
99.3756
99.9523
99.954
99.3095
99.379
99.8603
99.8727
99.3763
99.3779
99.3381
99.9868
99.8137
98.0423
99.8496
99.8178
99.4018
99.883
99.9117
99.9856
99.9509
99.8457
99.9324
99.2202
99.9132
99.8613
99.904
99.6049
99.9497
99.9615
99.9591
99.983
99.9324
99.5446
97.9798
99.8999
99.894
99.2978
99.9053
99.9174
99.9043
99.9582
99.4199
99.421
99.9239
99.8799
99.8665
99.7543
98.0478
99.7073
99.9651
99.4003
99.3381
99.9615
99.9559
99.2805
99.3163
99.936
99.9718
99.8586
99.4021
99.9373
99.9322
99.418
99.2202
99.9518
99.9433
99.7939
99.3546
99.9045
99.8949
99.6941
99.8949
99.9592
98.0515
99.3801
99.8799
99.9249
99.6726
99.3635
99.2449
99.3163
99.4236
99.4151
99.9321
99.2862
99.767
99.9664
98.0423
99.2857
99.9462
99.6969
99.8876
98.0187
99.9366
99.9407
97.8826
99.362
99.9053
99.3769
99.3142
99.2862
98.0515
99.9283
99.907
99.9409
98.0532
99.9451
99.9463
98.0588
99.9239
99.9472
99.9087
99.9632
99.9387
99.3751
99.3904
99.9322
99.8087
99.6692
99.8724
99.9418
99.9787
99.8912
99.3408
99.9272
99.3751
99.8983
99.8957
99.9635
99.9451
99.2168
99.3409
99.3589
98.0588
99.8317
99.983
99.3622
99.9409
99.9043
99.2298
99.4579
99.2712
99.4018
99.9626
99.8541
98.0872
99.9373
99.8937
99.8609
99.9311
99.6526
99.9409
99.908
99.7643
99.9615
99.3488
99.9639
99.9651
99.9225
99.3409
99.9438
98.0426
99.904
99.9595
99.3519
99.3748
99.9747
99.9225
99.9174
99.543
99.9639
99.33
99.8663
99.4579
99.6692
99.33
98.0465
99.6624
99.9463
99.8949
99.6624
99.356
99.4136
99.9527
99.8854
99.3752
99.9045
99.8553
99.5821
99.8028
99.8178
99.8178
99.6692
99.8843
99.281
99.8648
99.9787
99.8317
99.362
99.8865
99.3388
99.9433
99.388
99.8541
99.3722
99.9582
99.8609
99.9087
99.9651
99.9251
97.9092
99.8663
99.6612
99.8771
99.9406
99.8774
98.0872
99.6943
99.3605
99.9909
99.543
98.1408
97.9092
99.3163
99.3488
99.3589
99.9278
99.9444
99.3855
99.9462
99.8028
98.0187
99.3488
98.0878
99.8567
99.9683
99.9503
99.9497
99.9582
99.6692
99.9055
99.8949
99.313
99.9106
99.9045
99.9407
99.9343
99.9093
99.9641
99.676
99.4799
99.3589
99.8648
99.418
99.8609
99.9358
99.8028
99.418
99.9816
99.8132
99.3875
98.1408
99.8939
98.1315
99.8906
99.384
99.3078
99.767
99.6612
99.3875
99.9407
99.8087
99.9916
99.9358
99.767
99.6917
99.8552
99.3763
99.6468
99.313
99.4144
99.3914
99.2907
99.3861
98.0478
99.9909
99.8667
99.3874
99.3323
99.2978
99.2074
99.8583
98.0872
99.3439
99.9595
99.9373
99.3769
99.356
98.1395
99.8953
99.3078
99.384
99.9406
99.3095
99.4151
99.8553
98.0872
99.7643
99.618
99.904
99.9435
99.9406
99.6713
99.3756
99.4018
99.384
99.6612
99.2202
99.4003
99.3875
99.3655
99.3409
99.6612
99.3589
98.0426
99.4151
99.4151
99.3635
99.9352
98.1395
99.3519
99.3365
99.8843
99.913
99.9626
99.8132
99.3546
99.9184
99.3333
99.6807
99.9093
99.2978
99.3774
99.718
99.7643
99.4021
98.144
99.5872
99.3142
99.9302
99.3095
99.4018
99.9503
99.2705
99.908
99.894
99.3433
99.8937
99.9337
99.3763
99.8883
99.9368
98.0515
99.7265
99.9626
99.9567
99.9917
99.7543
99.8586
99.8723
99.3855
99.9582
99.9511
99.9278
99.8943
99.9449
99.9683
99.9444
99.9033
99.4199
99.8553
99.3914
99.9883
99.6546
99.7265
99.8999
99.8895
99.3968
99.9463
99.9632
99.861
99.6468
99.4136
99.4018
99.9433
99.7265
99.9337
99.3752
99.8727
99.9515
99.3803
99.9055
99.3142
99.936
99.8665
98.0878
99.9368
99.936
99.3388
99.8949
99.8984
99.2857
99.9515
99.2892
99.8567
99.9497
99.9322
99.9323
99.9511
99.9107
99.5446
99.8517
99.3752
99.767
98.1408
99.9407
99.3763
98.0878
99.9514
99.5128
99.978
99.936
99.8906
99.9053
99.8865
99.3655
99.9615
99.4799
99.3769
99.9518
99.9551
99.9567
99.917
99.9374
99.3276
99.6969
99.421
99.3326
99.3024
99.332
99.8724
99.3874
99.3471
99.9055
99.2449
99.8766
98.0478
99.9249
99.281
98.144
99.9516
99.9352
99.9
99.2726
99.8883
99.2168
99.9497
99.6834
99.7643
99.2533
99.8854
99.767
99.949
98.0736
99.9444
99.9651
98.0423
98.0423
99.8774
99.3142
98.0922
99.3471
99.3904
99.9909
99.3801
99.9626
99.9045
99.904
99.904
99.9373
99.9374
99.2596
99.935
99.2907
99.9503
99.9877
99.9435
99.384
99.6049
99.8957
99.3968
99.8553
99.954
98.0426
97.8826
98.1108
99.6717
99.313
99.6612
99.2202
99.3605
99.3365
99.861
99.421
99.3748
99.8552
99.33
99.9367
99.9449
99.9615
99.9496
99.9342
99.2449
99.6692
99.9718
99.917
99.543
99.3011
99.9361
99.718
99.908
99.908
99.4199
99.3814
99.9278
99.2705
99.418
99.9582
99.3333
99.4018
99.9518
99.9503
99.2614
99.9592
99.9435
99.2777
99.8865
99.9462
99.894
99.676
99.4136
99.8178
99.913
99.9358
99.904
99.908
99.3763
99.9343
99.9049
99.3388
99.6612
99.9877
99.3409
99.9311
99.379
99.3605
99.3381
99.9016
99.3519
99.2614
99.9463
99.7583
99.8446
99.8937
99.4198
99.9045
98.0465
99.7502
99.3511
99.6717
98.0515
99.8964
99.905
99.9407
99.8472
99.9016
99.9511
99.6717
99.904
99.767
99.9284
99.9664
99.8555
99.7073
99.3801
99.362
99.7939
99.3634
99.8625
99.7543
99.9511
99.2777
99.33
99.9816
99.6717
99.8663
99.8904
99.9409
99.6977
99.8897
98.1395
99.9184
99.9132
99.421
99.33
99.9632
99.8983
99.4198
99.3313
99.6943
99.2168
99.9511
99.8843
99.9117
99.8907
99.3465
99.3861
99.9154
99.911
99.9324
99.9435
99.4799
99.33
99.7643
99.9239
99.9551
99.8087
99.3759
99.718
99.3313
99.8663
99.6612
99.3313
99.8541
99.421
99.3546
99.9322
99.953
99.9632
99.9409
99.3326
99.9784
99.5446
99.9516
99.8907
99.5872
99.3409
99.618
99.953
99.8388
99.6049
99.3779
99.8517
99.3138
99.9132
99.6943
99.3142
99.9787
99.3024
99.4492
99.6692
99.281
99.9515
99.2202
99.9043
99.8457
99.9591
99.3722
99.421
99.8727
99.9045
99.6049
99.9138
99.9373
99.4306
99.9868
99.7643
99.3431
98.1408
99.3779
99.3308
99.6526
99.9654
99.8843
99.3895
99.3968
99.3752
99.9916
99.8897
99.9909
99.954
99.3779
99.9138
99.7643
99.3976
99.9534
99.2726
99.2298
98.1395
99.9438
99.332
99.9366
99.8949
99.8586
99.9511
99.9451
99.9321
99.3674
99.9342
99.3519
99.6977
99.8663
99.8912
99.767
99.3814
99.9515
99.908
99.978
98.0922
99.8799
98.1408
99.9582
99.9718
99.4018
99.883
99.6726
99.3431
99.4021
99.9469
99.9273
99.894
99.7502
99.2533
99.3904
99.9239
99.3276
99.6726
99.3634
99.9045
99.3882
99.3874
98.0515
99.3803
99.9167
99.6468
98.1108
99.3323
99.917
99.3874
99.9225
99.9361
99.2726
99.4306
99.9595
99.8178
99.9361
99.8986
99.9184
98.0922
99.9567
99.9518
99.9472
99.8953
99.8541
99.8999
99.8446
99.9139
99.2907
99.9059
99.9089
99.7157
99.2978
99.3163
99.9365
99.9503
99.9496
99.543
99.3779
99.9495
99.8897
98.0478
97.9634
99.3895
99.3365
99.3635
99.6713
99.9651
99.2862
98.1395
99.6977
98.0515
99.421
99.8771
99.2074
99.8774
99.9518
99.7798
99.8745
99.9518
99.9278
99.3409
99.9582
98.0515
99.6717
99.9877
99.8977
99.9373
99.379
99.9639
99.6713
99.8473
99.3882
99.4199
99.9909
99.6941
99.3751
99.9093
99.9323
99.8472
99.6917
99.3276
99.8517
99.9639
99.9358
99.8388
99.3276
99.9449
99.2978
99.3397
98.0423
99.3904
99.8178
99.9049
99.3397
98.1108
99.9251
99.9184
99.6726
99.8446
99.8854
99.7505
99.4136
98.0478
99.6692
99.911
99.8895
99.9718
99.908
99.9387
99.907
98.0922
99.983
99.8984
99.9117
99.7643
97.9086
99.9916
99.8496
99.9551
99.8895
99.9284
99.6726
99.9856
99.8984
98.0465
99.9358
98.0426
99.9469
99.9053
99.8087
99.8473
99.8583
99.2805
99.8723
99.6468
99.9322
99.5774
99.907
99.3914
99.379
99.9033
99.3431
99.9816
99.3855
99.8137
99.7073
99.953
99.2596
99.3801
99.8907
99.3875
99.9579
99.9343
99.9579
99.6713
99.2862
99.3774
99.8943
99.9033
99.3095
99.8904
99.2202
99.362
99.3655
99.913
99.6726
98.0588
98.1315
99.9055
99.4144
99.2533
99.6345
99.3769
99.3409
99.332
99.8964
99.9365
99.3397
99.9053
99.388
99.2857
99.9049
99.9441
99.936
99.9449
99.8957
99.2533
99.9323
99.8552
99.3769
99.7073
99.8648
99.9322
99.8028
99.8904
99.3308
99.676
98.0515
99.9373
99.281
99.3904
99.9433
99.8964
99.9503
99.3467
99.2614
99.9184
99.2805
99.9249
99.332
99.9273
99.8663
99.2777
99.3323
98.1108
99.9523
99.876
99.6049
99.3471
99.6969
99.3431
99.2168
99.8178
99.9322
99.676
99.5872
99.9069
99.6692
99.4151
99.9049
99.5446
99.9132
99.8949
99.9641
99.379
99.3774
99.7898
99.3722
99.9033
99.4021
99.3895
99.8865
98.1214
99.8541
99.8087
99.4023
99.5128
99.9418
97.9798
98.0609
99.8957
99.3431
99.5821
99.9409
99.3313
99.3163
98.1315
99.8745
99.3751
99.876
99.9469
99.3276
99.421
99.8694
99.9284
99.9747
99.8745
99.9475
99.3763
99.676
99.8648
99.9132
99.9567
99.935
99.6468
99.9225
99.7265
99.3078
99.953
99.9475
99.3313
99.953
97.9798
99.9567
99.9284
99.3685
99.3546
99.8745
99.9518
99.3801
99.8087
99.9373
99.9639
99.4021
99.3635
99.9444
99.6969
99.2805
99.4023
99.9683
99.3752
99.8552
99.4151
99.2857
99.8667
99.9441
99.6468
99.8939
99.9635
99.3365
99.3138
99.3882
99.9787
99.6943
99.3685
99.7265
99.9883
99.9016
99.6612
99.9654
99.3895
99.2705
99.6943
99.8883
99.9225
99.3914
99.6713
99.3323
98.0426
99.3511
99.9321
99.9654
99.332
97.9086
99.911
99.6726
99.9139
99.3937
98.0736
99.4023
99.9117
99.9503
99.6692
99.2978
99.3874
99.9462
99.9352
99.9387
99.8603
99.4003
99.3439
99.3882
99.6692
99.9592
99.9407
99.9322
99.953
99.9251
99.9877
99.2862
99.6692
99.3433
99.9069
99.3769
99.3024
99.332
99.3313
99.8724
99.9154
99.8724
99.9787
99.913
99.767
99.7543
99.6841
99.8028
98.0426
99.9877
99.4023
99.9154
99.3431
97.9634
99.362
99.6941
99.9579
99.917
98.144
99.3511
99.8986
99.9472
99.9615
99.9138
99.9343
99.4151
99.676
99.8897
99.3751
98.0878
99.421
99.8137
99.8843
99.9143
99.9877
99.8457
99.7898
99.9552
99.9322
99.9496
99.9472
99.9449
99.9361
99.8388
99.8555
99.5821
98.0465
99.9579
99.8984
99.3634
99.8766
99.4021
99.9567
99.9718
99.911
99.3814
99.8665
99.9523
99.3313
98.095
99.5872
99.4023
99.9251
98.0872
99.8854
99.7505
99.3634
99.8854
99.9322
98.0187
99.9632
99.3333
98.1108
99.8517
99.8583
99.3589
99.9239
99.7798
99.9496
99.9518
99.2892
98.0532
99.6834
99.9592
99.8771
99.3763
99.8745
99.8663
99.9917
99.2892
99.2705
98.1193
99.6546
99.9515
99.8457
99.3409
99.7643
99.2614
99.5821
99.911
99.3365
99.9343
99.949
98.1315
99.7073
99.9322
99.9272
99.3882
99.3095
99.5872
99.3388
99.9284
99.9582
99.7505
99.5774
99.3095
99.9435
99.9635
99.983
99.9322
99.9784
99.3142
99.861
99.9406
99.3634
99.9368
99.9683
99.9337
98.0478
99.3078
99.9515
99.4018
98.1108
99.9463
99.3078
99.2298
99.3313
99.2862
99.3409
99.6612
99.8388
99.861
99.9438
99.8472
99.9509
98.0187
99.6726
99.983
99.9323
99.983
99.4236
99.9324
99.6624
99.3308
99.7543
99.6807
99.8087
99.8943
98.1395
99.9626
99.2857
99.8774
99.8723
99.8986
99.4199
99.9632
99.9516
99.9184
99.9324
99.7932
99.3801
99.2805
99.907
99.913
99.6977
99.8999
99.618
99.861
99.9249
99.3895
98.0515
99.9441
99.9591
99.8663
99.6969
99.313
99.2805
99.3635
98.1108
99.9523
98.0478
98.0878
98.0588
99.2614
99.9816
99.8567
99.8883
99.543
99.3323
99.905
99.9615
99.3861
99.8876
99.9475
99.9435
99.9472
98.0187
99.356
99.3779
99.9366
99.908
99.9322
99.883
99.9284
99.2726
99.8723
99.5446
99.9138
99.908
98.1315
99.8983
99.6917
99.907
99.3748
99.3465
99.4799
99.421
99.6692
99.3759
99.7898
99.9495
99.6807
99.9358
99.7505
99.9639
99.9916
99.9877
99.8999
99.9462
97.9634
99.6692
99.3779
99.2298
99.2726
99.9654
99.9323
99.9322
99.907
99.8745
99.6977
99.949
99.9367
99.9582
99.8999
97.9086
99.9106
99.2857
99.9632
99.7932
99.421
99.7939
99.7898
99.3861
99.9311
99.8586
99.8999
99.3759
99.8567
99.7583
99.6941
99.8648
99.8517
99.9552
98.0878
99.8999
99.9582
99.8904
99.905
99.543
99.3439
99.6841
99.3433
99.3801
99.3605
99.9787
99.3895
99.8457
99.3408
99.9089
99.4198
98.095
99.3779
99.8446
99.3779
99.8472
99.3752
99.9497
99.9683
99.8904
99.362
99.8087
99.4003
99.6526
99.3803
99.9534
99.8745
99.9361
99.4306
99.9358
99.2596
99.9444
99.6526
99.2805
98.1193
99.8953
99.9087
99.3895
99.3431
99.9626
99.6969
99.9337
99.9495
99.281
99.9069
99.9184
99.6612
99.9592
99.3409
99.839
99.8648
99.8553
99.3756
99.9343
99.936
99.8983
99.8771
99.9367
99.935
99.3722
99.9
99.9154
99.3774
99.8724
99.7363
99.9534
99.8517
99.4151
99.9225
99.8583
99.8865
99.2596
98.1214
99.2298
99.8771
99.9916
99.3756
99.9337
99.9747
99.8953
99.3622
99.8977
98.0609
99.3408
99.953
99.9441
99.9582
99.9059
99.543
99.4198
99.9515
99.905
99.6941
97.9634
99.3313
99.9868
99.9343
99.3431
99.983
99.954
99.9184
99.4306
99.9433
99.618
99.8555
99.8897
99.9856
99.9592
99.9368
99.9632
99.3874
99.8907
99.7073
99.9321
99.3024
99.983
99.3634
99.9784
99.3722
99.9174
99.9515
99.9582
99.9511
99.2298
99.9322
99.2705
99.8984
98.1108
99.861
99.9435
99.907
99.3397
99.9441
99.543
99.8904
98.1408
99.9117
99.9451
99.421
99.9641
99.9184
99.9311
99.2907
99.3937
98.01
99.9567
99.9579
98.0872
99.8586
99.8953
99.6049
99.9868
99.9284
99.3433
99.9582
97.9798
99.8724
99.9069
99.9639
99.362
99.3634
99.8843
99.8984
99.8943
98.1214
99.8774
99.9016
99.7502
99.9534
99.9374
99.9249
99.9284
99.8648
99.5128
99.9239
99.7583
99.9045
99.9664
99.9632
99.3408
99.8473
99.9366
99.6526
99.9342
99.9322
99.9322
99.543
99.2892
99.8895
99.9651
99.8943
99.2978
99.33
99.3882
99.2074
99.767
99.7505
99.8883
99.9441
99.9143
99.8028
99.362
99.2862
99.3748
99.3467
99.9093
99.883
99.9909
99.9406
99.9592
99.9552
97.9086
98.1395
99.7583
99.9632
99.3801
99.9909
99.3968
99.9302
99.6917
99.883
99.9132
99.9438
99.8648
99.3465
98.0515
99.8552
99.953
99.3914
99.8496
99.905
98.0609
99.913
97.9086
99.3605
99.9683
99.9089
99.8457
99.3685
99.362
99.9654
99.7363
99.3284
99.9591
99.9343
99.3138
98.1408
99.9367
99.2168
99.3142
99.9184
99.913
99.907
99.9043
99.905
99.6977
99.6692
99.9239
99.9475
99.2805
99.9117
99.9615
99.7932
99.8517
99.543
98.1193
99.3142
99.3408
99.2857
99.4492
99.418
98.0187
99.8317
99.5128
99.9107
99.9511
99.7505
99.3408
99.8799
99.4492
99.3465
99.8906
99.9322
99.3409
99.3769
99.3138
98.0736
99.7502
99.9595
99.4198
99.9374
98.1315
98.0872
99.9132
99.7363
99.3511
99.9366
99.978
99.9342
99.6612
99.4003
99.8567
99.9503
99.953
99.3968
99.3814
98.144
99.9449
99.936
99.3138
99.8087
99.9654
99.9472
99.7932
99.7502
99.9273
99.3655
99.9582
99.8999
99.3284
99.9342
99.3748
99.5774
99.6345
99.9626
99.7543
99.3685
99.9503
99.3276
99.7583
99.9322
99.9049
99.6345
99.9515
99.7798
99.9239
99.8799
99.3801
99.9249
99.9877
99.6941
99.9496
99.905
98.1408
99.9917
98.0532
99.8723
99.9322
99.9311
99.9615
99.3488
99.3589
99.9514
99.9868
99.9516
99.4492
98.0187
99.9139
99.8883
99.9641
99.3875
99.3674
99.8977
99.9406
99.9582
99.917
99.618
99.3937
99.9472
99.7798
99.9605
97.9634
99.9045
99.8667
99.9321
99.3163
99.9055
99.913
99.8977
99.9511
98.1108
99.2168
99.8517
99.618
99.4018
99.9132
99.8648
99.2712
99.4021
97.9634
99.9322
99.2705
99.9635
99.4003
99.4306
99.8665
98.144
99.421
99.3381
99.8876
99.3752
99.9511
99.8694
97.9634
99.9366
98.1214
99.6713
98.0423
98.0532
98.0736
99.2614
99.3774
99.3635
99.8625
99.3752
99.9592
99.6546
98.0187
99.3763
99.421
99.7265
99.9463
99.3163
99.9365
99.3163
99.3875
99.9106
99.9368
99.8843
99.9503
99.2892
99.7505
99.8317
99.3756
99.9167
99.2705
99.9273
99.9433
98.1214
99.8603
99.9449
99.6969
99.3546
99.2074
98.0532
99.9043
99.3431
99.543
99.3431
99.3976
99.3326
98.095
99.8724
99.3431
99.9579
99.379
99.3365
99.8986
98.0922
99.8552
99.6049
97.9798
99.8983
98.1193
99.9409
99.9239
99.2892
99.8912
99.3634
99.2907
99.9495
99.3622
99.9438
99.8943
99.9641
99.9444
99.8028
99.3622
99.8028
99.911
99.8132
99.876
99.8939
99.8178
99.9514
99.8613
98.1408
99.9059
99.6546
99.978
98.0878
99.6834
99.9049
99.3779
99.6941
99.8613
99.9552
99.4151
99.9225
99.9361
99.9387
99.9093
99.9387
99.718
99.6841
99.676
99.904
99.9055
99.9816
99.8567
99.2712
99.9559
97.9092
98.0478
99.4144
99.8727
99.9352
99.3431
99.8854
99.9551
99.8552
99.894
99.4198
99.418
99.3511
99.8906
99.8895
99.3313
99.3142
99.9139
99.8028
99.8883
99.9016
99.9632
99.297
99.9527
99.3519
99.3605
99.4579
99.3431
99.6692
99.9463
99.911
99.9635
99.9016
99.8609
99.5774
99.3751
99.9683
99.9509
99.7798
99.9272
99.8446
99.7898
99.905
97.8826
99.9916
99.8609
99.9509
99.9016
99.9514
99.6834
99.2596
99.3439
99.3976
99.3313
99.9323
99.2449
98.0922
99.9154
99.9582
99.3333
99.9605
99.8984
99.9284
99.2614
99.861
99.3142
98.0426
99.8964
99.8567
99.9368
99.6969
99.9916
99.9
98.0532
99.8178
99.9069
99.3882
99.281
98.0532
99.3763
99.9567
99.9337
99.9322
99.9225
99.7502
99.9367
99.767
98.0922
99.917
99.8446
99.911
99.9909
99.9787
99.3722
99.8865
99.8541
99.9337
99.9406
99.8567
99.3763
99.8472
99.8694
99.7505
99.4198
99.4151
99.8553
99.9664
99.421
99.9138
99.3488
99.8745
99.297
99.8665
99.8583
99.983
99.9582
99.3801
97.9634
99.9117
99.9139
99.6624
99.9343
99.9567
99.8583
99.6049
99.9049
99.8317
99.9582
99.9284
99.9747
99.9273
99.9273
99.9527
99.9251
99.905
99.9651
99.9343
99.8843
98.144
99.7502
99.8496
99.9683
99.8648
99.9323
99.3381
99.3882
98.0609
99.9106
99.3855
99.9045
99.9374
99.9591
99.9469
99.9559
99.2202
97.9092
99.9582
99.9433
99.6941
99.8766
99.839
99.6834
99.8028
98.0609
97.9092
99.9174
99.3078
99.9883
99.3011
99.297
99.8771
99.3748
99.3078
99.839
99.8983
99.8625
99.6612
98.0736
99.9552
99.6624
99.9435
99.9883
99.3381
99.9917
99.3519
99.8667
99.9174
99.8541
99.2298
99.3685
99.9367
99.9567
99.2614
99.9718
97.8826
99.3488
99.3365
99.4579
99.7363
99.8087
99.917
97.8826
99.9
99.6941
99.3163
99.3976
99.6345
99.3284
99.9635
99.8583
99.5446
99.9509
97.9634
99.9868
99.9883
99.2805
99.9366
99.8964
99.3471
99.5774
99.9567
99.9784
98.0532
99.388
99.6546
99.3519
99.8953
99.3488
99.7502
99.3511
99.9045
99.4136
99.9167
99.8999
99.3024
99.9322
99.3622
98.0426
99.6526
99.7932
98.0588
99.9311
99.883
99.839
99.618
97.9086
99.9518
98.0426
99.9718
99.7157
98.01
99.8648
99.3142
99.4199
99.9143
99.8766
99.9418
99.6917
99.8984
99.3634
98.0515
99.9641
99.3284
97.8826
99.9683
99.5821
99.8665
99.8949
99.5821
99.9367
99.9045
99.3882
99.6717
99.9883
99.8317
99.861
99.7157
99.3875
99.8774
99.894
99.2074
99.9106
99.9367
97.9634
99.8774
99.3409
99.2596
99.9916
99.9387
99.894
99.418
97.9634
99.2614
99.9527
99.4023
99.4151
99.9322
99.8473
99.9582
99.3381
99.7583
99.9787
99.33
99.9093
99.6624
99.4799
99.9579
99.9496
99.3622
99.9337
99.905
99.4236
99.3814
99.3333
99.4236
99.9523
99.8087
99.7157
99.9877
99.9615
99.3333
99.9635
99.9495
99.7543
99.9324
99.9787
99.2596
99.9368
99.894
98.0872
99.3855
99.3365
99.8609
99.8667
99.4144
99.9059
99.8473
99.9582
99.9469
99.8694
99.3769
99.7932
99.9251
99.9787
99.9515
99.908
99.6977
99.8609
99.9323
99.618
99.3431
99.8473
99.3276
99.917
99.6726
99.3381
99.618
99.3803
99.6624
99.3323
98.1395
99.9495
99.3323
99.9626
99.2614
99.9089
99.9444
99.9615
99.9449
99.9509
99.9654
99.6692
99.3323
99.543
99.9143
99.7798
99.7643
99.3855
99.9302
99.9358
99.908
99.4306
99.9107
99.3685
99.3605
99.3874
98.0878
99.421
99.3163
99.9511
99.3976
99.9567
99.9311
99.8087
99.8939
99.384
99.8876
99.9472
99.954
99.3751
97.9092
99.6713
98.0922
99.9043
99.8876
99.8854
99.9087
98.1214
99.4799
99.3323
99.6713
99.8771
99.297
99.9132
99.8745
99.3409
99.543
99.9278
99.9407
99.3138
99.9049
99.9407
99.3467
99.9358
99.9816
99.9579
99.8854
99.911
99.3895
99.9138
98.0922
99.6546
99.9069
99.9016
99.8876
97.9092
99.8496
99.9373
99.9449
99.9877
99.935
99.6468
99.3142
99.6713
99.6692
97.9092
99.9441
99.883
99.3779
99.907
99.8517
99.3674
99.876
99.3774
99.8541
99.983
99.8865
99.3878
98.1108
99.388
99.9055
97.9798
99.3855
99.9534
97.9634
99.6713
99.3605
99.9358
99.9582
99.9249
99.7543
99.9444
99.8473
98.095
99.9816
99.9469
99.8028
99.9523
99.8906
99.9089
99.3635
99.3801
99.8943
99.8999
99.3874
99.8625
99.9358
99.9551
99.883
99.9368
99.2712
99.9373
99.9503
99.9107
99.3914
99.6624
99.905
99.3519
99.4492
99.9441
98.0609
99.936
99.8667
99.9444
99.7505
99.9651
99.9595
99.4021
99.3471
99.2712
99.3801
99.8895
99.3722
99.332
99.2726
99.3976
99.297
99.7939
99.8949
97.9086
99.9323
99.8028
99.9358
99.3874
99.3605
99.33
99.2074
99.4018
99.3622
99.618
99.3674
99.2074
99.8724
99.9225
99.9093
99.9138
99.7898
98.0588
99.8553
99.8799
99.3861
99.3326
98.1193
99.8723
99.5872
99.9579
99.9055
99.9323
98.0878
99.9374
99.9167
99.9322
99.8897
99.8667
99.3976
99.421
98.144
99.2705
99.8178
99.9747
99.9626
99.3408
98.0532
99.8895
99.8137
99.9358
99.9747
99.9497
99.9551
99.8087
99.9868
98.1315
99.8694
99.9107
99.9053
99.8541
99.8876
99.8317
99.3937
99.9664
99.8603
99.2978
99.4579
98.1108
99.9496
99.9249
99.9407
99.3326
99.9497
99.978
99.8999
99.8132
99.9567
98.0423
99.7363
99.3142
99.9552
99.7157
99.3589
99.9089
99.9283
99.9567
99.2857
99.3634
99.8937
99.3814
99.9418
99.4492
99.8727
99.9534
99.904
99.4144
99.3937
99.3381
99.917
99.3814
99.917
99.9591
99.388
99.6917
99.9444
99.9515
99.9045
99.9373
99.9055
99.281
99.8663
99.6969
99.9917
99.9472
99.9582
99.9107
99.9518
99.6345
99.6049
99.3465
99.9053
99.9225
99.9373
99.907
99.9311
99.9053
99.3685
99.9324
99.8724
99.9139
99.8906
99.3779
99.8906
99.9343
99.9311
99.3284
99.4306
99.9323
99.9449
99.9174
99.9
99.8745
99.7157
99.9107
99.4023
99.9043
99.9117
97.9798
99.9495
99.3467
99.8977
99.9654
99.9592
99.8555
99.9567
97.9798
99.3874
98.0426
99.9579
99.7939
99.7502
99.8552
99.3722
99.9816
99.9239
99.3634
99.9463
99.8517
99.4306
99.9449
99.3388
99.6612
99.9016
99.983
99.911
99.3142
98.0878
99.8964
99.9516
99.9387
98.0922
99.9605
99.8977
99.3397
99.8939
99.9367
99.9
99.3142
99.9069
99.8774
99.8087
99.8553
98.1108
99.9438
99.9518
99.3801
99.3024
99.9302
99.3751
99.8727
99.9605
99.8843
99.3752
99.6807
99.3467
99.9516
99.9373
99.6612
99.9523
99.2726
99.7543
99.8553
99.3751
99.9475
99.297
99.7932
99.3882
99.6692
99.2777
99.9278
99.8943
99.6049
99.6692
99.9615
98.0426
99.2907
99.388
99.3431
99.3634
99.3381
99.9045
99.3409
99.8028
99.9475
99.3605
99.6468
99.3752
99.3323
98.0465
97.9092
99.7932
99.9552
99.618
99.3284
99.8937
99.9239
99.6969
99.8745
99.5128
99.9406
99.3685
99.8137
99.8663
99.9069
99.3519
99.8388
99.8774
98.0878
99.9049
99.9374
99.9059
99.8553
99.8553
99.3763
98.1193
99.2168
99.9139
99.905
99.8999
99.4306
99.9523
98.0872
99.3326
99.3803
98.0922
99.8949
99.3622
99.904
99.8937
99.9053
99.3878
99.2074
99.3814
99.7073
99.3814
99.543
99.8895
99.3937
99.3759
99.9373
99.3439
99.3431
98.1193
99.9322
99.3634
97.8826
99.3078
99.3685
99.9856
99.9
99.3895
99.8028
99.6969
99.9249
99.7939
99.9534
99.3488
99.9361
99.9444
99.3855
99.9496
99.983
99.9605
99.8473
97.9086
99.9626
99.8883
99.3488
99.418
99.9433
99.5821
99.3408
99.3519
99.3779
99.4306
99.917
99.9518
99.281
99.9635
99.9342
99.9174
99.8552
99.6546
99.8865
99.3937
99.9595
98.01
99.9552
99.8876
99.9868
99.8949
99.3968
99.8317
99.8583
99.8724
99.356
99.9352
99.3722
99.418
98.1395
99.8132
99.3276
99.9167
99.9883
98.0588
99.9632
99.8843
99.9582
99.3431
99.3546
98.0922
99.8799
98.0187
99.8517
99.2074
99.7157
99.4236
98.0872
99.9089
99.33
98.0423
99.3803
99.8087
99.8984
99.3937
99.978
99.7543
98.0515
99.3752
98.0609
98.0588
99.9462
99.3722
99.4198
99.9322
99.9167
99.9641
99.9435
99.3634
99.9559
99.3408
99.7643
99.9337
99.767
99.9718
99.8799
99.9856
99.8774
99.9055
97.9086
98.0878
99.9311
99.3431
99.8552
99.9883
99.3635
99.908
99.8137
99.9055
99.9747
99.3634
99.8904
98.0423
99.2892
99.9055
99.8648
99.3622
99.3895
99.2596
99.2712
99.8986
98.1214
98.0423
99.7898
99.3861
99.8766
99.8665
99.9463
98.1408
99.9049
99.9283
99.9089
99.8555
99.3861
99.8613
99.6717
99.3284
99.9174
99.5774
99.7583
99.384
99.3878
99.618
99.949
99.9251
99.8799
99.6943
99.9433
99.9883
99.8517
99.8904
99.3634
99.3333
99.2449
99.3519
99.5821
99.9366
99.9284
99.9595
99.3605
99.9495
99.935
99.8953
99.9787
99.4306
99.3333
99.9143
99.3467
99.9909
99.3381
99.5128
99.9374
99.9868
99.6692
99.9324
99.8937
99.7265
99.6345
99.9515
99.767
99.2298
99.3685
99.8555
99.9552
99.9654
99.2726
99.3748
99.7583
99.3748
99.4018
99.3968
99.7543
99.3431
98.1408
98.0465
99.9361
99.6943
99.3914
99.9917
99.4306
99.9654
99.332
99.9462
99.2978
99.3895
99.3138
99.676
99.3756
99.8912
99.9595
99.9284
99.3655
99.8555
99.9877
99.8865
99.2712
99.543
99.9438
99.3511
99.6692
99.6345
99.9184
99.9462
98.095
99.9352
99.6807
99.6692
99.9352
99.9435
98.0187
98.0515
99.3409
99.9374
99.3546
99.9718
99.3408
99.3769
99.9322
99.9366
99.9534
99.9016
99.8883
99.3774
99.8771
99.421
99.6917
99.6692
99.9495
99.6468
99.3095
99.861
99.3308
99.3095
99.9278
99.8897
99.904
99.6468
99.3431
99.421
99.3284
99.9523
99.356
99.6049
97.9634
99.9352
98.0878
99.2298
99.4151
99.6713
98.1395
99.9497
99.9045
99.767
99.908
99.3313
99.9069
99.8876
99.9475
97.9634
99.8665
99.8517
99.3078
99.3078
99.5872
99.9367
99.8865
99.8724
99.4199
99.3409
99.3388
99.3313
99.9495
99.8648
99.9033
99.9
99.6526
99.9582
99.8949
99.9551
99.9373
99.9366
99.3763
99.3163
99.7543
99.6546
99.9069
99.9374
99.9342
99.2596
98.1214
99.9043
99.9856
99.7932
99.8771
98.0736
99.9283
97.9634
99.3904
99.9132
99.3674
99.8178
99.4023
99.8865
99.908
99.9323
99.3431
99.2074
99.7363
99.978
99.543
99.905
99.9909
99.9106
99.3622
99.9559
99.718
99.9592
99.3095
99.3855
99.4151
99.3655
99.9059
99.9462
99.9273
99.3937
99.3546
98.0515
99.4021
99.9322
98.0609
99.8983
99.8613
99.8178
99.9418
97.9086
99.9683
99.908
99.9365
99.418
99.8964
98.1193
99.904
99.3751
99.9278
99.3895
98.0736
99.9358
99.3138
99.8727
99.8977
99.379
99.861
99.3138
99.3685
99.9093
99.8552
99.9635
99.8472
99.8553
99.8876
99.8943
99.9579
99.9654
99.8957
99.3323
99.9358
99.3433
99.4136
99.9045
99.9107
99.3855
99.9406
99.3722
99.7265
99.913
99.7363
99.839
97.9634
98.0922
99.3397
98.0187
99.9516
99.3078
99.9534
99.9433
99.8727
99.3095
99.6941
99.2298
99.3323
99.9016
99.9139
99.9472
99.9438
99.949
99.9605
99.9311
99.8943
99.3878
99.388
99.8694
99.421
99.3779
99.7583
98.0922
99.9523
97.9092
99.9373
99.8964
99.6713
99.3511
98.0426
99.3634
99.839
99.8953
99.3546
99.3142
99.9358
99.9435
99.8496
99.8943
99.9302
99.332
99.8567
99.2907
99.9059
99.2978
99.9323
99.9441
99.8895
99.7543
99.3759
99.3748
97.8826
99.9497
99.949
99.4199
99.9518
99.3968
99.9239
99.3756
99.356
99.3937
99.8977
99.8854
99.8984
99.3024
99.8317
99.767
99.4579
98.0478
99.2533
99.421
99.33
99.3874
99.4579
99.7265
99.2705
99.2168
99.9239
99.9511
99.4306
99.6841
99.954
99.356
99.8723
98.1315
98.0872
99.9435
99.9225
98.1315
99.3433
99.907
99.9559
99.6807
99.9342
99.9406
98.0515
99.4144
99.9045
99.4136
99.9469
99.9514
99.7798
99.3801
99.9463
99.9787
99.3622
98.1395
99.379
99.6941
99.9654
99.297
99.861
99.9449
99.2978
98.144
99.7643
99.3882
99.3855
99.9868
99.4306
99.6049
99.8904
99.917
99.6717
99.6612
99.9632
99.3284
99.8907
99.2168
98.0478
99.8517
99.7073
99.384
99.8663
99.9323
99.4492
99.9107
99.3751
99.3397
99.3756
99.9567
98.01
99.9278
99.8132
98.1315
99.8986
99.3875
99.913
99.4306
99.3439
99.9592
99.4151
99.9591
99.3759
99.8953
99.8727
99.9449
98.0609
99.9523
99.9626
99.9406
99.3756
99.9559
99.6624
99.8625
99.8939
99.8694
99.4306
99.3409
99.3861
99.4151
99.3138
99.978
99.907
99.978
99.9514
99.983
99.7583
99.9567
99.418
99.9883
98.0426
99.8473
99.936
99.2892
99.9527
99.4579
99.9444
99.8724
99.9321
99.8723
99.421
99.9515
99.936
99.8586
99.3874
99.2777
99.3801
99.894
99.9433
99.3439
99.9251
99.6526
99.9718
99.9358
99.2074
99.9167
99.954
99.3814
99.4003
99.8132
99.8774
99.9516
99.3814
99.388
99.618
99.3397
99.2777
99.9033
99.9117
99.2298
99.9365
99.6943
99.332
98.0588
99.8745
99.8388
99.911
99.3519
99.8567
97.9634
99.3655
99.9322
99.9409
99.3752
99.9433
99.935
99.9509
99.9683
99.9251
99.9239
99.3855
98.144
99.904
99.8957
99.9069
97.9086
99.904
99.9311
99.6943
99.3465
99.9582
99.8087
99.9518
99.8317
99.543
99.3937
99.9273
99.5774
99.3904
99.9089
99.8939
99.8907
99.9605
99.5774
99.3284
99.9497
99.3431
99.7798
99.9302
99.8904
99.8087
99.3634
99.3685
99.2168
99.8317
98.1214
99.3138
99.6969
99.9033
99.9045
99.8983
99.8843
99.9462
99.2726
99.9321
98.0478
99.6726
99.3874
99.8724
99.6969
99.3874
99.9367
99.8771
99.3605
99.8983
99.8663
99.33
99.3471
99.861
98.1108
99.8694
99.9559
99.3431
99.8904
99.9361
99.9174
99.9069
98.144
99.9509
99.8943
99.8766
99.388
98.0187
99.6977
99.9273
98.0588
99.7643
99.2168
99.907
99.8667
98.095
99.7643
99.9311
99.9284
99.6943
99.8586
98.0872
99.3878
99.3801
99.8984
99.3769
99.3465
99.9503
98.0426
99.9877
98.1315
99.3323
99.9632
99.3756
97.9798
99.9868
99.2978
99.2726
99.718
99.8904
99.949
99.9816
99.6717
99.9322
99.8586
99.9916
99.9106
99.3756
99.9883
98.1395
99.9093
99.9373
97.9092
99.2857
99.3308
98.095
99.8895
99.3914
99.883
99.7798
99.9567
99.8949
99.3284
98.0922
99.8472
99.3895
99.8625
99.5128
99.4021
99.3163
99.9747
98.1193
98.0515
99.8912
99.9515
99.3722
99.949
99.4236
98.0515
99.767
99.3634
99.4198
99.7363
99.9139
99.3326
99.4151
99.861
99.8137
99.3814
99.9374
99.3605
99.9441
99.8907
99.3284
99.9444
99.9635
99.7363
99.9059
99.9664
99.2857
99.9387
99.9433
99.3388
98.0878
99.3471
99.7543
99.9435
99.3756
99.9366
98.0515
99.362
99.3774
99.9087
99.9167
99.9883
99.9154
99.9087
99.876
99.8906
99.3381
99.9632
99.362
99.8553
98.0478
99.7543
99.6612
99.3313
99.978
99.9472
99.7502
99.8178
99.3431
99.9433
99.3874
99.7265
99.3589
99.3397
99.8843
99.8904
99.911
99.6692
99.384
99.2449
99.3875
99.9368
99.8388
99.6941
99.9251
99.2726
99.3655
99.2074
99.9373
99.388
98.095
99.2726
99.9053
99.8895
97.9634
98.0878
99.2712
99.3882
99.8986
99.3095
99.9352
99.9635
99.3937
99.8957
98.0187
99.7157
99.9534
99.9534
99.9311
99.917
99.3875
99.2168
99.2705
99.9433
99.3546
99.954
99.9342
99.9567
99.9302
99.936
99.9472
99.9283
99.3875
99.936
99.356
99.3685
99.4021
99.8648
99.8724
99.9497
99.3078
99.2168
98.0532
99.8517
99.8876
99.7798
99.6692
99.7543
99.9433
99.9373
99.421
99.6692
98.1193
99.9418
99.2907
99.9909
99.9514
98.1108
99.9284
99.3882
99.8843
99.9407
99.3397
99.4579
99.7073
99.9323
99.297
99.3878
99.6624
99.2533
99.9496
99.6546
99.9651
99.3381
99.9132
99.8912
98.0515
99.9368
99.7898
99.5446
99.313
99.9747
99.9509
99.2168
99.9059
99.8799
99.8906
99.2907
99.2777
99.8137
99.9409
99.9518
99.8496
99.8555
99.9016
99.6841
99.9582
99.908
99.9582
99.8895
99.9909
99.905
99.8472
99.3748
99.2907
99.5872
99.8953
99.907
99.6717
99.9323
99.9514
99.9718
97.9086
99.6717
97.9086
99.3326
99.9449
99.3397
99.421
99.8906
99.9497
99.8957
99.9641
99.9552
99.2533
99.6692
99.7583
99.9406
99.8876
99.6713
99.9365
98.1408
99.6807
99.2857
99.7583
99.9106
99.3589
99.8567
99.3937
99.3078
99.6612
99.3388
99.9916
99.9167
99.2596
99.3874
99.8667
99.3365
99.9273
99.5774
99.3756
99.7363
99.8473
99.8137
99.362
98.0609
98.0423
99.7073
99.3914
99.9283
99.953
99.8766
99.935
99.3408
99.905
99.6917
99.3937
99.3803
99.3365
99.3323
99.3722
99.3313
99.3078
99.8583
99.3381
99.362
99.9143
99.9154
99.9033
99.9591
99.3409
99.8766
99.7502
98.1193
99.281
98.1315
99.9321
99.8667
99.3467
98.1214
99.9055
99.8517
99.3674
98.0532
99.4151
99.4198
99.839
99.3937
99.6726
99.911
99.3276
98.0872
99.9087
99.4144
99.8986
99.6692
99.9322
99.3878
99.4198
99.3433
99.718
98.144
99.3976
99.8028
99.913
99.6526
99.3408
99.905
99.3326
99.3904
99.2298
99.8388
99.3895
99.3519
99.618
99.9055
98.1108
99.6807
99.3855
99.3861
99.904
99.9059
99.8865
98.0532
99.8694
99.3431
99.9463
99.883
99.2705
98.1408
99.3409
99.3431
99.8999
99.978
99.2449
99.9343
99.9435
99.3914
99.362
99.3465
99.9917
99.7502
99.8388
99.3937
99.8906
99.9816
99.9605
99.8957
99.905
99.8552
99.8964
99.3326
99.3467
99.905
99.8745
99.4579
99.9816
99.9552
99.9273
99.9
99.8949
99.767
99.8694
99.6624
99.9683
98.0588
99.618
99.4023
99.8473
99.4018
99.3774
99.4199
99.2705
99.676
99.9033
99.332
99.9249
99.2978
99.6546
99.9358
99.3408
99.9143
99.9511
99.3756
99.9361
99.9321
99.9592
99.3674
99.978
99.362
99.6526
99.3546
99.9361
99.9322
99.8953
99.9909
98.0588
99.4236
99.9174
99.4023
99.8949
99.8028
98.1108
99.4144
99.8939
99.8665
99.9516
99.9302
99.3313
99.421
99.9167
99.8446
99.5872
99.3488
99.9641
99.9567
99.9374
99.3323
99.9117
99.9239
99.3722
99.2202
99.9787
99.3431
98.0878
99.3138
99.8609
99.8865
99.3511
99.8473
99.7939
99.9516
99.2202
98.1214
99.883
99.8609
98.1395
99.9495
99.4151
99.9284
99.9322
99.9433
99.388
99.9418
99.6943
99.3323
99.3634
99.911
98.0478
99.8799
99.9463
99.3814
99.6834
99.3976
99.8609
99.9045
99.2726
99.9387
99.8473
98.0478
99.9311
99.3381
98.1408
98.01
99.9523
99.9664
99.8609
99.8953
99.421
99.9352
99.9441
99.9174
99.8906
99.8663
99.935
99.9641
98.1193
99.384
99.3397
99.978
99.9284
99.3138
99.718
99.6807
99.4198
99.9284
99.7265
99.6717
99.9323
99.8724
99.9033
99.9511
99.7898
99.9511
99.9472
99.8774
99.9509
99.9444
99.8774
99.8983
99.9117
99.8953
99.7798
99.9324
99.9368
99.4136
99.9567
98.095
99.8724
99.9343
99.839
99.8388
99.8937
99.421
99.3914
99.9496
99.9784
99.3276
99.5872
99.9503
99.4306
99.9342
99.935
99.9641
99.3078
99.8667
99.3875
99.8771
99.9409
99.3904
99.4579
99.2614
99.3409
99.5446
99.3409
99.9639
99.3313
99.3323
99.3914
99.4492
99.917
99.9534
99.8897
99.8087
99.6977
99.6526
99.9444
99.8473
99.6941
99.9917
99.9225
98.0515
99.917
98.1408
99.8553
99.3756
99.3465
99.418
99.9856
99.9322
99.6807
99.5128
99.3409
99.3388
99.9516
99.8766
99.3488
99.8957
99.907
99.3467
99.3976
99.8473
99.908
99.3471
99.718
99.8613
99.9283
99.9
99.936
99.3937
99.9059
99.9138
99.8843
99.4199
98.0532
99.8496
99.7363
99.3752
99.4579
99.6624
99.8964
99.9435
99.3431
99.3333
99.2168
99.5128
99.9527
99.9475
99.3801
99.4306
99.3904
98.1108
99.9551
99.9683
99.9365
99.297
99.9016
99.4144
99.9511
99.9278
99.3284
99.9368
99.9069
99.2978
99.332
98.095
99.281
99.3756
99.8132
99.356
99.9167
99.4198
99.3589
99.3313
99.9387
98.1108
98.0465
99.2857
99.7502
99.6726
99.8876
99.421
99.9225
98.0878
99.6345
99.3634
99.3439
99.4136
99.3365
99.9418
99.5821
99.3519
99.6624
99.8895
99.9856
99.7157
99.5872
97.9092
99.883
99.9239
99.3751
99.6807
99.978
99.3722
99.8771
99.9093
99.6546
99.9138
99.5872
98.0187
99.384
99.9509
99.6713
99.3855
99.917
99.9251
99.4021
99.3465
99.9374
99.9856
99.3779
99.9322
99.332
99.3276
99.8724
98.0515
99.9615
99.8957
99.3431
99.3622
99.4579
98.0187
99.9343
99.3471
99.9552
99.9368
99.917
99.356
99.9167
98.0922
99.4003
99.767
99.8517
99.9551
99.8912
99.911
99.8583
99.9365
99.9451
99.2074
99.9132
99.4144
99.388
99.3467
99.6468
98.0515
99.8553
99.904
99.9069
99.4144
99.9138
99.7502
99.861
99.8723
99.9387
99.3142
99.8843
99.7265
99.9664
98.144
99.8774
99.421
99.3878
99.9059
99.8799
99.2777
99.9784
99.9365
99.9337
99.9567
99.9816
99.8457
99.9324
99.9856
99.3774
99.9045
99.911
99.9495
99.8939
99.9278
99.2712
99.9435
99.4306
99.8648
99.9683
99.8907
98.0423
99.6612
99.6612
99.2298
99.9367
99.4018
99.3635
99.3546
99.7073
99.356
99.8555
99.9367
99.9518
99.904
99.8553
99.2596
99.6049
99.8949
99.3855
99.8694
99.7265
99.8388
99.9322
99.9406
99.7643
99.8986
99.8854
99.9358
98.0532
99.8854
99.9475
99.2712
99.9321
99.8854
99.4198
99.5821
99.3431
99.9909
99.2907
99.2907
99.4198
99.9639
99.935
99.3674
99.3323
99.3409
99.8388
99.9373
99.9534
99.8897
99.6807
99.3622
99.9273
99.7505
99.908
99.3488
99.8883
99.8496
99.8541
99.6969
99.2705
99.8895
99.5774
99.8774
99.9632
99.4198
99.8724
99.9449
99.978
99.8843
99.9595
99.4003
99.9184
98.1408
99.9016
99.9567
98.0922
99.9527
99.3875
99.6917
99.8473
99.9451
99.9342
99.388
99.3751
99.9916
99.9579
99.9567
99.8555
99.4018
99.3878
99.3801
99.6713
99.9409
99.9475
99.3388
99.9337
99.2978
99.8906
99.9053
99.9591
99.3381
99.3439
99.9055
99.9409
99.7502
99.7643
99.9167
99.8583
99.8876
99.8724
99.313
99.9451
99.7363
99.8609
99.3431
98.1408
99.3634
98.0878
99.8949
99.9435
99.9249
99.767
99.9605
99.9515
99.9278
99.9283
99.767
99.9154
99.3674
97.9798
99.3622
99.6717
99.8854
99.3388
99.8906
99.5872
99.418
99.913
99.9664
98.1193
99.8132
99.4579
99.8983
99.8663
99.9342
99.9438
98.1193
99.7898
99.861
99.8132
99.9311
99.9322
99.3313
99.9592
99.6917
99.9367
99.3163
98.0872
99.6717
99.4023
99.6717
99.6841
99.6345
99.3471
99.861
99.8983
99.3751
99.953
99.8745
99.8496
99.9138
99.908
99.3605
99.4306
99.3439
99.2857
98.1315
99.6546
99.421
99.9324
99.3968
98.0532
99.8883
99.9373
99.3769
98.0878
99.9641
99.9089
99.9509
99.3323
99.9441
99.3078
99.8953
99.9615
98.144
99.6977
99.8667
99.8028
99.9174
99.9462
99.3433
99.9322
99.9043
99.8472
99.9272
99.3024
99.8583
99.8028
99.3467
98.0872
99.9053
99.421
99.9311
99.362
99.8567
99.7939
99.3752
99.9515
99.8865
99.839
99.8603
99.8496
99.6977
99.3855
99.8937
99.9143
97.9634
99.9322
99.7505
99.8446
99.362
99.3801
99.5872
99.9552
99.2712
99.3801
99.9323
99.8939
99.8457
99.7798
99.6713
99.9321
99.3874
99.9358
99.6841
99.8937
99.2596
99.8028
99.8854
99.3803
99.9302
99.3488
99.9358
99.3519
99.9523
99.9527
99.9435
99.9138
99.9497
99.5821
99.9284
99.9497
99.4199
99.9053
99.9641
99.9451
98.0588
99.904
99.9406
99.3779
99.983
98.0423
99.9343
99.9278
99.8771
97.9086
99.9435
99.9167
99.8774
99.7265
98.1108
99.3756
99.908
99.2705
99.421
99.3078
99.3284
99.3511
99.3388
99.421
99.3635
99.9509
99.8496
98.0922
99.3465
99.8727
99.8583
99.281
99.4021
99.3381
97.8826
99.5774
99.9559
99.3433
99.9635
99.2298
99.9534
99.7643
99.6917
98.1408
99.3756
99.9358
99.8552
99.8766
99.8586
99.9366
99.7073
99.3722
99.983
99.9635
99.9718
99.3308
98.1214
99.4136
99.9615
98.095
99.9337
99.9361
99.9527
99.908
99.9592
99.3801
99.9283
99.9138
99.9909
99.9033
99.9409
99.9406
99.8552
99.9856
99.908
99.9605
99.4236
97.8826
99.3465
99.421
99.4023
99.8904
98.1408
99.8648
99.9106
99.767
99.6943
99.6807
99.9407
99.9154
99.8137
99.9016
99.9441
99.4003
99.8087
99.8906
99.9311
99.911
99.9909
99.676
99.8912
99.3801
99.9323
99.332
99.9787
99.3011
99.9272
99.2202
99.3874
99.8799
99.9409
99.9249
99.8907
99.9438
99.2857
99.8723
99.936
99.8665
99.718
99.676
99.7643
99.9475
99.7939
99.9367
99.9049
99.9639
99.7643
99.9433
99.9049
99.9251
99.9592
99.3763
99.4003
99.2777
99.8876
99.8665
99.9311
99.9174
99.3095
99.9816
99.911
99.8937
99.9523
99.3381
99.3748
99.9511
99.8603
99.8457
99.9909
99.3968
99.2862
99.8999
99.3801
99.5128
99.3976
99.8132
99.8178
99.3142
99.9343
99.7798
98.01
99.8727
99.9368
99.3769
99.9167
99.9055
99.281
99.9322
99.9816
99.3814
99.3078
99.9462
99.9534
99.2978
99.7073
99.894
99.9552
99.978
99.9059
99.978
99.9641
99.3874
99.3024
97.9798
99.2298
99.8609
99.6834
99.8854
99.949
97.9086
99.9787
98.1214
99.9251
99.418
99.767
99.3878
99.2857
98.0878
99.9337
99.9527
99.8603
99.2777
98.0478
99.2168
99.3895
99.6526
99.9497
99.3408
99.6969
99.3895
99.4306
99.4306
99.8953
99.7502
99.8939
98.0736
99.3433
98.0609
99.3511
99.8553
99.9856
99.953
99.3323
99.9322
99.6612
99.3895
99.356
99.9373
99.9784
99.3142
98.095
99.9496
99.3756
99.9251
99.3326
98.0878
99.9438
99.384
99.3801
99.6917
99.3855
99.9641
99.9406
99.6624
99.3774
99.911
99.8897
99.9358
99.9449
99.356
99.3801
99.2298
99.8907
99.8937
99.7073
99.9632
99.6692
99.8087
99.9475
99.3904
99.8457
99.8132
99.3439
99.8473
99.9174
99.8865
99.9433
99.2614
99.9496
99.9567
99.9322
99.3895
99.8949
99.3814
99.983
99.6049
99.4021
99.8865
99.6917
99.8087
99.6624
99.3323
99.4136
99.8665
99.9433
99.839
99.3779
98.0609
99.4151
99.8745
99.8388
99.8943
99.9365
99.3855
98.1214
99.3674
98.1193
99.7583
99.8552
99.911
99.904
99.6692
98.0423
99.3882
99.6345
99.8132
99.767
99.9567
99.9373
99.8724
99.5821
99.3163
99.9033
99.9374
99.9407
97.9634
99.9143
99.3488
98.0478
99.9418
99.9592
99.5821
99.9523
99.9435
99.5872
99.4136
99.9239
99.978
99.9552
99.8897
99.9592
99.9651
98.0922
99.8939
99.9683
98.0872
99.8555
99.9626
99.3142
99.9043
99.9406
99.9816
99.5774
99.3674
99.2777
99.618
99.9511
99.9373
99.953
99.8317
99.3397
99.3488
99.8132
99.9089
99.3408
99.3895
99.3439
99.913
99.9433
99.3605
99.9323
99.9117
99.9374
99.281
99.2614
99.3752
99.7265
99.4306
99.9917
99.6624
99.883
99.3433
99.8766
99.9639
99.9321
99.9323
99.3011
99.8876
98.0878
99.9387
99.9496
99.9469
99.3622
99.8904
99.9342
99.4021
99.3011
99.9016
99.297
99.33
99.8799
99.9463
99.9552
99.3431
99.9784
99.9552
99.2712
99.9591
99.3323
99.9527
99.9343
98.0588
99.8999
99.9784
97.9634
99.3685
99.9523
97.9086
99.3078
99.9117
99.8977
99.9117
99.3488
99.2614
99.3855
99.4199
99.908
99.9283
99.9053
99.6917
99.8723
99.418
99.297
99.9322
99.9654
99.3976
99.6624
99.2202
99.3605
99.421
99.6692
99.9069
99.3914
99.861
99.8904
99.9251
99.8723
99.9132
99.894
99.5821
99.2777
99.6941
99.9559
98.0872
99.3779
99.9167
99.8567
98.0532
99.3875
99.384
99.618
99.7932
99.421
99.9342
99.978
99.9365
99.9366
99.8984
99.3801
99.9
99.4003
99.9511
99.9475
99.3914
99.935
99.7505
98.0515
99.3855
99.3546
99.7265
99.3759
99.9909
99.9043
99.3937
99.9284
99.9909
99.9605
99.8843
99.9651
99.9059
99.3011
99.3685
99.8609
99.362
99.4136
98.0465
99.9567
99.3769
99.9579
99.9368
99.9916
99.9438
99.4236
99.8028
98.0426
97.8826
99.9784
99.9342
99.379
99.9496
99.9273
99.8843
99.9311
99.618
99.8457
99.9418
99.7939
99.9567
99.767
99.3284
99.2074
99.9916
99.6941
99.543
98.1108
99.9
99.313
99.4579
99.9518
99.9059
99.9343
99.6345
99.6841
99.9579
99.3779
99.3519
99.9469
99.8766
99.9374
99.8496
99.332
99.9816
99.8724
99.356
99.907
99.9909
99.3365
99.9632
99.7543
99.9527
99.4018
99.9138
99.9651
99.6977
99.2449
99.9283
99.9909
99.9909
99.2533
99.3874
98.1193
99.9591
99.9302
99.9635
99.9167
99.954
99.332
99.9868
99.9043
97.8826
99.9367
98.0878
99.4023
99.3722
99.9059
99.8552
99.5446
99.3874
99.9475
99.8843
99.917
99.3855
99.3861
99.6612
99.3333
99.9087
99.3914
99.8724
99.8983
99.907
99.2777
99.861
99.3752
99.9605
97.9092
99.3095
99.3511
99.9249
99.9272
98.0588
99.362
99.9595
99.9154
98.0532
99.421
99.6807
99.356
99.9472
99.6526
99.9049
99.3875
99.9591
99.9139
99.3605
99.3803
99.8317
99.8843
99.3333
99.3276
98.0515
99.9472
99.9311
99.9916
99.8137
99.9418
99.6941
99.9407
99.7505
99.8553
99.7157
99.8904
99.9321
99.9635
98.0426
99.3546
99.9552
99.9368
99.718
99.839
99.6692
99.9496
99.9534
99.9567
99.9069
99.384
99.8912
99.3748
98.0878
99.3024
99.297
99.6713
99.8517
99.8457
99.9337
99.4306
99.6692
99.7643
99.8541
99.7363
99.8907
99.421
99.917
99.8388
99.8865
99.4021
99.9251
99.8667
99.954
99.6049
98.144
99.4144
99.8937
99.8904
99.9595
99.9107
99.8028
99.9552
98.095
99.8583
99.8984
99.3875
99.3748
99.4136
99.3622
99.8388
99.978
99.9069
99.3968
99.8137
99.8897
99.8949
99.8937
99.9856
99.3756
99.9514
99.8983
99.953
99.9302
99.6969
99.8957
99.9106
97.9798
99.9551
99.9167
99.33
98.0878
98.0478
99.9322
99.3748
99.3779
99.4018
99.9033
99.2862
99.9373
99.894
99.3779
99.9138
99.9324
99.9251
99.388
99.8178
99.9387
99.7643
98.1214
99.9515
99.8906
99.9444
99.9626
99.2726
99.3634
99.4144
99.9117
99.3674
99.4198
98.0588
99.9683
98.0515
