98.1725
98.5699
98.3839
96.8067
98.9008
96.8406
98.9626
98.2063
98.3577
98.1389
98.4143
96.7963
99.2685
96.7862
98.7556
98.8803
98.8335
98.7209
98.5255
98.8186
98.995
98.2817
97.7946
98.4138
98.3341
97.3592
98.1815
98.3848
99.3705
98.8526
98.6476
98.8221
99.3003
98.9747
98.8131
98.7957
98.9058
98.5337
98.5061
98.4105
98.3455
98.6567
98.2663
98.3563
96.7283
98.8518
96.6626
98.2018
98.1993
98.8161
98.9728
96.7412
99.4699
98.9058
98.9288
98.8201
98.9511
98.7298
98.8771
98.3751
98.4104
98.4186
98.3588
98.7136
96.632
97.0766
98.785
98.3998
99.0279
98.4592
98.209
98.3184
99.6241
98.4787
98.7463
98.76
98.8997
96.8244
98.7089
99.3904
97.6406
98.362
99.2353
98.4823
99.1387
98.7669
97.718
97.3511
98.7475
96.7384
98.8426
98.2942
98.5891
99.2431
98.3651
98.1156
98.6014
97.0323
99.1063
98.4661
99.8145
99.4747
99.6399
98.5517
98.3791
97.2414
98.7455
98.7781
98.6286
96.9541
98.473
96.7399
98.2206
99.6485
99.3448
98.8144
99.2967
99.1674
98.3956
98.3153
98.7644
98.2472
98.969
97.0812
98.2534
98.7846
98.6073
98.386
98.2965
98.4228
98.779
98.905
96.6649
98.8588
98.444
98.3333
98.6409
98.804
98.5508
98.7032
98.3855
96.7132
98.3631
98.3323
99.0152
98.7653
98.2967
98.4453
99.0057
98.6221
98.8043
96.8135
98.3368
97.114
96.6967
98.3613
98.4414
98.2749
98.704
98.3318
98.8741
98.2392
99.1882
97.0265
98.3968
99.0263
98.3302
98.4922
96.9498
98.7595
99.6727
98.6577
99.007
98.8041
97.1431
99.0921
98.7252
98.8606
98.9182
98.7903
98.3964
98.6439
98.2556
98.589
98.975
98.5564
98.4415
98.3447
98.3218
98.7382
97.2997
98.5975
98.7351
98.8382
98.3904
98.7742
98.7157
98.4758
98.7285
99.1979
98.712
99.2744
97.1648
96.964
98.4217
98.2476
98.3794
98.393
98.3178
98.0388
98.771
98.4396
98.8459
98.7754
98.801
98.3353
98.8968
98.5195
96.8783
98.4114
98.6389
98.463
98.2792
99.4641
98.3834
98.3353
98.7651
98.3403
98.5052
98.4697
98.807
98.8509
96.7339
98.8502
96.7644
98.383
98.287
98.9729
98.1228
98.7259
98.7968
98.6714
99.6089
98.696
98.2954
97.2763
98.6736
96.7028
98.3375
97.9392
99.453
98.6705
97.2081
98.3685
96.711
98.6427
98.325
98.6796
98.2233
98.3567
97.9241
97.7306
98.6869
98.8315
98.7436
96.7366
98.8595
99.1206
96.7458
96.5407
99.438
99.2412
98.5306
96.9228
98.5582
99.1454
98.2744
99.4106
98.8528
98.368
99.4212
99.2488
97.2595
99.4622
98.1926
98.7364
96.8025
98.2304
98.7039
98.4008
96.6692
98.7095
99.0184
98.5577
98.5605
98.2743
96.775
98.3828
99.8524
98.3173
98.4178
99.2866
99.0807
98.4089
98.2312
98.6036
99.156
99.2032
98.3491
98.2029
99.8538
98.8414
99.3355
98.4244
99.0296
97.1043
97.3563
98.215
98.4302
98.6902
98.6208
97.5391
99.6035
98.9751
96.8046
99.7397
99.6169
98.7387
98.3833
98.9136
98.4191
98.3802
98.6618
98.2401
95.9086
98.2826
98.856
99.3798
98.2391
99.0349
99.5123
98.3878
98.3264
98.3536
98.3862
98.3452
97.197
98.5691
98.7648
98.4234
98.4872
97.9569
99.0969
99.1616
98.2876
98.3657
98.8983
98.8339
98.5135
98.5435
98.4145
97.6356
98.7075
98.8175
98.4603
99.1242
98.2769
98.5018
97.7633
98.4349
98.8627
98.8865
98.5109
98.7379
98.7125
98.5639
99.0783
98.8279
96.6899
98.4244
96.0191
98.3088
98.5135
98.8583
98.6236
98.7828
99.1046
99.2407
99.9973
96.7956
98.286
98.3393
99.1052
99.4463
98.9271
98.909
98.3146
98.456
99.6159
98.5979
98.1381
98.4691
98.9425
98.2714
96.6952
97.3275
99.1977
98.9559
99.0537
98.623
98.1945
99.0741
97.1086
98.9715
99.988
98.8697
98.8841
98.3897
99.2379
98.5088
98.2465
98.6224
98.8139
98.8354
97.2952
98.5418
98.3168
98.4279
98.434
98.6423
98.9158
97.0557
98.9877
98.3617
98.81
98.4041
98.5478
95.9087
98.6625
98.7239
98.1907
99.2346
98.4175
98.3378
98.6418
98.7177
96.4752
97.3618
98.7722
98.4701
98.6568
96.7276
97.5793
98.4273
98.4618
98.7301
98.7331
98.4781
98.7796
98.5651
98.7584
99.0553
98.9746
98.8581
98.4758
98.3028
98.9271
99.0543
98.8356
98.694
97.7222
98.9039
99.4707
98.1373
98.4546
99.1062
98.7965
98.2666
99.2059
97.8526
99.0526
98.7651
97.7577
96.6981
98.4251
98.2063
98.6027
98.3945
99.0292
98.7852
97.3294
98.3355
98.9317
98.3713
98.382
98.4882
98.5164
98.2867
98.3536
98.9663
96.749
98.7922
98.7883
98.7297
98.7042
98.7583
98.4732
98.2875
98.3861
99.0699
98.8153
97.3586
98.8267
98.6062
98.538
98.2537
98.7858
98.2501
98.8777
98.4427
99.1227
98.3314
99.1495
98.3837
98.3775
98.2906
98.5453
98.4985
98.6725
98.4946
98.4255
95.9038
98.4384
96.8658
98.7651
99.3543
98.4299
98.691
99.253
98.4482
98.7153
98.9317
99.2906
98.8583
97.5809
97.7188
98.424
99.6696
99.3224
98.4041
97.4342
98.3334
99.2991
98.8215
98.434
98.9018
98.6995
96.6654
99.2898
99.6062
96.7734
98.492
99.9936
98.3473
98.3326
98.6208
99.1786
96.5307
98.797
98.5565
98.315
98.3963
98.5911
98.4411
98.5255
97.0299
98.4106
98.408
99.7446
98.5158
96.7265
98.2327
97.7595
97.116
98.3483
99.0048
98.2389
98.3891
99.6715
98.4221
98.7677
99.5166
98.906
98.3845
98.8427
98.7643
98.3731
98.588
99.588
98.5482
98.3988
99.3302
98.7701
98.6162
97.3146
98.494
98.4791
98.8439
98.9595
98.6481
98.7159
98.8047
99.0606
98.1528
98.7966
98.918
99.5909
98.1818
99.2577
98.4583
99.4441
98.3465
98.4662
98.4302
98.5417
98.3262
98.3201
99.1658
98.755
98.4183
96.6791
98.5052
98.6896
98.463
98.7891
99.0337
98.7992
98.3092
98.8355
98.5472
99.6831
98.7435
98.865
98.0992
98.4468
98.3897
96.8056
98.6762
98.6448
98.2892
98.4177
98.3427
96.6417
98.7129
98.7478
98.3267
98.4554
98.9998
98.4491
98.8512
99.252
99.3764
99.3657
98.7026
98.2614
98.2723
98.6989
98.8196
97.7412
99.4027
98.4186
98.9785
98.6601
98.8192
98.7525
98.7855
98.8227
98.8172
98.4639
99.1794
99.1019
98.6429
98.6286
98.307
98.468
96.949
98.6331
98.7935
98.4252
96.6905
98.5003
96.6459
98.4702
98.4172
98.9169
99.581
97.0979
98.6594
99.0793
98.5344
97.4199
98.1776
98.4811
98.6794
98.4836
99.2963
99.9798
98.6477
96.7406
98.5524
95.9039
98.4272
98.4014
98.4594
99.4353
98.2634
99.0022
99.0559
99.3287
98.8559
97.334
98.1885
96.7229
98.664
98.7444
98.4332
99.5132
98.5722
99.3594
98.3474
96.7446
98.7553
98.5201
98.7297
98.731
99.0006
98.4854
98.8898
98.2754
99.017
98.4877
98.093
98.2644
98.5597
98.3407
99.0401
98.7253
98.3854
98.9782
98.8741
98.8201
99.8028
98.5323
98.4569
96.6662
96.738
98.8287
98.5028
98.9224
98.8355
97.4651
99.0207
98.7671
98.8259
98.2435
98.9611
98.983
98.3534
98.8242
98.6966
98.2554
98.4017
98.6709
98.8286
98.6306
98.3129
98.9553
98.747
99.0497
99.0754
98.5603
99.1685
99.0869
98.3059
98.3036
98.6018
98.8364
96.8287
98.9441
99.0185
96.5518
98.286
98.8234
98.9176
96.8017
98.7375
98.884
96.6574
98.8696
98.8
98.8125
98.2698
98.537
99.0846
98.7416
96.6476
99.1907
96.7589
98.3197
97.052
98.7098
98.5232
98.3661
98.5372
98.7591
99.3979
98.5684
98.4132
98.4228
98.7215
98.3347
96.6033
96.7616
98.9908
98.5358
96.708
99.2568
98.8845
96.6424
98.4543
98.6173
98.2887
97.4027
98.3769
99.4039
98.5102
98.2161
98.4555
98.3716
99.0747
98.718
98.4678
98.7282
99.4088
98.6195
96.7925
99.1781
97.0279
98.3217
98.9161
98.768
99.572
97.2751
99.1316
98.382
98.6455
99.1921
99.0297
98.6162
98.724
97.6475
98.7903
97.0052
98.932
98.2214
98.909
98.3563
99.1936
98.3956
99.1293
97.2606
98.2455
98.2671
98.271
98.6518
98.2873
98.7249
98.5748
98.7929
98.4985
98.303
97.1519
98.3167
98.8588
98.8337
99.0032
98.3636
97.0106
97.2591
98.4521
99.392
98.3639
96.5698
99.414
99.153
99.5419
98.7224
98.9183
99.1142
97.0267
98.4083
98.3158
98.4397
98.8514
98.7033
98.7708
97.1154
98.711
99.326
98.8115
98.4681
98.3532
96.7035
98.9403
98.3169
98.9456
98.4827
98.8066
98.7407
99.0359
99.3455
98.711
98.9092
98.0825
97.6391
96.7397
99.1927
98.824
98.3865
98.2055
98.5676
98.3499
98.6981
98.4503
96.4994
98.8199
98.2631
98.2863
97.7577
97.2234
98.5086
98.952
98.3872
96.6162
98.5594
98.9554
98.8985
98.4189
98.7892
99.6526
98.0127
98.4726
96.7557
98.7686
99.3515
99.3685
95.9644
96.9667
99.4233
99.4634
99.9378
98.3676
98.9585
98.3669
98.8267
98.3156
98.8981
98.624
99.2927
98.37
97.7595
98.9429
98.5122
98.4507
99.4591
98.3438
98.417
99.0127
98.264
98.4028
98.688
98.3358
96.7531
98.7184
98.7764
98.8749
97.7078
96.7425
98.776
96.7597
99.6149
97.1228
98.3172
98.7843
98.9539
99.0865
98.4314
97.1588
99.0091
98.8879
98.8386
98.569
98.4345
98.3118
98.4156
99.0124
98.972
98.1829
98.7704
99.9951
98.4385
98.836
98.476
97.3328
98.1186
98.8619
98.8849
98.266
98.7421
96.6702
98.4206
98.8289
98.3967
98.5532
98.919
99.1276
99.0663
98.4546
99.3996
98.8007
97.1911
97.581
99.4109
98.3923
98.8793
98.4863
99.0997
97.7609
98.4364
98.612
98.4631
98.2536
98.6935
96.8892
98.5843
99.4421
98.953
97.1452
98.5541
96.7613
98.5403
98.7351
98.9084
98.4924
98.1782
98.3909
98.888
98.2089
98.6538
98.467
98.4227
96.6677
98.4776
99.3222
98.8956
98.7852
98.8731
98.1816
98.2845
99.3831
99.1812
99.4312
98.5052
98.2283
98.7716
98.3593
98.803
98.3668
98.878
99.2331
98.9314
98.7848
98.7955
99.0879
99.6137
96.7027
98.9733
99.154
98.8847
96.7126
98.9605
98.7398
98.4994
98.7722
98.3415
98.7057
98.4628
99.0439
98.6067
96.7494
98.1539
96.5786
96.6137
96.7082
98.7649
99.6843
97.1137
99.7006
98.4567
98.7096
96.9377
98.9715
97.7264
99.2869
96.4119
98.8457
98.7754
99.0567
98.388
98.8064
98.3201
98.9158
98.944
98.8215
98.4579
98.4459
98.9096
98.7838
98.3141
98.7452
98.8797
99.2382
98.4137
97.2791
98.7911
98.4663
98.7017
98.7311
98.8363
98.4842
99.2095
98.6577
99.754
98.3657
98.6212
98.4396
98.4689
98.4707
98.7421
96.7075
98.3507
97.0668
98.6874
98.2548
98.8305
98.7503
98.7594
97.132
97.7117
98.8779
99.325
98.4864
98.6442
98.5843
97.046
99.1732
99.8588
98.6359
98.8047
98.904
97.6317
97.367
98.8865
98.3726
98.645
98.3753
97.1031
98.3716
97.8091
98.4107
98.1412
96.6496
98.9823
96.8191
96.5934
98.418
97.3614
98.7505
99.0479
96.5777
98.7077
98.8048
98.3751
98.8739
99.006
98.5783
99.4451
96.8008
98.5611
97.7347
98.8867
98.8969
98.4098
98.8942
99.0933
99.3775
98.3204
99.039
99.2776
98.306
99.1027
99.8708
98.8614
96.7866
97.0694
98.455
98.4042
99.1152
98.7694
99.4847
98.2726
98.4918
98.8958
97.9933
98.5072
98.5496
98.65
96.63
98.3937
99.0417
96.9387
98.7618
98.8594
98.7037
98.6747
96.6287
98.3946
99.138
98.3188
98.8576
98.3665
98.1296
98.5501
97.0366
97.8541
98.4756
98.4088
98.4187
98.7963
98.4689
96.6837
99.5271
98.8466
99.2825
98.3439
98.9844
98.3574
99.0057
98.4638
98.84
98.8089
96.6872
98.298
98.4142
98.4819
98.8672
99.2752
98.4116
98.3888
99.8437
98.3527
98.391
98.6687
98.952
98.8317
99.3767
97.0839
98.3548
98.4043
98.7731
98.9176
99.1606
98.899
96.6548
99.0378
98.6462
98.2227
98.7755
98.8776
98.3857
98.4678
98.8655
98.3593
98.8339
99.6695
98.9544
98.5367
98.391
98.5106
98.7548
98.4749
98.8057
99.2224
98.3731
98.2799
98.7782
97.983
98.5174
98.7652
96.8328
99.0466
98.4946
96.8593
99.3476
98.3481
98.597
98.4884
98.9382
98.37
99.1663
98.7485
99.5889
98.4597
98.7523
98.7312
99.3269
98.8415
98.5698
98.7719
98.4491
99.0147
98.5443
98.7504
99.1595
98.7318
98.3463
98.8268
96.721
99.8485
98.7965
98.4722
98.3216
96.621
98.8381
98.6098
98.1345
98.1835
99.5162
98.2963
98.5348
98.3224
98.4387
98.2732
98.5512
99.0873
98.3479
99.2303
96.8088
97.368
98.7327
98.4776
98.4746
98.7899
98.49
96.6059
98.8355
98.3441
99.2018
97.6833
98.7074
98.5031
98.6059
98.4026
98.5156
96.7573
98.2424
98.2968
98.5152
98.1928
99.431
98.6669
98.6451
99.135
99.443
99.0083
98.4189
98.7692
98.8429
99.0102
98.3516
99.0681
98.7213
97.0272
98.8709
98.8179
98.4518
98.5619
98.7686
98.7895
98.5249
98.4242
98.5744
97.8635
98.7454
96.7448
98.3524
98.3584
99.9078
98.8213
98.2635
98.7712
98.4935
98.4227
98.6579
98.4319
98.7695
98.7612
98.4781
98.3744
98.5076
97.2232
98.6823
98.1302
98.4862
98.3135
99.3137
98.4182
98.8675
97.2913
98.4487
98.8769
99.9398
98.6357
98.2047
99.0539
97.0127
98.9853
98.9033
98.2868
98.2899
99.2423
98.5036
98.9406
98.8537
97.882
98.7234
98.459
98.3081
99.3595
99.2616
98.4537
98.3906
98.8128
97.0186
98.709
98.417
99.9902
98.3223
96.7405
98.4943
96.6729
97.7165
98.2453
99.0978
97.7316
98.2003
98.7375
98.5834
98.368
98.6969
98.3924
96.758
98.3385
96.5503
96.6283
98.9119
98.7571
98.7856
99.5128
98.4717
98.5748
98.8733
98.3922
98.7084
96.6371
98.668
98.4462
98.4125
98.2091
98.2835
98.9654
98.3411
98.8539
98.6091
98.3548
96.7412
98.6995
98.473
98.7245
98.8157
99.3823
98.7867
98.9859
98.866
98.7242
98.4353
98.8643
98.2375
98.5797
99.0214
96.6792
98.1128
98.3744
98.816
98.9668
98.3107
98.2459
98.4686
98.861
98.5262
98.4608
99.4247
96.6767
98.7643
98.4626
99.2191
98.4791
99.101
98.8071
97.9676
99.5598
98.9049
98.4419
98.507
98.4505
98.4309
99.1524
98.7896
97.7263
99.4528
98.2386
98.7658
98.4547
99.1105
98.409
98.8502
98.5187
99.8173
98.7281
99.015
98.7642
98.8119
98.9208
98.8144
97.1108
99.1018
98.9764
98.7862
98.382
98.8415
98.439
98.7084
98.3268
96.7469
99.6436
98.603
99.0736
98.8546
99.0182
98.6744
98.2805
98.5068
98.2686
98.4591
99.1372
98.9309
98.309
98.8405
98.8087
99.1868
98.7074
96.8229
98.2092
98.3314
96.6719
98.5988
98.2886
98.3937
96.6878
98.5326
98.446
97.1449
98.6282
99.0428
99.9921
98.6816
99.4491
98.9103
98.3307
98.8277
98.8356
98.2324
98.2084
98.3824
97.2634
98.8512
98.2134
99.2365
97.579
98.8017
98.7418
98.7829
98.8089
98.3831
98.5649
98.2565
96.7767
98.7262
98.8163
99.4353
98.7332
99.4071
99.1677
99.1908
99.6181
95.9472
98.8981
98.239
99.3104
98.5162
98.799
98.3221
98.3284
98.2446
98.8058
98.2889
98.9281
98.8637
98.7164
98.6961
98.9402
98.5049
98.4142
98.6307
97.2338
98.3672
98.4683
98.9434
98.7613
98.4178
97.0657
99.0813
99.951
99.0064
98.3912
99.3636
99.8923
99.105
99.9807
96.6553
98.2157
98.3443
98.4103
98.6817
98.4087
98.5631
99.0196
98.3424
97.0514
98.4341
98.414
98.3431
99.1847
98.387
98.4078
98.7623
98.2604
97.316
98.4232
99.9888
98.4641
98.2825
98.8255
98.3363
98.2386
96.0205
98.549
98.6001
98.6829
99.3147
98.7521
96.7502
98.5647
99.1888
98.3365
97.7031
99.3213
96.8078
98.4405
98.6651
98.9482
98.7991
96.7391
96.9165
98.7796
96.7982
99.0185
98.7262
96.7728
97.1213
98.4906
98.395
97.0216
98.3176
97.3533
98.1733
99.3182
98.2327
98.7227
99.1065
98.6986
98.7314
99.2367
98.9853
99.2683
99.9862
97.1251
99.6526
98.3719
98.8813
97.6926
98.4524
96.8445
97.8504
97.4045
98.3949
99.2562
98.8795
98.3448
98.3917
98.7512
97.9452
96.6684
98.3332
98.2991
98.2919
99.8588
99.1049
98.5919
98.5252
98.408
99.1433
98.851
98.342
99.0993
99.1081
98.7483
98.8315
98.52
98.3365
99.178
98.4678
98.345
98.446
98.5527
99.1494
98.4598
98.4845
98.6806
99.0625
98.3869
98.4941
96.7158
98.3422
98.7554
98.1599
98.54
99.2424
98.459
98.3374
98.3468
98.4811
99.0345
99.6209
98.4125
99.2492
97.7499
98.5807
98.8627
97.7935
98.403
98.3351
98.9363
98.6839
98.896
98.5686
98.5701
99.0624
98.3037
98.4232
99.9056
98.8707
98.3279
95.9532
97.9272
98.9232
98.2308
98.408
98.6479
98.3356
98.9228
98.9286
98.3353
98.7014
97.3068
98.3772
98.8018
98.8074
98.3186
99.5158
98.8957
97.7862
97.0103
98.7089
99.9849
98.388
98.7813
98.3949
98.8464
98.4818
98.446
98.2112
98.4375
96.685
98.3122
98.3175
96.7546
98.3898
98.2271
98.5306
98.104
98.4487
98.7461
98.7399
98.4047
98.4026
98.9013
99.1409
98.8814
98.8691
98.3178
98.7916
98.8036
98.4164
98.2393
98.8444
98.6284
99.8852
98.4366
96.7626
98.9458
98.3071
98.7349
98.8064
98.3838
99.032
98.5597
98.8392
97.0708
98.3616
98.4209
98.3403
98.6593
98.6972
98.6976
96.8745
99.9651
99.081
97.0373
98.2513
98.5246
98.9677
98.3173
99.1395
98.4588
98.4554
98.3154
98.88
98.5759
98.8479
98.9627
98.2598
98.4073
98.9176
98.8975
98.8663
98.3965
98.6574
98.677
99.5155
98.2438
98.4324
98.9837
97.687
98.4374
98.8056
98.2774
98.6265
98.557
98.2969
98.6427
98.1679
98.6793
98.4885
96.5193
98.701
98.7854
98.5006
98.9263
96.7223
98.304
99.2699
98.2063
98.3195
98.4088
98.8527
98.4565
98.4661
98.4428
98.853
98.4205
98.4089
98.7056
98.6733
97.0314
98.4468
98.3219
96.6224
98.8555
98.2854
98.2266
98.5468
98.7998
98.4176
98.3559
98.5937
98.4627
99.3952
99.3632
98.8356
98.9781
98.4757
98.3813
99.1428
98.3376
98.3483
98.4547
98.9106
97.1742
98.4338
98.3299
98.872
98.6309
97.0072
98.9741
97.7723
98.7082
99.3113
99.3235
98.42
96.7605
98.3484
99.1247
98.3179
98.4875
98.3635
98.7212
98.9075
98.9953
98.4072
98.4845
98.7545
98.5738
97.909
98.313
98.3284
97.5633
96.5391
96.6656
98.4637
98.7865
97.8553
98.4721
96.0486
99.469
97.6507
99.4497
98.6505
98.7158
98.8935
98.3052
99.4006
98.4741
99.6886
98.5016
98.2548
98.3498
98.2938
98.2297
98.7179
98.7886
96.7379
98.3161
98.2744
98.4352
98.8177
98.3897
98.679
98.4583
99.2915
97.5833
97.1865
98.3325
98.3039
98.7449
97.0703
98.7869
98.7257
97.0781
98.3045
99.6205
98.3382
98.5646
97.3081
98.755
98.5201
98.7809
99.0875
98.7266
98.0595
98.9697
99.7039
97.0138
98.9226
98.727
98.3993
98.3482
98.2889
98.2664
98.5529
98.8168
98.7756
98.4117
98.4021
97.2064
98.4181
98.8001
98.3147
98.7056
99.5669
96.7512
98.36
96.699
98.0543
96.8221
98.3801
97.6459
98.7297
98.7187
99.6037
98.753
98.6963
98.7233
98.3114
98.4839
98.93
99.427
98.7311
98.0023
99.1575
96.7412
98.5047
98.6764
98.3772
97.3559
98.7438
98.5803
99.1138
98.4463
98.1484
96.7594
98.994
98.4718
98.2975
98.3892
98.7533
98.7752
98.3687
99.0401
98.3313
98.7473
99.1115
98.3856
98.6856
98.3701
98.4011
98.9536
98.6596
98.5542
98.8196
98.5255
98.9219
98.4083
99.5891
98.881
98.6606
98.7719
98.4822
98.4636
97.2729
98.4151
96.6935
98.4213
98.6393
97.1996
98.3827
98.6374
98.8689
98.7298
98.8071
98.7588
98.6448
98.8926
98.4941
98.4626
98.4288
99.476
98.3009
98.8026
98.1604
98.3161
96.6996
98.6405
98.2115
98.5651
98.5175
99.0035
99.29
98.2006
98.9361
99.2929
98.3932
98.3398
98.5564
98.69
98.2975
97.9721
96.5188
98.2906
98.6699
98.8951
98.4248
99.3822
98.0792
98.7249
98.9957
99.6509
96.542
98.4229
98.7496
98.2814
98.8213
98.7752
98.3379
98.4849
98.4373
98.5873
98.316
99.2843
97.8026
98.7799
96.6507
98.3255
98.0998
98.36
98.7301
98.3344
98.7818
98.3973
98.4729
99.5833
97.0876
98.7752
99.0653
98.351
98.2708
98.7363
98.3745
97.5862
98.347
98.831
95.9241
98.3366
98.7538
98.536
96.7439
97.8002
97.1975
98.1451
98.816
98.7358
98.942
98.9112
98.1519
98.4791
99.8243
98.2907
98.7844
98.8614
99.1571
99.6798
97.3533
99.0343
98.348
98.6353
98.9581
97.0056
99.6177
98.6817
96.8015
99.1122
99.5075
98.3968
96.0582
98.3537
98.5513
98.4312
98.8671
98.9114
98.2919
97.0265
98.3781
98.9842
98.4575
98.8213
98.3041
98.3739
98.508
98.5137
97.0958
98.5176
97.0606
99.5541
98.4581
97.0753
98.8428
98.7852
98.3637
98.2647
98.9016
99.4705
99.0997
99.3041
98.2982
98.5402
99.0484
96.759
98.5365
98.4728
98.3165
98.6307
98.8154
99.2467
98.6393
98.3773
98.8574
98.4455
98.9634
97.8242
98.3016
98.3422
98.9864
98.6641
99.4398
98.3353
98.3663
98.2042
98.7494
98.8815
99.1878
98.1692
97.2016
98.7947
98.739
96.7153
96.6804
99.2546
98.4297
98.374
99.2677
98.2619
98.8139
98.4398
98.7166
98.8296
97.0339
98.2331
98.432
98.8053
98.2109
98.3052
96.8775
98.4278
98.6371
98.3408
98.7784
98.3982
97.3143
98.6037
98.7612
98.2916
99.1798
96.8183
99.1392
97.1479
97.9756
98.634
96.7484
98.8232
98.295
99.358
98.5133
98.7296
98.6492
98.341
98.3813
98.3306
99.2574
98.3386
98.9657
99.105
98.43
98.8986
97.1521
99.732
99.7459
99.5797
99.0277
96.7779
98.8082
98.2405
96.8019
96.0426
98.8667
98.6356
98.8212
98.6485
96.5999
98.6376
98.2869
98.4478
98.4979
98.7441
98.4189
98.7384
96.8712
98.754
98.434
98.9968
99.5086
98.3111
98.414
98.9168
98.7975
98.3573
98.1925
99.9751
98.5834
96.7702
96.7043
98.3234
98.5616
98.6297
98.6882
98.6169
98.5843
98.3105
98.8544
98.1975
98.4435
98.7409
98.9422
98.664
99.2248
98.9852
99.0487
99.1463
98.8262
98.2929
98.7599
98.762
98.4369
96.7334
98.8391
98.585
98.8856
98.6143
97.6578
98.3146
98.6096
98.8823
98.9431
98.3682
98.3802
98.8781
98.3905
98.5488
98.2315
98.4631
99.6064
98.8478
98.368
98.4885
98.3517
98.1838
99.2286
96.7937
98.3514
98.2236
98.3565
98.4202
96.7035
98.7805
98.738
98.1928
98.4417
98.7009
98.3051
98.7062
96.6975
99.3804
98.4863
98.8127
96.559
98.3908
98.4403
98.374
98.6457
98.4163
98.3654
96.7196
98.5686
99.4781
97.2825
98.9641
98.9392
98.4443
98.8859
98.4193
98.6685
98.3316
98.7008
98.8852
98.2727
96.7381
98.6714
98.2879
98.3117
98.3456
98.3687
99.4519
98.3218
97.1182
98.9406
98.2297
98.9375
98.7208
99.8744
98.4045
98.72
98.4517
98.3127
98.301
99.0571
98.6986
99.5362
98.3434
98.4345
98.4556
98.68
98.6578
99.3792
99.1278
97.0164
98.439
99.0319
98.8502
99.5064
98.8274
98.466
99.0151
98.5321
98.9053
98.3588
98.8776
98.9382
98.2002
96.6777
98.8163
98.3144
98.2837
99.46
98.3515
98.8068
98.9561
98.783
99.0208
99.6865
96.699
99.21
98.5167
98.9972
98.5667
99.0632
98.2475
98.7629
98.6247
98.3331
98.82
96.6842
99.1597
98.2568
98.3538
97.0732
96.6699
99.0781
98.8573
98.8878
98.6955
98.287
97.79
98.3304
98.5536
98.3516
98.6087
98.4285
98.3252
98.4847
98.23
98.3923
98.2942
97.0965
98.4259
98.3735
98.3374
99.8267
98.9005
98.6169
98.2576
98.3128
98.641
98.5497
98.7697
98.3657
97.0059
98.4923
98.1862
98.7715
99.8469
98.6992
99.325
98.896
98.5371
98.3042
97.8962
98.8097
98.4835
98.3929
98.7836
98.9225
98.3058
99.5455
98.2439
98.7483
98.4148
96.7201
98.8461
98.2269
98.9344
98.3415
96.8118
98.8638
98.7858
98.4309
99.1759
98.2833
98.5209
98.6031
98.7957
98.4106
98.4926
98.5855
99.2991
98.4387
98.4786
96.7338
98.9342
98.8277
98.989
99.2599
98.3179
98.8628
98.8484
98.7549
98.8135
98.7481
99.1689
98.876
98.3198
98.3979
98.6316
98.5217
97.0255
98.4146
98.2817
98.9616
98.7408
97.5996
98.8161
98.475
99.9412
98.2352
98.3194
97.7391
98.4225
98.3751
96.7332
98.7414
98.2687
98.6525
98.3548
96.7083
96.6373
98.7569
98.8911
99.0789
98.7498
98.9773
98.8701
98.3626
98.4623
98.8242
98.88
98.2128
96.7053
96.6848
98.4391
98.3575
98.8534
99.1792
97.8587
99.8483
98.6248
96.7283
98.4507
97.0277
97.6942
99.6662
98.3113
98.3097
98.9323
98.5193
98.4658
98.6627
98.5057
98.8144
96.806
98.6937
99.82
96.7041
98.3775
98.4284
98.3512
96.8716
99.0251
98.6285
98.3673
99.8295
98.2773
97.02
98.2323
99.2916
98.9099
99.8699
98.9485
97.2642
99.4726
98.28
98.5744
98.7108
98.8625
98.67
98.3726
97.6556
98.492
96.5962
99.7335
98.2515
98.9717
98.3849
98.7502
98.4889
98.2534
98.4321
98.8182
96.6396
98.2905
99.4396
98.4933
99.1743
98.8252
99.2866
98.7948
98.2989
98.3495
98.795
98.5116
98.4573
98.4669
99.2237
97.8741
98.7828
98.6065
98.4613
99.2012
99.2614
98.9152
98.4649
98.3783
97.9151
99.4278
99.3123
99.0169
98.8396
98.6625
98.8491
98.3955
99.1634
96.6856
98.6369
98.9328
98.7957
98.619
98.8794
98.5103
98.5095
98.3303
98.4105
98.5109
98.3297
99.4023
99.2735
98.8594
98.9346
96.6755
98.6574
98.8241
98.3091
96.713
98.6133
98.7686
98.8858
98.5178
98.3758
98.2505
98.8359
99.7815
98.349
98.7605
98.4657
98.146
98.3639
99.3862
99.0078
99.4136
99.0008
99.28
98.8402
98.2112
98.395
98.4089
98.9361
98.3538
98.8315
98.9328
98.8131
98.9752
98.3936
98.4016
98.6106
98.1243
98.5558
97.1868
95.9998
98.5211
98.3513
99.0949
99.3801
96.7193
98.307
99.6381
99.1942
99.8215
98.4061
96.569
96.7057
98.3419
98.5189
98.5183
98.8727
98.2854
99.2807
98.7592
98.4074
98.5396
98.8195
98.5366
98.3417
98.7393
99.1037
96.7559
99.6305
98.9418
98.6742
98.8603
98.7427
98.8288
98.4898
98.8633
98.8146
98.2838
98.4571
98.9018
98.3854
96.6898
98.4096
98.4815
98.1226
98.8097
98.2062
98.2798
99.0495
98.2838
97.0431
99.2337
98.7611
98.3736
98.4271
97.7893
98.3752
97.6354
98.7542
98.3495
97.7401
98.1335
98.844
98.6015
96.6153
98.7007
98.2644
98.6807
99.2908
98.8407
96.7519
97.0147
98.3212
98.4237
99.4823
96.5746
98.597
98.6699
98.7965
98.7996
98.469
98.6348
98.4671
98.8104
98.8858
98.4106
98.3397
98.9686
98.2299
96.6704
96.6746
99.0831
96.6426
98.6003
98.4216
98.4553
96.8249
98.74
98.6393
96.7014
98.3041
99.995
97.6339
98.8309
99.4024
96.8074
96.8369
98.7286
97.645
98.8621
98.7026
96.7058
98.796
99.707
96.6277
97.0896
97.6563
96.6179
98.6736
98.6364
98.6893
99.4539
98.4151
98.0038
96.6919
98.4947
99.6994
98.312
99.2691
98.5761
98.3364
97.6239
96.791
98.3033
99.2571
96.9626
96.7692
96.6436
98.9108
99.186
96.5715
98.8178
97.406
98.4675
96.9972
97.1534
98.9327
96.7663
96.7193
98.5917
98.295
98.4789
98.7216
97.1608
97.0431
98.8947
99.2226
98.773
99.0335
98.6885
98.3327
98.7168
98.5711
98.7497
99.6704
97.7669
96.9195
98.715
98.5992
98.3018
98.3006
98.663
98.4603
98.5221
98.4785
99.2927
98.8461
98.1913
98.7794
98.247
99.9878
96.6537
98.1799
99.1438
98.4404
96.6352
98.19
98.415
98.3776
98.4147
98.8997
98.6576
98.508
98.6196
97.1334
98.7042
98.9577
98.3897
98.6171
98.6788
99.5277
97.1502
97.0902
98.4161
98.3071
98.4736
98.8111
98.77
98.5119
98.2519
95.9981
96.6842
98.7758
98.3122
98.7495
98.3651
99.6382
97.2071
99.3714
98.7624
98.5431
98.7893
98.2993
99.0897
98.289
99.5277
98.6974
99.5915
96.741
98.7893
97.3092
98.344
98.7581
98.9291
98.0105
99.1812
98.3411
98.6396
98.1937
98.3369
96.6474
98.399
98.5666
98.5356
98.1662
98.8266
99.351
97.2524
99.3339
98.3108
97.1685
98.6871
98.4205
98.4829
96.7323
98.7113
99.2273
98.9003
99.2193
98.6903
98.4448
98.4495
98.6485
98.7182
98.319
98.5608
98.6434
98.3121
98.7352
98.6637
97.7672
97.071
98.5619
98.8158
98.305
98.8617
99.3931
98.493
98.9755
98.5789
98.5477
98.3989
98.835
98.4474
98.3784
99.0827
98.4318
98.3731
98.6276
98.7446
98.351
98.7343
98.9424
98.5437
98.5325
96.713
98.8655
98.4474
99.7758
97.0455
98.3705
99.085
99.4203
98.332
98.8773
99.8787
98.8463
98.4837
96.7542
97.7774
98.3995
98.1715
98.7271
98.6909
98.4441
99.586
98.206
99.2379
98.4235
98.8333
99.1722
99.0063
98.9219
99.4825
98.4971
98.4979
98.5029
98.4534
98.2737
98.3097
98.402
97.1146
98.3635
96.7178
99.0018
98.379
98.7305
98.3604
97.3546
97.1494
96.7589
98.8257
98.9798
98.4318
99.0931
98.8463
98.7132
98.268
98.8357
98.4953
97.0768
98.8694
98.5045
98.4487
98.2682
99.2706
99.0253
98.5698
98.2177
98.3741
98.7307
98.4955
98.2283
98.7334
98.711
97.3765
99.021
98.4208
96.6271
99.2312
98.6753
98.7682
96.7367
98.4625
98.4319
98.817
95.8529
98.7584
99.7176
98.9511
98.8456
98.3914
98.473
98.436
98.9847
98.4155
96.6583
98.3881
98.8174
99.6977
98.3452
96.5516
98.4675
98.8312
98.673
98.867
98.9003
96.6831
98.4295
98.4116
99.5237
96.7537
98.808
98.796
98.5014
98.7835
98.4513
99.894
98.468
98.2186
97.0116
98.8624
99.4501
98.7924
98.4515
98.5911
98.4604
96.7472
99.1691
98.4024
98.3236
98.5115
96.79
97.3083
98.4435
97.6208
96.816
98.4169
98.2617
98.4755
98.4623
99.0528
98.4862
98.3696
98.9716
98.9489
96.6283
98.2719
96.8256
98.3249
98.3141
98.5322
98.3537
98.6453
98.2152
98.8397
98.8716
95.9537
99.9919
98.32
98.5112
98.4555
98.2662
98.4562
98.9858
96.634
98.9722
98.8796
98.8101
98.8394
98.3003
98.5792
98.4662
98.7938
98.5454
99.2874
98.6415
96.8281
98.4661
98.8747
98.3523
98.4588
98.3448
98.6044
98.848
98.7121
98.491
98.7968
98.917
98.7602
98.7371
98.1934
96.6253
98.3538
98.5041
98.6675
96.9195
96.7538
98.4205
98.4447
98.4985
98.7575
99.1937
99.8086
98.982
98.2127
97.1282
98.5037
98.9362
99.188
97.1561
98.8149
98.8896
98.1623
98.4555
96.894
98.8256
98.555
98.5986
98.2681
98.8096
99.1056
97.2224
98.3323
98.9793
98.3095
96.6999
98.7173
98.4332
98.732
98.8147
98.7528
98.394
98.8774
98.7406
98.5839
98.157
98.6986
99.3045
98.1741
98.4755
98.1891
98.3987
98.6531
98.2532
98.8425
98.7382
98.7781
96.5808
98.531
98.8421
98.4243
98.2258
98.418
98.2061
99.1166
98.3857
98.9927
98.3006
99.3251
98.3959
98.3383
96.6882
99.1463
98.8311
98.3062
98.7993
99.1687
98.9888
98.1598
98.8409
99.0304
98.3523
98.9152
98.3721
98.8228
99.1226
98.4866
99.1592
99.0163
98.6915
98.3242
99.0769
99.1063
98.9107
98.822
98.3203
98.344
98.3909
98.2794
98.9532
98.8009
99.4823
99.2983
98.4832
99.07
98.7551
98.8144
98.2151
99.1311
98.3242
97.2053
98.8821
98.3517
98.4078
98.3951
98.4968
97.227
98.4156
99.2404
98.5223
97.1627
98.8284
98.4596
96.6469
98.6207
98.6983
98.5995
98.2553
98.7326
98.3519
98.2705
98.7855
98.7911
96.9688
96.8879
99.3029
99.0235
98.9544
98.8943
98.8428
98.8152
98.5036
98.792
99.0854
98.9129
98.8502
96.5078
96.0055
99.1332
98.6059
98.7438
99.0371
98.7971
98.4918
98.8795
98.1868
99.9966
98.3854
99.231
98.9934
98.3341
98.7729
98.4571
99.0885
98.4039
98.4345
99.0014
97.2432
99.0134
98.4045
99.0419
98.4063
99.3198
99.1982
98.5119
98.3937
98.4026
97.7218
98.9053
98.3928
98.4474
98.7193
97.7276
98.4771
98.9236
95.9481
98.8077
97.1222
98.3376
97.8431
98.8225
99.2254
97.1084
98.333
99.2538
98.4104
98.4676
98.3329
98.993
98.4147
97.9158
98.4089
98.4872
97.7531
98.3926
99.515
98.9844
98.4682
98.7354
98.9778
98.7812
98.6497
98.7386
96.7603
98.7371
98.2383
98.3548
99.7583
97.113
98.4402
99.27
98.3139
97.2449
97.9429
99.0477
98.352
99.7326
98.4485
98.6956
98.6292
99.0161
98.324
98.8038
96.8945
98.7425
98.9671
98.2615
98.3537
98.7711
98.7627
97.5769
98.799
99.1019
97.3126
97.1974
96.7621
98.4766
97.0752
99.0473
98.9921
98.4019
98.9865
99.1492
97.3272
98.4087
98.5117
99.089
99.2671
97.2375
98.2437
98.9626
98.4035
98.5695
98.1794
98.8295
98.4
98.4202
98.8142
98.3089
98.7127
98.4731
98.823
98.2985
98.8339
96.7383
98.383
97.6432
97.6525
99.683
96.7213
98.7546
98.3181
99.2869
98.3905
98.086
98.2167
98.1479
98.2775
98.4717
96.6089
98.2207
99.6585
98.7672
98.6628
98.3992
98.3254
98.2829
99.0624
98.3184
98.2099
98.1094
98.5716
98.4526
98.4194
99.5658
98.7781
98.4902
98.2561
98.5921
99.1422
98.489
97.3921
99.3044
98.2582
98.3448
98.2441
96.7377
98.4681
98.6907
98.8723
98.9854
97.2606
99.1526
98.872
99.2629
98.9511
98.3955
98.3671
98.4388
98.2356
98.5396
96.6412
99.2405
99.3519
99.2836
98.6959
98.8085
98.5526
98.8392
98.3353
98.5345
98.4482
98.507
98.4606
98.8805
96.9802
98.8907
98.8664
98.3759
98.1789
98.1558
98.8873
98.8639
96.8453
98.7567
98.2725
98.2059
97.3611
96.6619
96.666
98.823
98.0818
98.2811
98.2913
98.4008
99.578
98.7675
98.3366
98.8258
98.3714
98.1512
96.6763
98.1889
99.6954
98.4845
99.0059
98.4
98.2554
98.7974
99.5687
97.9148
98.4953
97.1245
99.1056
98.1248
98.408
98.3095
96.7686
99.1122
98.4793
98.3399
98.351
98.769
99.8087
98.1962
98.2517
98.8026
98.2621
98.4585
98.5046
96.8813
97.0526
98.7359
98.39
97.7752
98.79
98.0779
98.4025
98.4618
98.8509
98.391
99.6299
99.5915
98.9297
98.2121
98.7474
95.8706
98.8142
98.2993
99.3435
98.4867
98.9353
98.399
98.4325
96.7334
98.8178
98.371
99.7627
98.4049
97.3635
98.827
96.7191
98.7113
98.4567
98.7336
96.9025
98.534
98.4248
98.3543
98.4561
98.905
98.8101
98.8548
98.6282
98.4485
97.3711
98.6193
96.7161
98.3161
99.4553
98.3249
98.9652
97.0244
98.281
98.1253
98.2394
98.3714
99.0391
98.7488
99.4499
98.9
98.459
98.4554
96.6552
98.8249
98.3559
98.4544
99.1676
98.4711
98.8719
96.6334
98.7312
98.787
98.5075
98.7502
98.5074
98.2916
99.1396
98.4177
98.8916
97.7457
96.944
98.9271
98.6804
98.407
98.838
98.9643
99.2864
97.7977
98.8841
98.0874
98.4995
98.4628
98.8161
98.9249
96.8182
96.8065
98.784
97.6726
98.3448
98.5732
99.0127
98.6443
98.9033
99.1271
99.1705
96.8484
98.3653
98.7451
97.373
98.5513
98.3286
98.7674
98.7605
97.0143
98.3097
96.555
99.1917
98.8618
98.5803
98.4027
98.2545
98.9911
98.0458
98.4056
98.1483
97.1221
98.7547
99.5838
98.2884
98.3639
98.7555
97.8977
98.4581
98.6343
98.2536
99.6414
98.3933
96.715
98.618
98.4763
98.9778
96.9638
98.7555
98.3966
98.8111
98.7116
98.4197
98.4653
98.377
98.9136
98.9489
98.4208
98.8162
98.4194
99.3783
96.7109
98.377
98.5676
98.7088
98.1667
99.0146
98.7849
96.7544
98.75
99.9981
98.8681
98.7238
99.3278
98.6901
98.4158
98.4609
99.2495
98.7844
98.6349
98.8174
98.319
98.9029
98.7395
98.5735
98.8798
97.4675
98.7364
98.2854
98.5206
98.8124
98.3696
98.2202
96.7175
98.2402
98.7131
98.7809
98.5394
98.3835
98.3534
98.7027
96.0104
98.3068
98.9595
98.4883
98.3758
99.1444
98.9488
99.336
99.3733
98.9279
98.9463
98.21
99.0249
99.0238
98.4041
97.0015
98.8139
98.6084
96.7636
98.4847
98.2872
97.0799
96.6943
98.4771
96.7043
99.0034
99.7798
98.4513
98.2798
96.698
98.2786
99.796
98.299
98.6714
96.7441
98.4277
99.1425
98.3857
99.2297
99.4612
96.7601
98.8319
98.7673
98.2631
98.999
98.8872
98.2626
96.7711
98.3346
98.3811
98.4417
98.8275
97.0334
98.429
98.5342
96.73
98.8101
98.3988
96.6055
98.3551
98.364
98.5002
99.8896
98.4957
99.3693
98.3193
98.3515
98.252
98.7015
98.3053
98.3855
98.1628
98.7415
98.3702
96.5861
96.7143
98.804
98.6379
97.3726
99.5996
95.9469
98.5909
98.893
98.9348
98.7478
98.75
98.7348
96.6605
98.5566
98.7584
98.5766
98.8691
98.4593
98.7788
98.8366
98.1834
98.4283
98.9492
98.6489
98.4358
99.1445
97.0516
98.4342
98.6844
98.4174
99.0047
98.5832
98.3287
99.5388
98.4224
99.9835
98.408
98.8002
99.4289
98.7841
99.0723
98.8345
98.1247
99.0492
99.7742
96.8375
98.8734
99.1048
98.7942
98.5962
98.9968
98.8731
98.3824
99.6865
98.2591
99.313
98.6597
98.5264
99.1966
98.5579
96.727
98.632
98.7537
98.3525
98.301
95.9251
98.4777
98.6318
96.7882
99.3315
98.2799
98.9889
96.7243
98.8161
98.929
98.5893
98.416
98.3722
98.6026
98.2118
98.1385
96.7673
98.2048
98.7463
98.7994
98.7867
98.3584
98.8379
98.3827
95.883
98.732
98.7464
98.8318
98.7567
98.8164
99.7989
98.9109
98.9686
99.3036
97.3636
99.3649
96.6335
98.7099
97.7379
99.905
98.437
98.3157
99.5892
98.3786
98.4755
99.3161
98.415
96.7053
98.3755
96.8557
98.3118
98.7935
98.3539
98.4024
98.8257
98.8901
99.1083
98.4856
96.6739
98.2594
98.2591
98.9325
98.6177
98.3929
98.8735
98.8551
98.8123
96.782
99.1937
99.0362
98.6172
99.1061
98.7213
98.3634
98.9585
99.2282
98.3005
98.8806
98.2952
96.6524
96.6658
96.7041
98.7231
98.5153
98.9697
98.8274
98.8215
98.2403
98.7449
98.4981
98.4858
98.5896
98.6566
96.7411
98.417
98.8573
98.8599
98.8928
98.4228
98.449
98.394
98.3782
96.7477
99.231
98.907
98.4375
99.1354
98.3657
98.5788
99.7483
98.9805
99.6101
96.6873
98.1845
98.6255
98.9021
99.186
98.3812
98.5067
96.7339
98.4297
98.9381
98.2089
97.1285
98.8986
98.3516
98.7728
97.9717
98.3927
99.6411
98.7299
98.6812
98.5647
98.4203
98.7605
97.6718
98.6713
98.6152
99.1383
98.6221
98.6189
98.2442
98.3702
98.2789
98.2424
99.3104
99.3256
98.4243
98.202
99.4641
98.3848
98.1506
99.3425
98.8986
98.424
98.7822
98.9529
98.3881
96.5472
99.1042
98.4898
98.4174
99.2832
98.454
98.8175
97.0666
97.1232
98.2695
98.8121
98.6798
99.6224
98.5686
99.3131
97.0816
98.2041
96.6502
98.8639
98.6823
98.9489
99.4937
98.2615
99.0008
98.3577
95.9734
98.4236
98.5295
98.2413
98.3499
98.6528
99.3532
99.1139
98.32
97.0713
98.6915
96.7525
99.0506
96.7109
96.8531
96.9607
99.4375
98.4062
98.9086
96.7382
98.2653
98.9493
98.9081
98.4419
99.1796
98.895
98.1674
98.3994
98.3762
98.4388
96.7705
99.0473
98.2382
98.9672
98.4802
99.6287
98.5657
99.0181
97.8896
98.6266
98.8515
99.691
98.4006
98.4541
98.7418
99.6328
98.4317
98.4917
98.6802
98.7831
96.7067
98.8239
98.7077
98.4842
98.7258
98.5662
98.8339
99.2064
98.6547
98.8941
98.6711
98.5247
98.6225
98.3921
98.8783
98.7835
98.4428
98.3656
98.8118
97.0538
98.0905
98.5007
98.7764
98.3041
98.3292
98.0249
98.2733
98.358
98.7073
98.8441
99.081
98.4432
98.4531
99.0595
98.4999
98.668
98.9018
98.9649
98.3027
98.8942
96.6962
96.611
98.5722
96.6236
98.7555
98.5093
98.8149
98.7443
98.6597
98.7012
99.4104
98.8789
95.9726
98.433
99.2883
98.5292
98.4179
99.4304
96.7558
98.5085
99.1751
97.0606
98.7338
98.3375
97.0956
98.822
98.5667
98.3194
98.9876
98.8583
98.9196
98.8595
98.6867
98.4719
99.3907
97.3874
98.481
98.8535
97.7931
98.3856
98.4275
98.3251
98.7362
99.015
98.314
98.1876
98.7303
98.3573
98.5365
98.6823
98.6843
98.3633
98.344
97.6756
98.3529
95.9552
98.4046
96.0214
98.7656
99.45
96.8628
98.6101
98.2058
98.8676
98.9249
98.4057
98.3759
98.3964
98.5842
98.2889
98.7858
98.3556
96.6247
98.3359
99.0879
96.8034
98.679
98.9725
98.2655
98.3137
98.508
98.6673
96.7244
96.5135
98.5198
99.7594
98.3151
98.3513
98.3298
99.0397
98.414
98.6834
98.7994
98.6312
98.4747
98.7664
98.3871
98.7032
98.3185
98.4141
98.7242
98.962
98.9306
98.3373
98.2935
99.3861
96.774
98.3683
96.703
98.2916
98.0874
98.7257
98.3383
98.5855
98.4078
98.6653
97.9429
98.6834
98.0986
96.8134
98.5263
99.3684
98.3121
98.3018
99.1246
98.9866
98.6582
96.9648
98.3224
98.2762
99.0309
96.7697
96.9854
96.6699
96.7538
98.4371
98.3901
98.482
98.7515
98.4648
99.0894
98.8111
99.4055
96.8738
98.8544
96.7964
98.2993
99.0011
97.0223
99.4883
99.525
98.7579
98.7522
98.892
98.5558
98.4589
98.7657
97.0916
98.7388
98.7341
98.6623
98.4295
98.1084
98.5804
98.8439
99.5998
96.6844
98.7615
99.0296
95.9381
99.2703
98.6982
99.2622
98.2705
98.8814
98.769
98.7102
98.401
98.8284
98.6448
99.108
96.6289
97.0303
98.9905
96.7914
98.3262
98.3441
98.3648
98.7779
98.7807
99.0042
98.383
98.2647
98.3874
99.027
98.6521
98.7761
98.811
99.001
99.1348
98.4323
96.791
98.8127
98.8463
99.32
99.4339
99.5971
98.772
99.3123
98.2542
98.2746
98.8238
98.3463
98.261
98.3793
97.0901
98.8176
98.9559
99.9919
97.2304
98.7786
98.3584
98.5675
99.517
99.0376
97.7183
98.407
98.4042
98.921
98.7933
99.2174
96.7355
98.3827
98.1356
98.3465
99.6819
98.325
99.159
99.3432
98.5509
98.6366
98.8283
98.7423
96.7162
98.2973
98.422
99.5277
98.4551
96.7458
98.4537
99.1756
98.9242
98.7761
96.751
99.0025
98.3967
98.8448
98.4786
98.3816
98.5095
98.8968
98.4192
97.1519
99.2394
98.4069
98.8487
98.8568
98.3673
98.9282
96.6011
99.1196
99.2796
98.3183
98.4873
98.4108
98.4201
98.8292
96.6726
98.3943
98.5027
98.1955
98.4911
97.1315
98.9699
98.7481
96.7962
97.6104
98.7593
98.8359
97.0463
96.7942
98.944
99.0327
98.5722
98.7275
99.6752
98.5601
97.726
98.3081
96.532
99.1248
98.5754
99.0005
96.7844
98.3324
98.3
98.8686
97.3112
98.6277
98.5971
96.7295
98.3442
98.2014
98.6748
98.0369
98.4102
96.7798
98.233
98.0423
99.894
98.8245
97.7035
98.3789
99.2284
96.0001
98.8687
98.4164
98.4034
98.56
99.0876
98.4624
98.7572
96.6464
98.4223
98.8806
98.4274
98.5157
98.1199
98.3251
99.7209
96.7778
98.2256
99.0019
98.6796
96.6916
98.7312
98.7594
96.7767
98.7525
98.511
98.821
98.419
98.5054
98.4432
97.5716
97.2489
98.7966
98.5388
96.7218
98.5357
98.9219
99.1571
98.8442
98.3535
98.1756
98.6432
98.5525
99.3945
97.2718
96.9877
99.2216
96.7076
99.2086
96.7669
98.8666
97.162
99.3019
98.6994
98.7334
98.382
98.9689
98.8444
98.3025
99.077
98.1512
99.7662
98.9649
98.2539
99.5762
98.5466
98.8916
99.5067
99.0171
98.8109
99.0831
98.3643
98.7619
99.0376
98.6769
98.4421
98.2599
98.742
98.3954
98.755
98.5453
99.4733
99.0973
98.422
98.7424
99.5015
98.2279
99.0486
99.656
98.1443
98.3643
98.2866
98.5973
98.3305
99.1068
98.8353
98.4352
98.7907
98.4167
96.8949
96.7349
99.0967
98.3671
98.4237
98.3766
98.8632
99.6436
98.336
98.9494
98.8133
98.4596
98.3475
99.5614
98.8931
97.0217
98.6276
98.4838
98.3314
98.7188
98.8334
97.3567
98.4052
98.9966
98.5074
98.5307
98.9311
98.374
96.9908
96.6137
99.3648
98.2476
98.3968
99.4104
98.4272
98.7345
98.3736
98.762
98.7243
96.8731
98.2132
96.5741
98.4681
99.407
98.8705
97.2242
99.0276
98.8459
98.9475
98.7588
98.7162
98.6883
98.3444
98.331
98.0798
96.7783
99.3762
98.7959
99.4852
98.473
98.3077
98.7099
98.7046
99.0012
97.6848
98.3291
98.7874
98.3809
99.8229
98.7459
96.7228
98.6155
98.421
99.8746
98.6629
96.7001
98.3841
98.3542
99.3542
99.0364
98.4378
98.902
98.5101
98.3657
98.5893
97.42
98.5287
98.4023
99.3113
98.4347
98.0432
98.7942
98.6931
97.0072
98.2421
99.131
98.7854
96.7832
98.4037
99.1848
98.3071
96.7484
98.7564
98.6978
99.4627
98.3262
99.8307
98.7984
98.7135
99.1606
98.5214
98.3317
98.4465
98.3314
98.863
99.0651
99.1776
96.9889
96.7104
98.4852
96.6864
98.7377
98.3013
98.8563
98.6525
98.8255
98.3995
98.7877
96.686
99.6621
99.0109
98.3134
98.7255
97.0414
97.0303
98.2651
99.79
98.7692
98.6695
99.4077
99.0272
98.8608
99.0855
99.1144
98.359
98.5881
96.7914
96.7645
98.7297
98.391
98.8032
96.7879
98.625
98.9487
98.7983
99.9167
98.6106
98.2148
99.2236
98.4815
98.2886
98.8416
97.2728
96.7359
98.4059
98.608
96.636
98.3934
98.7231
98.822
98.4602
98.746
99.047
99.2555
98.133
99.2019
99.7499
98.4974
96.0239
99.4765
99.675
99.4312
99.3274
98.2031
98.4842
97.3725
99.1156
98.2589
98.5172
99.0518
98.2776
98.9137
98.3308
99.0103
99.9888
98.74
98.5116
98.2856
99.325
98.7732
98.3598
98.7083
98.4978
99.1097
98.8309
98.6442
99.1832
98.4791
99.0022
98.8848
98.7955
98.3491
98.876
98.2611
98.376
99.1113
98.451
98.2408
98.8857
99.0839
97.174
98.3244
98.2584
98.5527
98.8483
98.7105
98.3489
98.9712
96.7097
98.9888
99.6216
98.5793
98.5066
98.9845
98.1077
98.6975
99.3859
98.2902
99.7091
98.7816
98.352
99.2117
98.6018
96.6989
98.5089
97.1279
98.579
98.3371
98.8821
97.2142
96.6985
99.5582
98.4716
98.6137
98.9893
98.7153
98.4131
98.5214
98.7442
98.8897
96.6892
98.746
98.7043
97.0343
98.8372
98.2611
98.4567
96.9093
98.2854
99.1419
98.296
97.1701
98.4247
99.1943
99.0348
98.8125
98.2502
98.8693
98.8208
98.6851
98.4494
98.6831
98.4902
99.0207
99.0309
98.7881
98.2897
96.7291
96.7209
98.2298
99.4604
98.6949
99.7588
99.1078
97.93
99.2928
99.5076
98.3885
98.7432
98.8048
98.7165
98.3193
96.769
98.8565
96.5342
98.6023
98.2125
98.7723
96.8484
98.72
98.6618
98.5325
98.3915
98.8895
99.9942
98.3355
98.5779
98.8276
98.4624
98.3207
99.7706
99.3213
98.8951
98.6332
97.1502
98.8611
99.1685
99.2686
98.2799
99.628
98.4742
98.3201
97.6592
98.6693
98.4987
98.3116
98.5499
99.0669
98.555
98.3783
98.3193
98.5791
98.656
98.4496
97.0301
98.3762
96.7671
98.4356
98.2941
99.1194
98.4635
98.8093
98.3078
98.3507
98.4469
98.6607
99.4862
98.3491
97.1105
96.7188
98.7384
98.4785
98.907
96.5691
98.8153
98.5562
98.5819
97.1566
98.3322
99.5985
98.7573
98.6487
97.0647
98.3991
96.6825
98.823
98.5403
98.5269
96.6984
99.1721
98.3048
98.4583
98.4815
98.2905
98.7506
98.3694
98.7642
98.6878
98.1108
98.2437
97.448
97.1675
98.4355
97.0103
98.7025
98.3162
98.7263
99.4252
98.8397
98.4222
98.4388
98.8987
98.759
98.716
96.6438
98.7378
98.8385
98.7501
98.376
99.0874
99.4557
98.7627
99.6275
98.7989
98.7101
98.4307
98.971
99.892
98.3015
98.8647
98.4909
96.4476
98.306
98.7681
99.1787
98.8144
98.7043
98.8115
98.2819
99.4159
98.7671
98.4645
99.3515
96.7065
98.4625
98.8227
98.5183
99.2682
98.3523
98.7907
99.4089
97.6598
98.4846
97.2146
98.4915
99.0345
99.1081
98.8288
96.7891
96.7085
98.4038
97.6459
98.4482
98.2081
98.352
98.9246
98.5404
99.1735
98.3291
99.2726
98.3975
98.3026
98.8202
98.3404
98.1681
98.9445
98.5112
98.8397
98.8975
99.5611
99.3253
97.6831
99.1254
96.789
98.4401
96.4922
99.0169
98.4136
98.4184
98.6732
98.3244
98.1878
99.3512
98.0856
98.4616
98.4757
98.3541
98.5027
98.4641
98.3972
98.5988
96.6973
98.9156
99.4015
98.811
98.8691
98.8022
98.6248
98.401
98.4003
98.3476
99.074
98.286
98.8281
99.3619
95.9401
97.0179
96.7506
99.0483
98.5691
98.3072
97.1413
98.9573
98.9115
98.3712
98.2949
99.1595
98.3127
97.1432
98.9597
98.4153
99.4674
99.424
98.374
99.1157
96.7186
98.2664
98.266
99.3317
98.2405
98.5103
98.3253
97.0518
98.431
99.2826
98.5565
96.7196
98.7579
98.3954
99.184
98.6718
98.7644
98.3913
99.3768
98.3016
98.1338
99.3017
96.8313
97.0065
98.8892
99.3144
97.3144
99.2964
98.9478
98.4181
98.7851
98.3254
98.8545
98.3401
98.1682
98.3147
98.4665
99.3694
96.7312
98.234
98.3903
99.6344
97.0018
98.4403
96.7734
99.163
98.6951
98.52
98.7995
97.2351
98.4735
97.7499
98.8583
96.7549
98.5245
98.6627
98.2208
98.9384
98.3492
96.7242
98.954
98.4153
98.4271
97.0949
99.1917
98.3958
98.2499
97.6542
98.9854
98.4233
97.2678
98.4618
98.2976
98.7649
98.3304
99.0344
96.6052
96.7554
98.8376
99.3644
98.3796
98.2473
98.8342
98.7066
98.2565
98.717
97.0282
98.3604
97.2914
98.5079
98.8719
98.5666
98.7033
98.2615
99.2035
98.3564
98.7426
98.2326
98.2995
96.4328
98.6858
98.5867
98.3423
98.4045
98.4965
97.2984
98.4315
98.6992
99.1831
98.7961
97.7063
98.3966
98.6811
99.3194
98.4035
98.7761
98.7504
98.288
98.3903
99.1479
98.3817
98.6899
98.549
99.7705
98.2264
98.3695
98.8122
98.9958
98.8258
97.2903
99.1436
98.4133
98.7949
99.3051
98.6219
97.7826
97.128
98.7816
98.4356
98.332
98.4065
98.5232
98.4387
99.7662
98.7856
98.6993
98.5224
99.3469
98.3364
98.6074
96.6866
98.5289
97.1563
98.4121
98.9444
98.9672
96.9266
99.5259
99.0555
98.4462
98.9946
98.8372
99.2564
99.1401
98.9508
99.7599
98.8177
98.7921
98.5587
98.4793
98.4675
99.2602
97.8185
98.2694
98.938
98.3548
98.8549
98.9251
98.5118
96.6437
99.1101
98.7168
98.8636
98.3807
98.4234
99.1539
98.8077
98.2527
98.386
98.2039
98.3697
99.804
98.2393
98.5432
98.7465
98.2884
99.0539
98.4705
99.4045
98.9433
99.994
99.2801
98.5447
99.3112
98.8125
98.4374
96.5635
98.3443
98.1747
98.3883
98.9098
98.3486
98.4826
99.6063
96.715
98.5211
96.9466
98.8087
97.1869
98.4001
97.7808
98.7931
96.7068
97.7474
98.3369
98.2072
98.2744
99.1418
99.0044
98.7035
98.7035
98.561
98.3463
99.4293
99.5826
97.8188
98.9644
98.8468
98.7987
98.793
98.33
99.2325
98.651
97.0938
98.4202
98.2511
99.3853
98.6072
99.2267
98.959
98.4494
96.6705
98.5135
99.3179
96.5666
98.3106
96.7561
97.7499
98.6702
98.244
98.4819
98.6384
98.6095
98.6748
98.465
98.8236
98.4384
99.3206
98.287
97.3118
98.5546
96.7157
98.035
98.4388
97.0894
96.6015
99.4146
99.5831
98.75
98.4914
98.4752
98.9627
98.1557
98.5089
96.7558
98.9163
98.3556
98.7837
99.0047
98.8334
96.7439
96.6188
97.5832
98.4141
98.4029
98.8314
98.4495
98.7471
98.8906
98.9089
97.7079
99.5194
98.9741
98.9657
98.484
98.3442
98.3763
99.2825
98.342
98.4812
98.8867
98.5028
98.3395
98.9488
99.0317
98.7411
98.5203
99.5436
99.1107
98.3259
98.7525
99.0819
98.7788
96.8898
99.188
98.999
97.049
99.327
96.5417
98.4102
98.3556
98.3131
95.8724
96.7388
98.3072
98.328
98.2021
99.0833
98.5901
99.6518
96.9972
98.7376
99.4219
98.3388
98.571
98.296
98.4021
99.0887
98.5612
98.1821
99.0622
99.3555
98.8128
98.4042
98.1623
98.5301
98.1134
96.7883
97.0117
98.8585
98.2263
97.9103
98.2035
99.2382
98.6464
98.4344
99.1251
98.368
98.8564
98.6586
98.2759
98.4268
99.1291
96.7121
98.8039
98.8357
98.3975
98.3803
96.775
98.5411
98.0861
98.7512
98.5196
97.6579
98.6414
98.3435
98.3477
98.7063
98.875
98.4331
98.8391
97.7228
98.4848
98.459
98.8986
98.9884
99.2191
99.3028
98.7077
99.2724
96.6394
98.2344
99.3589
99.6183
98.7053
98.8798
98.7544
98.2574
98.5922
99.0336
99.0789
98.3029
99.1926
98.6477
99.4456
98.2639
99.4223
98.7624
98.3326
98.6081
98.4709
98.9684
96.608
98.4317
98.8589
96.7273
98.1894
98.9795
98.8185
98.5426
98.4777
98.7857
97.9133
98.5794
98.3924
97.9006
98.9035
98.2659
99.1772
99.5827
99.5878
98.3681
98.5399
98.7821
98.3163
98.7361
98.3832
98.541
98.9847
98.7249
98.2806
98.2761
98.3949
98.9902
99.6592
98.7535
96.7552
98.3535
98.6814
98.0374
98.8839
99.157
99.0497
97.6135
98.3678
96.6532
98.8661
98.4201
98.4536
97.6525
98.8552
98.4074
98.4819
98.3473
97.0316
98.3333
98.7132
96.6946
98.7913
99.5582
98.4181
98.3878
98.6606
99.022
98.5867
98.5993
98.6686
96.7626
98.6875
98.2995
98.9557
98.4682
97.2028
98.3548
98.1609
96.6323
98.3644
98.7199
98.6233
98.6809
98.3772
98.9743
98.4366
98.4781
98.2572
98.2852
96.7933
98.2777
98.4324
98.4953
98.2707
98.2344
98.3179
98.3631
98.4638
98.5179
98.2362
98.633
98.2131
99.6907
98.8186
98.4591
98.3432
98.3799
98.7836
98.9455
99.0896
96.7106
95.8992
98.2304
98.782
99.1945
98.3181
98.473
97.0536
99.5915
99.5067
98.3482
98.2091
99.1363
99.4387
98.7498
98.6174
98.2268
98.7833
98.8359
97.2845
98.3605
98.5779
97.2495
97.32
98.5784
98.4844
98.6064
98.8503
96.7074
97.1287
98.9941
98.4011
98.3391
97.7984
98.3372
98.2758
98.8655
98.3876
98.3391
99.0016
98.6698
99.424
98.9195
98.5332
98.7138
98.7548
99.1548
98.4153
98.4452
99.0359
98.4749
97.2824
96.7855
97.1473
98.4039
98.8
98.8274
99.1991
98.4478
99.0193
98.4849
98.7182
98.9261
98.5064
98.3713
98.4475
99.1822
98.4514
98.6078
96.784
98.6612
98.6714
98.3086
97.5655
97.1236
98.8184
98.2318
96.6162
98.5815
99.1177
98.9292
98.4931
98.3323
98.476
99.255
96.71
98.3176
98.3902
98.3298
96.6961
96.7926
97.5048
96.751
98.3877
98.6444
98.8228
99.6988
98.7295
99.5302
98.7285
99.0172
99.9153
98.7303
98.6976
98.7564
98.7551
98.642
98.6728
97.2277
98.9171
98.7382
99.2665
99.8937
98.9407
98.347
98.3518
98.7495
98.258
98.5648
98.9213
98.4456
98.5328
98.7212
99.4558
98.4191
98.7727
98.7229
98.8245
99.5277
98.3323
99.1034
99.4518
98.7583
98.7306
98.8317
98.3759
98.5529
99.0329
98.3812
98.4721
98.7333
98.3573
98.364
98.4417
97.0127
98.4
98.8845
96.8052
98.3534
98.3605
98.8965
98.6567
99.0658
99.9233
96.6339
99.2242
98.8722
98.6518
98.3665
97.0908
97.2415
98.486
98.2646
98.9736
99.0621
98.3098
98.6271
96.7515
98.88
97.0067
98.8193
98.4073
97.0353
98.6508
98.6496
98.9158
98.4024
98.8191
99.0245
98.4291
97.1651
96.7951
98.1899
98.373
98.7047
97.02
98.7984
98.7414
98.3541
98.5175
99.0805
98.457
98.8069
97.0378
98.4916
98.3336
98.4619
98.7742
98.892
98.7419
98.3585
98.3316
96.8205
98.3588
99.1932
98.8468
97.8224
98.8805
97.0829
98.2642
99.8744
98.7494
96.616
99.0896
98.9276
98.6117
99.4053
98.3068
98.5477
98.4786
99.5918
98.8143
98.4489
97.1633
98.6702
97.786
98.9155
98.8703
98.9583
99.1669
98.3051
98.8175
98.3031
98.7706
98.6088
98.279
98.8285
96.6396
98.4314
98.7953
99.4038
97.7241
99.3912
98.4368
98.2815
98.6134
98.6628
98.4172
98.3845
99.2583
98.7569
99.1032
98.9674
98.4199
96.7069
98.6837
98.8133
98.5534
98.4624
99.4285
98.6841
97.0169
98.7299
98.2176
98.4206
98.7724
96.564
97.7574
98.3881
96.7795
96.6567
98.6043
96.875
98.8956
96.559
99.5144
99.2978
99.2857
99.1309
98.7023
98.7047
98.494
98.8825
98.3096
99.079
99.9858
99.1139
98.2554
98.405
98.7962
96.7257
98.3681
99.0355
98.3993
98.4641
98.7273
99.909
99.79
97.3145
98.5031
99.4488
98.3588
96.7637
99.2533
98.2297
98.2577
97.7373
98.3684
98.3928
98.8548
97.3585
98.4611
97.7466
98.3139
99.7297
98.4915
98.9261
98.3361
98.4817
96.6866
98.3308
98.377
99.2431
98.8286
98.3468
98.8083
96.6804
98.7034
98.3746
98.3454
96.7124
98.9692
99.5873
98.6809
99.6145
98.4758
98.4112
99.0289
98.7514
98.045
98.395
96.715
99.0623
98.4716
98.724
98.4624
99.5577
98.2608
98.9764
99.0642
98.4993
98.6573
99.0451
98.7084
98.6634
98.3107
98.2503
98.7497
98.4464
99.4038
98.6324
97.0175
98.671
98.3761
98.8917
99.4024
98.8548
98.5149
98.9112
98.2616
98.3063
98.3497
98.3761
98.4301
98.7923
96.7353
96.5447
98.7
98.4731
96.7746
97.9963
98.6646
96.7362
98.8471
98.9145
99.1233
98.3574
98.2023
99.0191
98.7271
97.0049
98.7948
98.2751
98.7054
96.6957
98.1722
97.2246
98.6395
98.1484
98.3593
97.2077
98.5464
98.8732
98.3157
98.4598
96.7371
98.7556
96.7298
98.4371
98.2954
99.5158
98.4616
99.546
98.8024
98.2918
98.7225
98.3491
98.8431
98.2907
96.7942
98.7139
98.5426
96.8564
96.8027
98.9375
99.0182
98.222
99.2164
97.3259
99.3671
98.6413
99.3587
99.1161
98.3549
96.536
96.6888
98.4254
98.5353
98.4157
98.5725
98.5065
98.8013
98.3302
98.7496
98.9155
98.7518
98.7508
98.364
97.1195
98.3997
98.7762
98.4748
98.6299
96.7036
98.8129
99.3301
96.6702
98.4009
98.2826
98.4592
98.5902
98.1643
98.3922
98.7493
98.6985
98.3088
99.0195
98.7444
98.3005
99.2563
99.6163
98.8207
98.6935
99.0063
98.3661
98.4516
99.4447
98.8505
99.7251
98.9612
98.7408
98.8823
97.7448
98.2516
99.211
96.6007
98.4135
98.4285
98.4034
98.4375
97.7865
98.501
99.5383
98.8041
98.4462
99.2939
98.4089
98.7719
98.158
98.3235
98.9729
96.6079
98.9569
98.6427
98.3644
99.9239
96.6576
98.624
99.0113
98.3259
99.6763
98.8025
98.5365
99.2304
99.6101
98.6982
98.8348
98.3379
99.1721
97.095
98.3567
98.3314
98.3901
98.4162
98.4729
98.673
98.3289
98.7616
98.3732
96.6996
98.1611
97.0129
96.9863
98.7393
97.1998
95.981
96.7013
98.3814
98.1955
99.2381
98.2989
98.6504
98.4825
98.2415
98.6442
98.5924
98.412
98.7645
98.8695
98.5056
99.3854
98.534
97.1398
98.2779
98.2103
98.7475
98.2615
98.6814
98.2153
98.5276
97.6831
99.4411
99.5419
97.6433
99.0686
99.2041
98.4972
98.7663
98.7787
98.4176
98.7183
98.646
99.2727
98.332
98.6513
96.976
98.3802
98.5523
97.7014
98.4649
98.2962
98.7533
99.1196
96.7919
98.2225
98.9744
99.7143
98.3721
98.4139
99.1395
98.0443
98.4209
96.6588
98.5261
98.5496
99.2778
98.7366
98.2802
98.8857
98.9595
98.831
98.2544
98.8923
99.18
98.258
98.8262
98.4546
96.8125
98.0889
96.7223
98.4743
98.3116
99.3163
98.945
98.7889
99.4809
99.5178
96.8214
99.1939
98.4423
97.7553
99.4754
98.7303
98.3537
99.2254
97.2912
99.6935
98.4683
98.5434
98.4347
98.3911
97.8224
99.4838
98.4189
97.8541
98.3526
98.2918
98.2746
98.7218
97.8621
98.5163
98.5035
98.4159
98.2743
99.5744
98.2899
98.2891
99.1019
98.3432
96.6841
99.2455
99.0042
98.7958
98.9952
99.4975
99.3843
98.4921
98.8797
97.0414
98.6748
98.7229
98.3602
98.6184
98.1789
99.3133
98.3193
99.6377
98.2703
98.8348
98.3345
98.4243
99.0125
99.281
98.3092
99.1189
98.805
98.6585
98.2982
98.7482
96.9018
98.8966
98.5249
98.3735
98.4568
98.4074
98.8576
97.0511
98.9211
99.2005
98.5983
98.2609
98.8928
97.1213
98.2535
98.3176
98.569
98.5927
98.8582
98.5079
99.1313
99.6997
98.3329
96.7723
98.8129
98.9689
98.3963
98.7219
98.382
98.855
99.0765
98.2861
96.5957
99.4664
98.3158
98.2094
98.8295
99.301
98.4609
97.0643
98.4116
99.4695
98.4243
98.8179
98.3494
98.2001
99.5783
98.6535
99.5393
98.3233
98.7118
98.3223
98.3478
98.395
98.431
98.4462
98.2172
98.8374
98.7948
98.4325
98.7794
98.0629
99.7381
98.6167
98.3951
98.3387
99.1597
98.7784
96.7832
98.8439
98.9043
99.6244
97.0308
99.1052
99.9916
98.237
98.289
96.8201
98.3508
97.3037
98.0863
98.5142
99.6319
96.7355
97.1127
96.7245
98.2848
99.3731
98.9459
98.7342
96.7598
96.6598
98.657
98.7053
96.7215
98.6679
98.7516
96.6428
96.9869
98.9083
98.3602
98.7838
98.724
99.432
98.219
98.4091
98.6295
98.7671
98.4129
98.4969
98.3058
98.4977
96.7182
98.421
98.6897
97.159
99.1595
98.6876
98.4455
99.1021
99.3842
98.4939
98.681
98.7494
97.1442
98.3485
97.0682
98.7185
97.6769
98.308
98.3203
98.618
98.708
99.0749
98.4251
97.8259
99.1172
99.9814
98.734
98.47
98.8054
98.9373
98.8514
98.3959
98.3919
96.6494
99.8495
98.4931
96.6802
98.297
98.7829
98.4013
99.3713
98.3351
99.0482
98.9216
99.1061
98.9891
98.4723
98.3454
98.3266
98.4293
97.6832
98.8374
98.7401
98.8322
98.6807
98.4878
99.4692
98.7212
97.8
98.3742
99.0601
98.9536
98.5606
98.3772
98.7644
98.735
98.4063
98.8568
99.1366
97.3347
98.3874
98.315
98.8587
98.3896
98.5764
97.1232
96.6726
98.7863
98.4537
98.3051
98.2651
98.7366
98.2883
98.3585
98.9075
98.9235
98.4743
98.2825
98.3736
97.7159
99.3703
96.7067
98.7818
98.6604
96.8234
98.3099
98.2913
99.0951
98.7816
98.3575
98.2399
99.2676
98.4651
99.5857
98.2936
98.8327
96.0191
98.922
99.0021
98.5392
97.6905
96.7913
98.5564
96.7654
98.4208
98.7528
98.9047
98.7617
97.0913
96.6668
99.2501
98.7816
98.7128
98.3988
98.8728
98.346
98.5322
99.2655
99.9856
98.685
96.0706
98.9712
98.6661
98.157
98.5487
98.5399
98.3035
97.1632
98.2568
97.935
98.2314
98.1381
96.73
98.8858
98.7655
98.736
98.2687
99.0666
99.0686
99.7209
96.7334
98.7132
98.9751
98.8785
97.6941
98.8709
98.5514
98.8277
96.5333
98.7825
98.5809
99.0454
98.3041
98.3893
98.4392
99.1179
96.4878
98.7713
98.7394
98.8519
98.3947
98.9716
99.6128
99.2307
96.679
96.8465
96.8263
99.0008
99.1693
98.2702
98.3221
97.2683
98.6721
99.1311
98.8299
98.7066
98.8011
98.6534
99.3852
99.0289
98.3807
98.8471
98.4786
98.6526
98.4376
98.8706
98.7784
98.5353
96.7373
98.6742
98.4697
99.1264
98.7345
98.3948
98.3784
98.2217
98.3649
98.4423
98.4365
98.3288
98.4262
98.6315
98.4482
99.1089
98.3296
99.0303
98.7504
99.3284
96.7449
99.8415
98.7071
98.8378
98.4823
97.9501
97.9285
98.3398
98.6476
98.932
98.9812
97.2873
98.4238
99.156
97.0857
99.5488
96.84
98.8008
98.3412
98.4505
98.3772
97.1069
98.9248
98.3141
98.8639
98.3861
97.2674
98.3342
98.3495
98.4612
98.3664
98.8221
98.8588
98.0891
98.5155
97.7727
98.3865
98.4009
98.7879
98.4182
98.3378
98.2901
98.784
96.7359
98.0404
98.102
98.6118
97.0217
96.5741
98.3028
96.5143
97.8036
98.2305
96.7655
98.3846
98.4193
98.8731
98.542
98.5686
98.9843
98.4662
98.3815
96.5923
98.908
98.2206
99.6182
98.9508
98.3994
98.3278
99.1296
98.9523
99.1047
98.2539
98.3096
98.8192
98.9011
98.4943
97.3403
98.3049
98.3942
99.2199
99.0076
98.3178
98.2929
98.3473
98.3071
98.3893
96.5907
98.2922
98.3867
98.6136
98.2555
98.3126
98.7832
98.7838
98.2386
98.2233
98.5173
98.8895
99.3497
96.6533
98.4926
98.7727
98.8151
98.7303
98.9577
97.3173
98.7022
98.9772
98.7891
98.3274
98.8731
98.3901
98.9507
99.0521
98.7736
98.7894
98.3162
98.4453
98.3452
98.3724
98.9016
98.8664
98.7248
99.2455
98.7029
98.7391
98.673
99.0038
98.6679
98.1463
99.0862
98.44
98.4167
98.3453
98.7019
98.4865
97.9397
96.7873
99.5241
98.3706
99.1197
98.663
98.2092
98.4277
98.7763
98.3059
99.1458
96.6468
98.743
98.5151
98.319
98.7879
98.854
98.661
98.3608
98.892
96.7907
99.2912
99.5469
98.4812
98.6773
99.2692
98.4263
98.4535
98.4963
98.7385
99.6475
99.2702
98.4727
96.6261
96.741
96.664
98.3692
98.205
98.8034
99.4129
99.7735
98.7388
98.182
98.4192
96.6292
98.379
98.2688
98.8872
98.405
98.4229
98.2153
98.3704
98.9009
98.3422
98.6479
96.6017
98.423
98.3272
99.5583
98.7303
98.6625
98.6347
98.8124
98.4842
96.7001
98.5136
98.7746
98.8784
98.3904
99.2853
98.5285
98.9426
97.9158
99.065
98.2842
98.3415
98.7774
98.8951
98.815
98.4446
98.8705
98.7763
98.3529
98.1605
97.3886
98.7076
98.435
98.8088
99.0989
96.8505
98.344
99.2597
96.5849
98.4366
98.8254
98.445
98.9187
99.0844
98.3174
98.3871
99.0023
96.6588
98.6743
98.8872
98.7741
98.34
98.6869
98.5569
96.8228
96.7944
98.8858
98.3336
98.742
99.0292
98.8515
99.5688
99.3594
98.6508
98.7763
99.4576
98.9021
98.4175
98.3884
99.1632
99.5968
99.4123
97.8071
98.4692
97.9411
97.0414
97.7627
98.7669
98.8973
98.3498
98.4922
97.7394
98.9199
98.9021
98.2798
99.2715
99.5639
96.7801
98.4906
98.2384
99.1169
98.6776
98.0539
98.4418
98.5251
98.2503
98.3482
98.6652
98.5437
98.4302
98.2719
99.2718
98.8158
96.7986
98.4727
98.6787
98.4932
99.2436
98.5348
98.8347
98.333
99.6404
96.7025
98.2825
99.1006
99.0367
98.526
98.13
98.3871
97.3493
98.8414
98.5068
97.1167
99.0539
98.8606
98.3044
98.2274
96.7232
98.4435
98.456
99.3511
98.8065
98.7304
98.6156
97.1664
98.5577
99.4001
99.2744
98.3911
98.6618
99.0339
99.0303
98.4816
98.0986
99.8737
98.6877
98.2741
98.8075
98.7417
98.1622
98.2699
98.2287
98.4057
96.7346
99.2645
98.2588
98.73
98.3471
98.3956
99.0594
98.4075
98.4563
97.1997
99.1106
96.7553
98.9233
98.7685
99.2034
99.5432
98.7871
98.3942
98.7373
98.7169
98.1919
99.0672
95.9626
98.5806
96.7196
98.5373
98.7582
98.5893
99.5388
98.7515
96.6541
96.6638
99.1714
98.5058
98.894
99.0925
98.7781
98.4239
98.4574
98.4303
98.4156
98.9415
98.3433
98.7059
98.2957
98.5693
99.2756
98.3361
97.7609
97.1024
98.9387
98.4062
98.4543
98.4199
98.2499
97.6051
98.9513
98.3504
98.3094
98.7908
98.2221
98.2905
98.8512
97.6988
98.7796
96.8418
98.3618
98.8101
98.7412
96.6271
97.338
98.2233
96.8046
98.3642
98.7373
98.46
98.4505
98.6413
99.1948
99.0192
98.9595
96.632
96.653
97.8234
98.7598
98.5424
98.2544
98.7006
98.4062
97.7944
98.8798
98.3919
98.5091
98.2916
98.0769
99.2064
98.2929
98.6179
98.3587
97.3282
96.6033
96.5861
98.2989
98.3237
98.9998
98.6453
98.9927
98.898
98.6762
98.6898
98.3821
98.6881
98.5036
98.7034
98.8167
98.7801
98.7629
98.2013
98.4862
99.2095
98.6938
98.8847
96.5936
98.9532
98.543
96.7291
98.4581
98.7937
98.2666
98.6528
98.4662
98.4845
97.2867
98.7961
98.8482
98.2758
98.4513
98.872
98.9058
98.4827
99.0132
96.7131
98.4262
98.9794
99.9901
99.2972
98.9444
97.1296
98.9321
98.4111
98.3254
98.4496
98.7931
98.7628
99.0474
98.7935
98.7576
99.0865
98.4162
98.4438
96.731
96.7809
99.1696
98.4268
98.5002
99.0437
97.0209
98.4961
98.1924
98.625
98.1836
98.4922
96.7136
98.4466
98.3506
97.7093
96.6914
98.3629
96.6806
98.3534
98.6803
98.6403
98.2749
99.3283
98.4898
96.6111
99.3488
98.6232
97.0208
96.7423
98.39
98.4214
97.9243
98.7999
99.372
96.6888
98.2796
96.5289
98.6014
98.8258
98.8595
96.6493
98.3537
98.7898
98.6562
99.2628
98.8799
98.4596
98.3452
98.4903
98.4469
96.7546
99.416
96.7367
99.5333
98.987
98.701
99.2451
98.8191
98.7695
98.8516
98.8209
98.6781
96.7419
98.3212
98.7475
98.6605
98.615
96.8073
98.8608
96.989
98.4196
97.0672
98.6745
98.1844
98.7719
98.271
98.421
98.4091
98.1599
98.9216
98.8303
99.6395
97.8962
98.4239
99.0651
98.4402
98.5764
98.4327
98.7349
98.4821
96.675
99.0161
98.3491
98.7719
99.0415
98.262
98.7584
98.7812
98.4169
97.1052
97.1161
98.9527
98.3635
98.1704
98.4784
98.7615
99.2533
98.3853
96.6224
98.7741
98.0697
98.7957
98.3138
99.1866
98.3114
98.4705
98.4759
98.4382
98.3454
98.0852
98.6174
98.1519
98.5538
98.8087
98.4418
98.9194
96.6778
98.3118
98.5495
98.5714
98.4953
98.497
99.4885
96.8027
99.3836
98.7797
98.971
99.0878
98.901
98.7599
98.4822
98.8245
98.2932
98.4223
99.3623
98.7824
98.9081
96.8125
98.7837
98.5447
98.2962
98.6923
98.7471
98.4823
98.6877
99.3102
98.5018
97.7398
98.3793
98.4006
99.8997
98.6551
98.7346
98.8432
96.7309
98.6924
99.0562
98.425
98.8745
98.9496
98.8323
96.7552
99.0354
98.4071
98.7581
98.6956
98.4032
98.5404
98.8469
98.8094
98.4728
97.9957
98.387
98.7068
95.929
99.3245
99.8488
98.3981
99.2721
97.3585
98.5057
98.218
98.4485
99.6006
98.8742
98.7054
98.3289
99.7459
98.5802
98.7012
98.4017
99.3139
98.534
98.7957
97.165
98.6513
98.3074
98.8594
98.4193
98.0204
96.9955
98.294
98.7732
98.861
96.7791
98.3603
98.4676
99.2633
98.4358
98.5997
99.7989
99.2314
98.9606
98.3988
99.1911
99.0033
96.7807
98.6736
98.8391
99.4452
98.5766
98.382
98.3905
98.7996
98.3487
98.4788
98.8103
99.0239
98.8993
98.9041
99.0101
98.6982
96.76
97.264
98.4672
98.8165
98.7997
99.0797
98.6914
98.3114
98.7423
99.268
99.2805
97.7321
98.8266
96.6792
96.6383
98.306
98.9277
98.2393
97.0414
98.3833
98.196
98.7558
98.3413
98.9423
97.9211
99.2639
99.927
98.3145
99.0409
98.2341
98.5116
98.4981
98.8521
98.8055
98.4182
98.4499
98.4467
98.3243
97.334
98.8034
98.536
98.5287
97.316
99.6254
98.224
99.5704
97.7698
98.4122
98.4639
98.3205
97.7224
98.4753
98.8411
98.4295
98.8194
98.3444
98.1802
98.3839
98.827
99.4541
98.4063
98.3461
98.9843
98.7027
98.387
98.2479
98.6089
98.391
98.5105
98.2216
99.2785
96.7586
98.7908
99.9781
98.7221
98.382
99.2757
98.747
98.8644
98.5436
97.711
98.6615
98.4512
98.2634
98.4443
98.478
99.0853
98.5554
98.7354
98.679
98.5274
96.8276
98.2842
99.3109
98.3953
98.7424
98.7963
98.4404
98.3097
98.8221
97.1337
98.3483
98.2207
96.7541
96.7488
98.9577
98.8719
99.2973
98.9223
99.5281
98.4089
98.4355
97.6437
98.8654
98.1721
98.3369
98.836
96.6884
98.7282
98.7806
99.5456
98.884
96.7606
96.7491
98.3214
98.6964
98.413
98.2467
98.4993
98.5408
98.7939
98.2611
98.9828
97.2953
97.2446
98.4252
99.6132
95.9286
96.7263
99.1138
98.745
98.6675
99.1254
98.8033
98.3687
98.4636
99.458
98.303
98.241
98.0766
98.9261
97.6784
97.1272
99.1972
98.9332
98.3785
98.4345
98.7096
98.3344
98.2995
98.3349
98.3412
99.0982
97.3818
96.6962
98.2611
98.4255
98.642
98.2903
98.4632
98.5057
98.4089
98.5061
99.0762
98.8639
98.537
99.3343
96.9502
98.6475
98.9307
99.4217
99.9075
98.8492
98.2465
98.5605
98.9375
98.4416
97.1049
96.7312
98.8019
98.3688
98.7923
98.4119
99.1975
98.4131
98.403
98.6713
98.3443
98.381
98.7595
98.4204
98.7595
98.848
98.9324
98.6001
96.6202
98.9893
98.7935
99.6925
98.7927
99.0449
98.8487
98.4749
98.2894
98.8792
98.4181
98.5363
99.3125
98.6747
96.7532
97.1769
99.3902
98.3348
96.7445
98.8143
98.4616
99.0355
97.4666
98.567
97.2969
96.6654
98.738
98.5188
98.3045
98.5957
98.7126
95.9587
99.2466
98.6622
98.7718
97.605
98.4364
96.6516
98.822
98.3403
98.9023
98.3105
98.3302
98.2693
98.4505
96.7107
96.8661
98.4938
98.3107
98.4954
98.2688
98.5779
98.89
98.3618
98.4682
99.4103
98.3751
98.2334
98.7757
98.4638
96.7504
98.6646
98.5503
98.7847
97.2118
98.6263
96.8229
99.1795
98.6867
98.6367
99.1179
99.0553
98.7968
98.9461
98.7949
98.8544
98.3907
97.189
98.451
98.8068
98.9339
98.7691
98.4903
98.3691
99.4249
98.3914
98.9144
98.4164
98.1944
96.8553
99.291
98.3972
98.357
98.1551
99.5271
98.7268
98.5702
98.3641
99.4844
98.4063
98.4547
98.4256
98.3887
99.4161
98.3427
98.6153
98.6812
98.5508
98.939
98.2457
99.989
98.9996
97.7042
98.4982
98.2998
98.3411
98.4647
98.7679
98.3634
99.5024
99.8285
99.1215
98.6182
98.3728
98.9895
98.9485
98.4644
99.0834
96.7288
97.7729
98.9924
98.7892
98.7251
98.4677
97.1513
98.4321
98.4816
98.2255
98.9674
99.0023
98.6943
98.4753
98.375
98.3747
98.7722
99.0903
99.0617
99.108
98.1484
98.3787
98.944
98.8393
98.151
99.3476
98.6848
99.3147
98.3893
98.3247
95.8863
98.8234
98.6914
95.955
96.8445
98.8348
99.3623
98.1447
96.6352
98.9415
98.7832
98.3937
98.9769
99.3034
98.9055
98.3748
99.9665
97.8003
98.7085
98.7113
98.7746
98.4121
97.0468
98.5958
98.8024
98.8791
98.7339
98.6507
96.744
98.827
98.4885
99.1683
98.4047
98.4371
98.4867
98.4154
99.0644
98.339
98.7463
99.5341
98.3943
96.684
98.7442
98.4729
98.4889
98.8009
98.5894
98.8083
99.2081
98.9866
98.6235
96.7106
98.9656
98.3318
98.7946
99.0469
98.827
98.4377
97.0629
98.5288
99.0768
99.4158
99.236
98.1477
99.1405
97.0202
98.3382
99.0728
98.3272
98.6923
98.5884
98.4215
99.6603
97.1923
98.6171
98.2927
96.9771
99.1081
99.1585
98.3542
98.7663
98.8533
98.4582
98.7525
99.1992
98.4951
98.7781
99.3446
98.8156
98.2468
98.3557
98.6389
97.164
98.1978
98.3389
99.0224
98.2028
96.7009
98.7988
98.6594
98.6718
98.9083
96.6036
98.5486
98.8021
98.6331
98.2818
99.491
98.9765
98.2608
98.3188
98.3354
96.8694
98.9054
98.9034
98.4355
98.3741
98.8528
98.3279
98.9357
98.2687
98.6691
96.8022
96.7076
97.0369
98.3943
98.4733
98.8128
96.674
97.7133
99.0324
98.9545
98.2746
98.258
98.4382
98.6162
98.6765
98.7971
98.4069
98.8081
98.3088
97.8379
98.3923
98.7089
99.3738
98.8173
99.5983
98.3479
97.0159
99.8743
97.0368
98.3779
98.8461
98.6937
98.2406
96.662
99.4545
98.8982
97.5626
98.7988
98.3605
99.6163
98.3719
98.9708
98.7241
99.0437
99.0564
98.0957
96.7848
98.3812
98.3113
96.621
98.3065
97.1884
98.7525
98.4244
98.2622
99.3459
98.643
98.2942
99.0324
98.3977
99.1413
98.8058
96.7751
98.5752
98.7581
98.731
96.0132
96.8767
98.5224
99.2176
99.5768
98.9399
98.7607
96.8076
95.9626
99.1323
98.6277
98.7603
98.8797
96.7474
98.8458
98.2743
98.8629
96.7152
98.516
99.1199
99.3815
97.39
98.1946
99.1828
98.3823
96.6897
99.0356
98.6597
99.6586
98.8129
98.4195
98.4309
98.9182
97.1538
99.0618
97.2984
98.8752
97.6354
98.845
99.9665
98.9421
99.3143
98.428
98.2869
98.7853
98.6688
98.4436
99.31
97.8301
98.5177
98.7935
99.1504
98.2958
98.4436
98.9664
98.3909
98.8031
98.9498
98.7542
98.3861
98.233
98.4468
98.9993
99.1804
99.3357
96.7747
98.3582
96.7546
99.6625
98.6105
98.8371
98.7513
99.4598
98.7954
98.7753
98.1682
98.4606
99.214
98.9733
98.7764
98.3371
98.7491
98.7767
99.3695
98.9387
98.658
97.2564
98.4073
98.826
99.8045
99.2926
97.1914
98.5696
99.2248
96.7113
98.2991
98.4525
98.6988
96.864
96.8514
98.0711
99.8975
98.7858
98.9953
99.7006
98.4507
98.271
98.1071
98.3649
99.3262
98.3704
98.292
98.6491
96.6816
98.5634
98.3976
96.5765
98.3616
98.4579
98.8186
98.4434
96.5902
98.7236
98.8816
98.5419
99.0141
98.3055
97.1032
96.8421
97.2941
96.6769
98.3389
98.4647
98.9226
98.7899
99.125
98.5597
98.7016
98.4583
99.4261
98.4472
98.417
98.6915
98.5891
98.7393
98.3492
98.3513
98.4322
98.4499
98.4605
99.0946
98.7761
98.4151
98.3069
98.8599
99.0415
98.4619
98.5088
98.3215
99.0957
97.7392
98.4767
98.6727
98.6503
98.317
98.6724
98.8061
98.3657
98.6981
98.8465
96.5996
96.6753
99.2995
98.0698
98.5007
98.3566
98.8255
99.78
98.3335
99.0258
99.1081
98.9028
99.9602
99.1048
97.0764
98.8117
96.715
98.207
99.4188
99.2962
99.3545
98.3545
96.5412
98.3734
98.7429
98.7571
98.4158
98.954
98.3814
98.2361
96.756
98.2682
99.1575
97.8333
99.2386
99.1902
98.9613
97.3324
98.9208
98.8409
98.5845
98.9935
96.6262
98.3027
98.6002
99.7158
97.298
99.0254
98.1995
98.5911
98.9467
99.0487
98.7513
98.4197
98.8993
99.1517
98.3138
98.3828
98.3878
98.609
99.1696
98.4059
99.3899
98.4598
98.7276
98.8035
99.1505
98.4539
98.7935
98.2693
98.9487
98.4096
98.9111
98.7238
98.2982
98.4384
98.5617
98.7474
99.1599
97.6445
98.4362
98.4066
97.5747
98.885
99.3692
96.6552
98.7386
98.2495
98.3832
98.2873
99.2949
98.6344
98.4721
95.9981
99.0234
98.7827
98.3529
97.0768
98.9958
98.8198
98.4384
98.4811
98.4898
98.6768
98.7008
98.4827
99.3496
99.2443
98.2499
96.7288
98.9859
98.2625
98.6765
96.6068
98.3901
98.4079
98.2979
98.4377
98.3308
98.2339
98.6128
98.7876
98.9834
98.6362
98.8398
98.3702
98.7929
98.7212
98.4864
99.0561
98.378
98.8588
98.228
98.4821
99.416
98.3697
98.4245
98.5852
98.7248
98.9927
98.7485
98.4578
98.5584
98.5019
98.4067
96.5636
98.8823
98.3925
98.3163
98.9502
98.1716
98.6254
99.0143
98.4347
98.8628
99.5665
98.4953
98.4688
98.2206
98.6953
98.8474
98.5067
98.8374
98.8446
98.4308
99.1079
98.8697
98.6869
98.2768
98.5155
98.3546
98.8058
99.9935
98.4757
98.6937
98.2748
98.8315
98.3359
98.5359
98.4833
99.6189
99.7694
98.7374
97.3205
98.8576
95.8065
98.6425
99.1897
99.044
98.3117
96.7639
97.1237
98.7394
98.4927
99.1921
98.5074
97.683
98.9543
98.8633
98.801
98.2677
99.0914
98.8839
97.3447
98.4386
98.7447
98.3928
98.3438
96.627
98.8588
98.2543
98.7921
98.6507
98.7328
98.7032
98.3986
98.8628
98.4752
98.4086
98.7846
98.7909
98.7563
97.6562
98.9156
98.3585
99.1806
98.9137
98.9671
99.1559
98.4896
98.3182
97.7737
98.7782
99.3053
98.4895
98.437
98.3775
98.6144
99.186
98.7411
98.2993
98.817
98.7868
99.1832
98.9495
98.8811
98.2888
96.9454
98.5002
97.4263
99.4002
98.309
98.285
96.9207
99.4878
98.731
99.6775
98.8194
98.4201
98.8426
99.6688
98.6225
98.8284
98.3359
98.2815
99.3399
98.2963
98.7236
98.4853
98.4716
98.4476
97.094
98.7617
98.8475
98.6239
97.1667
98.6851
98.6389
96.7027
96.852
99.2766
98.8916
98.7327
98.4498
99.2563
96.7923
98.7331
99.0459
98.9904
98.7277
98.7545
98.5163
98.5051
98.3889
98.3573
98.7391
98.7728
99.1454
98.6468
99.9458
98.64
96.6573
98.864
98.9576
99.7115
98.3173
98.3785
98.3777
96.894
98.218
98.3269
99.2115
99.0951
98.388
99.0134
96.6997
98.2845
97.0621
96.6744
98.8395
97.1077
99.9234
98.3357
98.431
99.0482
98.5148
98.7526
99.662
99.6454
98.4277
99.2896
99.5119
96.9113
98.4836
96.6991
97.6308
98.7278
98.2996
98.9419
98.6168
98.7942
98.978
98.7481
99.0188
96.7572
98.8049
96.7874
98.7911
98.5069
99.7554
99.2727
99.0292
99.9529
96.723
98.8424
98.8958
98.3557
96.6694
98.8595
98.3688
98.3735
98.3808
97.0777
98.2713
97.8358
97.6396
98.537
99.3278
98.819
98.9407
96.9963
98.3624
98.3928
97.7709
98.7569
98.5204
99.2912
98.406
98.8292
98.7528
98.4116
96.7879
97.1024
98.7726
97.2942
98.549
99.0062
98.7893
98.6255
98.9017
96.7254
96.9708
99.2048
98.5213
98.7479
99.0186
99.2444
98.4553
98.6933
98.7073
99.2415
98.7122
98.6839
98.4042
99.6543
96.7067
99.7943
98.8713
98.4836
96.774
98.7904
96.7243
99.3676
98.3235
98.7234
98.819
99.3476
99.3197
98.4887
98.885
98.4094
99.5721
98.5997
98.9808
96.6637
99.6724
98.3922
96.8111
98.4201
96.6661
98.9797
98.986
99.5734
98.6462
98.3957
98.9719
98.8544
98.379
98.5888
98.5277
98.895
98.9808
98.9252
98.7701
98.3361
98.5883
97.4213
96.7186
98.9675
98.2463
98.6651
99.656
96.6246
98.5718
98.6782
98.3349
99.5295
99.4036
99.1349
98.3332
98.4298
98.3255
98.3867
98.6453
98.4222
98.8605
98.7218
98.9076
99.7213
98.7718
99.0413
98.8201
98.4959
98.3275
97.082
98.9208
98.4051
98.6261
99.2399
98.6456
98.4385
96.7229
98.5348
99.0292
96.6234
96.6839
98.4513
98.5001
99.0415
96.908
98.0149
98.4446
98.3338
98.7235
98.7293
98.7207
98.7494
96.7413
99.669
98.1651
98.3751
98.7727
97.647
98.2963
98.8542
99.2625
98.7981
99.2809
98.8414
98.12
98.7031
98.6319
98.347
98.8585
98.7211
98.6838
98.9267
96.6407
98.87
98.2511
99.3933
98.4776
99.0361
98.9979
98.2059
96.8045
96.991
98.7746
98.8552
98.7501
98.9616
98.2516
99.5458
97.1108
98.8595
99.6425
98.8904
98.9242
98.4702
98.2742
98.4346
99.102
98.9023
98.4369
98.3828
98.6312
98.7558
98.3284
96.74
98.7437
98.9785
98.5956
98.9001
98.4201
96.6941
98.9975
98.5505
99.4755
97.7175
96.6564
98.5325
98.5417
98.0111
98.4974
98.6584
98.331
99.0333
98.3784
98.0446
98.7406
96.7715
98.7927
98.9046
98.2888
96.8039
98.475
98.7835
98.2991
96.4504
98.3999
98.8533
98.6889
98.8199
98.7562
98.5385
98.6359
98.7789
99.2594
98.4332
97.1031
98.3795
98.2853
97.0523
99.1824
98.7118
99.2467
99.8229
99.5067
98.4816
99.4036
96.6875
98.0918
98.4736
98.3952
98.9858
98.7764
99.6327
98.4649
98.3647
98.7848
99.1917
98.4623
98.4276
98.8905
98.5944
96.7
99.7588
98.4936
99.1644
98.8001
98.7904
98.5145
99.9216
98.2823
96.7946
97.17
98.4958
98.7377
98.3761
98.4492
98.9908
99.994
99.1251
99.474
98.4417
97.3562
98.8375
96.7224
96.7384
99.2717
98.7679
97.6756
98.3325
96.7755
98.5487
96.7036
98.7253
98.3999
99.4009
98.303
98.7815
98.793
98.3613
98.6748
98.8268
99.4045
98.3879
98.6437
98.7738
98.3025
98.3617
98.4751
98.656
98.4316
98.9886
99.0764
98.3303
98.4556
98.4223
99.5879
98.3244
98.7458
98.9155
98.7204
98.448
98.5455
98.5587
98.9183
98.8484
98.4661
98.8587
98.7118
98.3106
99.5874
98.9979
98.4495
98.4176
99.0288
98.3905
98.7056
98.2299
98.4789
98.4501
98.3547
98.8411
98.8811
99.0798
96.73
99.0084
98.0781
98.563
98.823
98.3095
99.6053
98.6101
98.8366
98.4159
98.9947
98.388
99.718
97.599
97.6097
99.5906
98.8852
98.2655
97.2912
98.1157
97.1989
98.848
98.3298
99.0085
98.863
96.6656
98.2844
98.2933
98.3809
98.442
98.3471
98.8937
99.0108
99.1737
97.2581
96.539
98.4759
98.4195
98.3727
98.3932
98.6637
99.1023
99.3815
98.2703
99.5797
98.5333
98.3491
98.1973
96.6945
99.0565
98.4302
98.4928
98.3661
98.2628
99.1249
98.4258
96.7327
98.4966
99.3924
98.3766
98.78
96.6867
97.0664
96.6011
98.4181
99.2357
98.2533
98.4059
95.8095
98.4965
96.7097
98.3066
98.7546
98.5988
97.8356
97.8668
98.4899
98.9209
98.8163
98.5042
99.2194
99.9432
99.1077
99.1995
98.3616
98.402
98.8353
99.069
98.8028
99.27
99.0519
98.7053
98.7351
98.722
97.2617
98.4079
97.6608
98.6692
98.6952
98.312
98.787
98.2957
98.159
97.0424
98.3334
98.1723
98.5874
99.1356
98.2691
98.8185
97.1773
99.0418
98.7599
99.6812
97.0667
99.2704
98.8843
98.32
98.8838
98.1795
98.8058
98.7605
98.3606
97.7183
98.1897
98.4045
96.7406
98.3806
98.8893
99.6894
96.7785
98.654
98.3907
96.9402
99.6508
98.8135
98.5078
98.8354
98.6172
98.9097
98.8443
98.6518
98.8684
98.4462
99.3297
98.3111
96.8269
98.0743
99.1879
98.7741
98.3687
98.5508
97.8539
98.9282
98.9677
98.5665
98.9022
98.8835
99.0435
98.8647
98.8422
98.7375
98.7491
99.406
98.8037
98.3248
98.6712
98.6837
98.7438
98.26
98.7347
96.6796
98.3331
98.225
99.1595
98.833
98.9834
98.8203
98.3937
99.1494
98.6337
98.4265
96.6704
99.4125
96.6573
98.5405
98.7167
98.3346
99.5934
98.6943
98.1538
98.2673
98.9057
98.3883
98.6535
97.0978
98.7345
99.263
98.3738
98.2475
97.0354
98.379
98.7221
98.8531
98.7873
98.9323
98.9925
98.4172
99.8037
98.4219
98.4437
98.4892
98.8129
99.1708
98.3113
96.6401
98.354
98.2739
97.1594
98.5762
98.373
98.4041
97.0565
98.1286
99.0461
99.4125
98.6652
98.542
99.5696
97.2971
98.3946
98.8549
98.8278
98.8979
98.7054
99.5971
97.0234
96.6661
98.2768
97.9874
98.3792
98.5719
98.6896
98.5941
98.2003
98.3604
96.7655
98.3468
98.7663
96.706
98.2257
98.3583
98.4065
98.5082
98.9547
98.3843
98.2761
98.326
98.3738
99.2151
98.3479
98.3918
98.3567
99.1781
96.7253
98.7162
98.6478
98.4611
98.6621
98.7511
98.4469
99.9962
98.8193
98.4417
98.251
98.3782
98.9764
97.3316
99.0263
98.4811
96.6932
98.5052
98.1532
99.2794
98.6832
98.2651
98.3113
96.7669
98.7679
99.5114
98.3497
98.3904
96.8011
98.4187
98.729
99.9715
98.2963
98.3982
99.2247
98.8814
99.4753
99.0608
98.409
98.8522
96.873
98.2842
98.447
99.071
98.4623
98.1884
98.3667
98.3259
99.2568
98.8772
97.9925
98.2544
98.5636
97.6389
96.6654
98.6076
98.4629
98.9298
97.1892
98.7441
98.2687
98.3805
96.6496
97.1142
98.3486
98.6081
99.5103
98.3478
99.6411
99.1998
98.8589
99.179
98.9261
99.8045
98.8081
99.0479
99.0508
96.6631
98.2701
98.8644
98.761
99.1653
98.9581
96.9724
98.433
98.4843
98.3827
98.3861
98.428
98.2487
98.7684
98.7221
98.238
97.6201
98.6333
99.2197
98.6617
98.2423
98.6414
98.649
98.7526
98.4951
98.31
98.4183
99.6272
98.4926
99.1826
99.3727
98.1402
99.9382
98.4682
98.3416
98.5891
98.3951
98.9706
98.3629
99.2496
98.8499
98.209
98.4157
98.3864
98.2275
98.8267
98.3877
98.7113
98.6935
98.9978
98.334
98.5682
98.8664
98.8363
99.014
99.7929
98.5443
97.3801
98.4209
99.0645
98.8813
98.8428
98.6437
98.9695
96.7602
98.3408
99.3365
98.4922
98.3442
98.9045
98.3945
99.1542
98.5036
98.2888
98.8346
99.2846
98.5466
99.3595
98.4504
96.5642
98.4831
99.2046
98.808
98.6426
99.6158
98.6747
98.9853
98.9908
99.9367
98.3389
98.6822
98.7445
98.7023
98.2767
98.7077
98.4202
98.5508
98.894
99.0439
98.5832
98.86
98.8392
96.9765
98.874
98.8952
99.9853
98.8289
98.2184
98.4701
98.415
98.9921
96.7025
98.7254
96.7919
98.2592
98.2799
98.4537
96.514
96.7187
98.8585
99.7326
98.3319
98.9323
98.6686
96.734
98.5656
98.7947
98.387
99.3888
98.9717
98.8032
96.7699
98.2987
98.5373
98.3955
98.6538
96.7846
98.4973
98.8876
98.4324
98.2584
98.3976
98.803
96.7031
98.32
97.4974
98.7604
99.9008
98.3961
98.288
98.7934
96.7948
98.7436
98.5901
98.343
98.7252
98.1222
98.5852
98.7472
98.99
98.8266
99.0741
96.6482
99.2497
98.9235
98.3474
98.4787
99.1679
96.8917
96.9473
96.7349
98.7494
96.5834
98.6648
98.5118
98.7775
98.2972
98.2687
98.8921
99.022
98.7944
99.6263
97.0526
98.9367
98.2406
98.8283
98.6989
98.8176
98.184
97.8115
98.6527
98.9648
98.3939
98.5049
98.8816
98.4851
98.3822
97.7821
98.1194
97.2728
99.0545
98.65
98.4518
98.8456
97.1692
98.6906
98.3634
98.4187
99.1029
99.0641
98.3168
99.1407
98.4163
98.8171
99.7456
98.4474
98.7311
97.5883
98.465
98.6812
99.2382
98.7109
98.8978
98.2095
98.4517
96.6842
98.4024
98.36
98.6575
97.0642
98.8022
96.6961
98.8468
98.3712
98.2094
98.4487
98.3568
98.8099
96.686
98.2986
98.2291
98.3589
99.5695
98.847
98.7082
99.2471
98.6443
98.5077
98.4982
98.4378
96.7477
98.7485
98.5818
99.8372
98.722
98.4407
98.739
96.7535
98.9532
98.7831
96.7457
98.3351
99.0291
98.6731
98.4588
98.2699
98.1532
98.6171
97.1675
98.4661
98.3488
98.7082
96.6455
98.3821
98.2869
98.5259
98.3122
98.2864
98.7151
98.4196
99.1737
98.4935
99.1511
95.9115
98.7701
98.3391
99.1228
98.4901
98.9706
98.5114
97.3138
98.2711
98.5359
96.6859
98.3472
99.3465
99.2374
98.9683
98.3419
99.2151
98.6209
98.505
97.6366
98.537
98.3013
96.7025
98.4525
98.8396
98.6892
98.4115
98.716
97.4941
98.4727
98.5263
99.0266
99.4781
98.4123
96.8531
98.7398
98.7122
98.8824
97.1725
98.2731
98.8221
98.4035
96.7118
98.8893
96.9002
99.3366
98.3832
97.6755
98.7841
98.4396
98.2177
98.6556
98.4867
98.4083
98.6755
96.9018
98.7347
98.5243
98.4758
98.2639
98.7164
98.8175
98.8194
99.0901
98.4328
98.3727
97.7068
98.2654
98.9249
99.3134
98.5444
98.9961
98.4507
96.9437
98.2449
96.7457
98.2768
98.4774
98.4257
99.1492
98.3853
96.6878
98.4308
98.7747
98.4752
98.4743
98.4235
98.4924
98.9281
96.7954
98.7268
99.1467
98.2628
98.3641
98.3444
98.846
98.3551
98.3489
98.3858
98.3492
97.6665
96.5157
97.3813
99.2901
98.4018
95.9597
98.8532
98.3171
99.0619
99.2345
99.6168
98.4273
98.5159
98.2833
97.1758
98.9394
98.7683
98.3586
99.4148
98.3828
98.819
98.8591
98.6321
99.0494
98.6045
98.4867
98.6479
97.7087
99.5903
97.0112
98.288
99.1753
98.8157
98.698
98.6762
99.6683
99.5482
98.8629
98.9652
98.5275
98.7199
98.4675
98.559
98.7971
97.1067
99.2759
98.9092
98.9344
98.9011
97.0198
98.3485
98.2928
98.4468
98.0546
98.5319
98.5005
98.84
98.2811
98.2693
99.6638
98.9834
98.042
99.7315
98.6538
98.8516
99.3103
98.2962
98.6439
98.9047
98.8623
98.6621
99.5891
98.3113
98.8077
98.499
98.2952
99.4268
98.7854
96.5669
98.4582
98.699
98.9998
98.5118
98.4467
98.3506
98.3435
98.7337
98.5651
98.3517
98.2299
98.4161
96.7063
98.4967
98.2759
96.6745
97.2002
98.5986
99.002
98.0439
99.0673
98.3359
98.2092
98.3915
98.6674
98.7342
98.3211
98.2701
98.4103
99.1502
98.5385
98.8609
98.6635
96.6394
98.55
98.2419
98.4573
98.4606
96.6812
98.9569
98.505
99.3123
96.8387
98.68
99.5162
98.8016
98.9638
98.4218
99.2822
98.7076
98.4679
99.4025
98.4969
98.4857
98.2715
98.5083
98.2486
99.0948
98.4451
98.8095
98.361
98.4957
98.5764
98.7492
97.7347
98.3298
98.303
98.6575
99.1662
98.7935
98.5155
97.6623
98.5955
98.3632
98.4423
98.4885
98.4638
99.2606
96.6432
97.1237
97.7416
98.6725
98.8708
99.0615
99.1123
98.2913
96.9931
99.9575
99.392
98.2601
98.8012
98.2397
98.3479
98.4964
98.744
98.4682
98.9112
98.3159
98.42
98.3239
98.2566
99.5815
96.7056
98.5095
99.0437
98.2287
98.551
99.1
98.2297
98.4715
98.451
98.4797
98.035
98.3219
98.3974
98.4106
98.878
98.9234
98.9372
98.1538
98.7851
98.4721
98.4047
98.7375
98.3349
99.2782
97.7792
99.1251
96.8256
98.725
98.8716
98.1601
96.8102
97.0368
98.5357
98.2576
98.3434
99.0184
98.3388
98.7629
98.6213
98.3328
98.4679
99.5404
99.4084
98.4861
99.2275
98.8909
98.7548
96.7511
98.8036
98.5176
98.8487
98.4788
98.9507
98.4292
98.8628
98.5955
98.4806
98.9395
96.7298
96.7642
98.7612
98.7213
99.1603
98.5039
98.3634
99.4555
98.7267
98.3016
99.6067
98.8572
99.4503
99.2121
98.4463
97.9124
97.3725
99.9069
97.3515
98.345
98.2595
98.2593
98.459
98.3079
98.59
98.8301
98.76
99.1186
98.4247
98.4068
99.0959
98.2813
98.3583
99.8452
99.0084
99.271
96.611
98.772
98.8003
99.5591
98.4857
98.4945
99.4688
98.3718
97.8701
98.3807
99.7641
98.4149
98.4666
96.6609
97.0816
98.2099
99.3198
98.8093
99.0709
98.3491
99.0933
98.4196
99.9927
98.3597
98.4058
98.5548
98.7829
98.4085
98.4116
99.3625
98.8544
96.8135
98.4109
99.5178
98.7316
98.3831
98.6514
99.6434
99.4916
98.4541
98.3971
99.384
98.8305
96.7838
98.394
99.1873
96.6956
98.4737
99.0783
97.643
98.3867
98.8859
98.7337
99.4161
97.0815
99.0204
98.709
98.3901
98.6894
