98.431
98.733
96.8221
96.6699
99.8999
96.7948
98.2965
96.6778
98.6862
96.7527
96.8185
99.8352
98.7917
99.6243
99.9943
99.9644
96.465
96.8108
99.9539
96.6937
96.7126
96.7282
98.4067
98.9617
99.8414
96.7488
99.9705
98.3417
99.9703
96.6606
96.7881
99.1715
96.7766
98.6873
99.8439
96.7297
99.9951
98.2557
99.9926
96.7595
98.4142
99.3119
96.7431
99.9288
98.3093
98.7108
99.9869
96.7334
96.7794
96.736
96.8108
96.662
98.954
98.7308
98.6074
99.5603
98.6192
96.7149
99.8999
98.6538
98.5564
98.4179
98.6209
98.2229
98.81
98.7878
96.7744
96.5816
96.8397
99.9835
96.7595
99.8807
98.6292
98.4747
96.7145
98.7913
98.6978
99.0701
99.9753
96.5693
96.7784
98.4456
98.6787
98.7313
99.2339
99.1552
99.6354
96.5985
96.7232
96.7027
99.9885
98.7568
96.68
99.9965
96.6871
96.7899
99.9969
98.8296
96.8185
98.4043
98.5301
96.7459
99.0938
96.6316
96.723
99.9964
98.7477
98.589
98.6219
96.5978
98.6682
96.6778
99.1065
99.2428
98.3117
99.9691
98.459
99.9348
96.825
98.1502
96.6606
96.8101
99.1035
99.25
96.8343
99.1536
98.8676
96.8856
98.8058
98.4194
98.7479
98.756
98.8552
98.8731
98.4084
99.8363
96.6871
96.7878
96.8108
98.7387
98.7394
99.9929
96.6367
96.6842
98.2107
98.3476
99.9896
99.9703
99.9251
98.6502
99.9488
98.2217
99.9829
98.7528
98.8468
98.6951
96.7993
98.4065
96.6715
96.7334
96.6586
99.9971
99.1206
98.3407
98.4891
98.3843
98.7355
96.7205
98.2196
99.8912
99.9914
96.5985
98.1225
98.7528
98.7574
98.1601
98.9955
98.3095
96.7473
98.7806
99.9271
99.9895
98.7546
96.4706
96.8304
98.4056
96.9541
98.4205
98.8058
99.2927
99.8097
96.6658
96.7778
96.6556
98.6335
98.7208
96.6568
96.707
98.7725
96.6017
99.9539
98.7689
99.1336
98.7441
96.6507
96.7348
96.781
96.5669
98.4916
96.7673
96.8016
96.7007
96.6709
99.4524
96.6596
98.6124
96.9168
99.9821
98.4742
96.6588
98.8214
96.6775
98.3407
96.7007
98.2796
96.7899
98.3988
99.9496
98.7758
96.726
98.8121
98.1502
98.8739
96.7128
96.6816
96.5816
98.3989
99.9943
96.8382
98.2107
96.6208
96.7196
98.9707
99.9506
98.7176
99.2927
99.8166
99.9976
96.7766
98.4043
96.6588
98.6787
99.9896
98.7364
98.6507
96.7205
96.6835
99.0446
98.8095
99.9924
96.6357
99.116
96.7062
98.718
98.7876
98.3735
98.1589
96.7883
96.8105
96.6861
99.9883
98.2854
96.8637
96.7993
96.6569
96.6257
96.571
99.8918
99.986
98.7046
99.8807
99.8536
98.1502
98.7141
99.0297
98.9603
98.8468
98.85
98.921
96.7359
98.4051
96.8108
98.8452
99.9943
99.9735
98.3735
98.8218
99.9646
98.7917
98.5987
98.7677
96.7893
98.6335
96.846
98.4051
96.7362
96.6658
96.6187
96.7087
98.3576
99.9657
96.7434
98.1889
99.9269
96.7784
98.4229
96.7205
96.6247
98.9804
96.8135
98.5124
96.6749
98.7658
98.7472
98.7462
96.8366
99.9792
98.7546
96.7755
98.4205
98.2216
98.5732
96.6842
96.5286
99.9084
99.9286
98.4043
96.7094
98.7859
98.8371
96.5985
96.7
96.642
96.6978
98.8799
99.9971
96.845
96.7616
99.9945
98.3918
96.7784
98.2965
96.6978
99.5388
96.7179
99.9861
96.797
96.7503
98.5298
99.995
98.4858
96.8068
96.708
96.8352
98.9804
98.7637
96.5685
96.7205
96.6187
98.8121
99.9885
96.6709
99.5642
99.9808
98.6463
98.7462
96.7093
96.6872
98.5919
99.18
96.6702
98.7909
96.7919
99.9837
98.7961
99.9488
98.3574
96.7711
98.7787
99.9918
96.8375
96.7711
96.717
96.7458
96.7752
96.6942
99.9288
99.979
99.9574
98.4318
98.8009
96.8023
99.228
98.9751
96.77
98.5783
96.7262
98.3793
99.9348
98.7933
98.8195
98.4318
96.8154
98.396
98.6787
96.4706
98.6169
98.5564
96.6772
96.8701
99.9607
96.781
98.5975
96.6891
98.7638
99.9703
96.5757
98.6862
98.6929
98.4916
99.228
98.1624
98.6216
98.4257
96.6658
96.827
98.2845
96.825
98.7837
98.4151
96.7333
98.6734
98.3977
99.9969
96.6866
98.5987
99.4344
96.6316
99.9658
96.7574
98.426
98.4245
96.7616
96.6357
96.6569
96.8101
98.6682
99.1563
96.6438
98.9751
96.6816
99.9901
98.3112
98.8095
96.7262
98.1655
98.4067
96.6034
98.3095
96.7094
98.7013
98.9441
99.9312
98.8464
96.6559
98.4084
98.7917
96.8577
98.9751
99.158
98.5429
98.664
98.7387
96.7946
98.6911
98.954
96.7961
96.5656
99.9918
98.3793
99.9973
96.7145
96.6034
96.6596
98.8799
96.7488
98.2196
98.4387
99.9328
98.7291
98.7933
99.8918
98.6744
98.627
96.571
96.8017
96.5786
96.7362
96.5669
98.6723
96.6017
96.6778
96.6707
96.7711
98.4194
96.6982
98.2536
99.9358
98.2216
98.7812
96.8035
96.8339
96.8856
99.9896
98.7387
99.9865
98.9965
98.408
98.4747
96.6963
99.1503
99.4524
96.6588
98.2639
96.8339
99.9924
96.8016
98.2217
99.9901
96.7458
99.8999
96.465
98.3821
96.6699
99.7693
99.9945
96.6683
96.6586
99.9792
99.9943
99.9972
96.9535
98.7462
96.8382
96.8035
99.9389
96.8593
98.6978
98.74
98.6192
98.5858
96.7137
98.8464
99.6354
98.7685
96.734
98.8156
99.8912
96.8185
96.5923
99.2809
96.7841
98.2619
98.5301
96.7798
98.7638
98.8464
99.2053
96.7993
96.787
96.8339
99.9896
96.6841
96.6893
96.7699
99.9006
96.6556
98.4757
96.7767
96.7272
99.9965
96.7486
96.7699
99.9938
96.8694
98.735
99.9754
96.7212
96.7013
96.781
99.992
96.7125
96.6942
98.7824
99.9919
98.5314
98.7913
98.7108
98.5932
96.7046
99.9016
98.3732
96.7012
96.7537
96.7759
96.7556
98.7355
98.2488
99.9895
96.5669
98.6237
96.7199
96.7888
98.3548
96.7676
96.708
96.6438
96.8734
98.7937
96.7961
99.9815
98.7338
99.9751
96.6588
98.9603
96.7899
99.8439
98.7677
99.9861
96.6471
99.1192
98.3888
96.5669
96.7036
98.3482
98.7151
98.6734
96.7046
96.8028
99.9943
98.6538
96.7621
98.4806
96.5816
98.7593
96.8893
99.9964
99.9837
98.7961
96.7486
99.9829
98.4982
96.6251
96.736
99.9821
98.7338
99.924
96.7948
96.688
99.9795
96.662
98.785
99.9786
96.669
98.4284
96.8059
98.7633
96.7473
99.25
98.7765
96.76
99.9539
99.2535
98.2536
96.5923
98.2629
99.9895
99.9691
98.3843
99.9922
98.226
96.8016
96.7205
96.7046
96.8154
98.5213
99.9726
99.3314
96.6978
98.4194
96.7326
96.7488
98.664
96.8046
96.7893
99.9702
98.9804
98.735
96.7194
98.85
98.4205
99.9066
96.6321
98.4916
96.8017
96.8123
99.2768
96.7974
99.878
99.8714
98.6623
96.6725
96.7621
96.846
98.3749
96.7334
98.6787
96.7919
99.8858
98.6951
99.9973
96.8135
98.8009
98.2922
98.8181
99.8714
96.7524
99.9006
99.9905
99.6243
98.7128
96.4878
96.7126
99.9775
99.1563
99.9835
99.996
99.9823
96.8108
99.8515
98.2632
99.9815
99.2357
98.6723
98.718
98.5314
96.7867
96.7821
99.9422
96.7899
96.8644
98.3482
99.1192
99.9951
99.9561
96.6772
98.7859
96.6827
96.7235
98.2965
96.5987
98.8218
98.7617
99.9945
96.794
98.6787
98.4647
96.7196
99.9866
98.2299
98.7041
96.7196
99.924
96.6187
96.6963
96.6899
96.8108
98.8221
98.6623
98.3821
98.179
96.6208
98.564
96.6231
96.723
98.665
99.9801
98.4246
98.438
98.9751
96.8158
98.665
98.6507
99.8482
99.228
99.8482
99.9866
96.7445
98.4257
98.3989
99.1563
98.8392
96.8028
99.18
96.7087
96.7766
98.2216
99.878
98.4284
96.6116
96.7468
98.954
99.0297
98.6628
96.8304
98.6851
99.1552
98.7521
96.7699
96.6899
96.7841
98.3266
98.3023
99.9828
98.7909
98.7861
96.6606
98.3417
98.8218
96.7458
96.7836
96.7417
96.8016
99.9753
99.2809
99.2
99.2684
98.7404
99.8091
99.9098
98.7516
96.7249
98.6734
98.8942
98.7233
96.7381
98.4245
99.1882
99.5407
96.6699
96.6927
96.5621
96.6507
96.8734
98.4051
98.3117
99.8536
96.7888
96.7789
96.8284
98.4229
96.806
96.7348
99.9823
99.9814
96.686
98.6479
98.9955
98.5125
99.9905
96.6957
99.0416
98.2216
99.9908
98.7291
98.2488
98.8068
98.7025
99.0638
99.9814
96.6471
96.7621
98.7961
96.7
98.3112
96.6489
96.7461
98.64
98.9657
96.702
96.7732
99.7991
98.2922
98.7342
98.7876
98.6256
98.4286
99.9926
99.9869
96.5286
96.7836
98.5564
99.9861
98.74
98.8121
98.3988
98.6401
98.3622
98.2239
96.6507
98.6401
98.7958
99.8352
98.459
98.7757
98.5602
96.7445
98.3735
99.9896
99.2053
96.7103
96.7326
96.7899
96.7126
96.7087
99.9328
96.8694
98.8058
98.7024
98.7568
96.7568
98.9293
99.9506
98.3732
96.7354
96.7568
99.2339
96.8343
96.6797
98.4742
98.8552
98.7521
96.5749
99.8439
98.4469
99.9947
98.6479
96.7468
98.7315
96.7326
96.7381
96.6942
99.9915
98.8037
99.9965
99.9964
96.7058
96.7932
96.7946
96.7118
98.8552
98.6219
96.6267
96.7621
98.1514
98.7637
99.9835
96.6707
98.3622
98.8299
99.8414
96.7686
96.745
99.5603
96.8169
98.3989
99.9888
98.7173
99.5814
98.5588
99.9822
96.7503
98.8296
98.6857
98.4635
96.7062
99.9718
98.5844
96.6116
99.9896
99.9358
96.5984
96.5816
98.1624
96.799
98.3023
99.9938
98.64
99.8439
98.8121
98.954
98.7311
96.6872
98.955
96.8289
99.2535
98.4635
96.7125
98.7528
98.8731
96.7767
98.4469
99.1152
96.6816
99.9607
96.7416
96.7354
99.9644
96.684
96.7354
96.7574
99.239
96.5975
96.8593
98.9955
96.8101
98.9657
96.8701
98.954
98.1514
98.3843
98.7758
98.9464
98.9376
98.8156
99.979
99.9175
96.7036
96.7373
96.7715
96.7867
96.7556
99.0509
96.8488
96.8701
98.4257
99.9644
99.8352
99.9926
98.7281
99.9328
98.9233
99.875
99.8091
98.5959
99.9972
96.6657
99.9753
98.6
98.3112
99.9919
96.8397
98.6463
98.7128
99.8865
96.7486
98.7477
98.2005
96.8046
98.868
99.9924
98.3988
96.4706
99.8786
99.8923
98.4179
98.7477
98.8516
96.7047
99.9964
98.6331
98.7326
96.6872
96.7789
98.7365
96.7524
99.9829
99.1715
98.4982
96.6321
99.9811
96.6219
96.7888
98.8095
96.6778
99.9606
96.6839
96.7588
98.5783
96.4878
98.9561
96.6506
98.5783
98.7689
98.6787
98.7961
98.7951
98.7173
98.64
98.8827
98.6256
96.7468
98.8371
98.6116
99.9288
96.77
99.1536
96.7355
98.7559
96.5816
98.718
98.649
96.6699
98.4245
99.9935
98.6261
99.9718
96.7993
99.9923
96.7232
96.7416
98.7488
98.3407
96.8186
98.2239
96.7699
96.8251
96.7508
99.8037
96.7974
96.6457
98.3193
96.6559
98.8195
98.2393
96.726
99.9606
98.4067
98.7933
98.4126
96.5757
98.6787
96.6584
96.6699
99.9828
99.8995
98.77
96.6816
98.4912
98.426
98.2229
98.4205
98.6303
96.6709
96.7883
99.9388
98.8444
98.6803
96.5757
99.9657
98.954
98.9376
99.8923
96.7767
98.8121
96.7027
98.2878
99.9929
96.7524
98.4647
98.7961
98.7603
98.9332
98.8218
96.8238
99.9735
98.7961
96.7919
96.8017
96.7841
98.3741
99.4344
98.7546
98.6787
98.7308
98.6507
98.7173
99.9861
98.832
96.7118
98.6292
98.4309
96.797
99.9644
98.832
98.8267
96.7961
98.2965
98.9965
96.6866
96.7149
99.9754
98.7025
96.704
96.6725
98.8516
99.0322
96.7601
99.116
96.7036
96.6074
98.8444
98.85
99.2095
99.9197
98.6978
98.2878
98.9751
96.6802
98.7528
99.8456
99.151
98.7496
99.1336
98.7315
96.702
99.9084
99.8616
96.8637
98.4179
98.6787
98.7933
96.6301
98.921
99.9618
98.9657
96.6715
99.8995
98.7521
98.3548
98.8195
96.5749
98.7704
99.239
96.7766
98.7462
98.6609
96.7399
98.4126
98.5301
98.869
98.286
98.7958
98.4191
98.4912
98.2239
99.9908
96.6951
99.9829
98.6335
99.996
98.921
99.9286
96.7833
96.6927
99.1095
98.6209
96.6903
99.9751
96.7062
98.6723
98.5858
99.1536
99.995
96.6267
99.9703
96.7137
98.7328
96.5749
98.5783
96.7094
99.9941
96.7881
96.7899
98.3417
98.6858
96.8396
96.717
99.9885
96.5749
98.7562
99.9006
98.7725
99.9919
98.7937
96.7752
96.6357
96.6835
96.8023
98.7291
99.228
99.9607
96.7118
96.7445
98.7802
96.8261
98.6609
99.9926
99.8588
98.4191
98.7859
99.8363
99.995
99.9815
99.9895
98.9293
96.7047
96.7948
96.7334
99.1924
99.6243
98.7958
96.6208
98.3793
96.7475
98.9965
99.18
99.9703
99.8041
96.7441
96.7565
98.8552
98.534
99.9735
96.6818
96.7282
98.3023
98.9823
98.7847
99.9607
98.2406
98.756
99.5699
96.6749
98.7933
96.6861
96.5574
96.7946
98.4145
99.9098
98.165
96.6749
98.954
96.6219
98.1589
99.9801
99.2191
98.5321
98.6803
99.8913
98.7441
99.1882
98.5732
96.7825
99.9604
99.2316
96.7434
99.8616
99.18
96.5286
96.6957
98.6209
98.5858
98.7729
99.8858
96.7887
96.7199
98.6209
98.6331
98.5551
96.7373
98.395
96.77
96.803
96.7153
96.7836
98.8799
98.6209
98.8221
96.754
96.6568
98.3888
96.7825
98.8245
96.7993
98.7128
99.992
98.459
99.9858
99.8097
99.9098
99.9016
96.7007
98.7446
99.8851
99.9915
99.0909
98.4387
98.4065
98.7638
99.989
96.7145
99.9721
96.6702
96.6658
98.7302
96.6749
98.627
98.3542
99.9807
99.9422
99.9908
96.781
96.7459
96.809
98.2965
98.4469
96.7234
98.4145
98.7024
98.4556
96.8624
96.7179
98.4056
99.5642
99.9983
96.5656
96.6683
99.9885
96.7525
98.2854
99.1152
98.7685
98.4916
96.7527
98.627
98.7847
99.1065
98.9603
99.2316
99.8616
96.8339
96.8624
98.798
98.9332
98.5507
99.9687
98.7757
98.7568
96.9535
98.7488
99.9955
98.885
98.7876
98.2965
98.7462
96.6074
98.459
96.7595
96.7199
96.6357
96.7699
96.7883
98.3193
98.7462
99.9561
96.8352
96.6982
98.7837
98.7446
99.0297
99.2339
98.4972
96.8701
96.8893
98.6
99.9702
96.754
98.7559
96.7574
96.7932
96.8154
99.9646
98.3276
96.5985
99.8807
96.5787
99.9865
98.4194
96.6891
98.4647
96.8893
99.9288
98.9561
96.7137
98.7477
96.6438
98.9293
96.7249
98.7909
96.8158
98.2158
98.6682
99.9976
98.6237
96.7249
96.6357
99.8716
96.6989
96.7836
96.6301
98.9804
96.6606
96.6313
96.6316
98.4295
96.7959
99.8999
99.9964
98.2965
98.7302
96.7137
99.9506
99.9691
98.5987
96.5749
96.68
98.6803
99.9724
99.9943
98.396
96.8059
98.2488
96.8154
96.6231
98.534
96.7416
98.755
99.5699
98.421
98.6723
96.8893
96.7699
99.9912
96.7625
96.6356
96.7527
96.723
98.7173
96.6982
98.4067
98.7758
99.9705
98.8676
98.85
98.4391
96.6116
98.8548
99.059
96.8284
98.2393
96.7348
99.4524
99.9699
96.7795
96.8028
98.3407
99.8912
98.7477
99.2927
98.1601
98.7528
98.8452
96.704
98.4391
98.5732
98.7917
98.7802
98.627
98.4056
99.9724
98.6735
98.3843
99.159
98.5541
98.4237
98.2196
96.707
96.707
99.9861
98.9999
98.832
99.9216
99.9006
99.0542
98.8676
98.8296
96.6927
99.9943
96.8238
98.6124
98.3117
96.5504
98.8548
96.7625
96.6675
99.0322
98.6507
96.5693
96.6715
96.6957
98.9999
96.7056
99.9972
96.746
96.7205
98.7837
99.1536
96.6996
98.6507
99.9006
99.0638
99.8456
96.64
98.6169
98.2878
98.437
96.7285
96.6316
96.7752
98.5213
99.0542
96.6817
96.6828
98.4747
98.4067
99.9923
96.6839
96.825
99.059
96.6323
98.757
98.6873
98.4295
96.7601
98.4647
96.7759
99.7991
98.1601
99.8912
96.4706
98.7806
96.7349
96.8375
96.6323
98.7543
96.7657
96.7948
98.832
98.9804
99.1882
96.5923
96.6597
96.7993
98.165
98.324
98.226
96.7972
98.7876
96.7282
99.9883
99.1563
99.9826
98.7637
96.7794
99.2095
99.9926
99.9901
96.7798
99.9119
98.7217
96.5574
96.6522
99.7867
98.2404
96.6187
96.7205
99.1882
98.4916
96.7873
99.9901
98.7704
98.7961
96.8261
96.7888
98.6951
98.6169
96.6827
98.7496
98.7013
96.76
98.8873
99.2075
98.4742
96.5923
98.6787
96.6444
98.3044
99.6354
99.6354
96.7524
98.869
96.6839
96.7007
96.6438
98.8284
96.6357
99.9539
96.7686
98.4151
98.6538
98.8676
99.2927
96.5987
98.6857
98.804
96.7445
98.4865
98.7689
99.8196
98.8827
98.1749
98.5125
99.25
98.165
96.702
96.64
99.0446
99.995
98.7685
99.9111
96.6233
99.9098
96.7503
98.5301
98.8873
98.7355
99.9821
96.7887
99.8836
96.7149
96.7199
99.9506
96.8339
98.5975
96.7249
98.9804
99.0322
98.3491
98.6873
96.6731
98.832
98.6723
96.7125
99.8352
99.6709
98.7997
99.9963
96.7673
96.7867
98.8422
96.8017
96.7085
99.9006
98.868
98.3735
99.9389
99.1152
98.2639
96.7472
96.4706
96.7772
96.77
96.8893
96.76
96.845
96.7595
99.9506
99.8363
99.988
96.5669
96.6957
98.286
96.6842
96.726
99.8588
96.7408
99.2053
98.9804
98.9332
98.6169
99.6354
96.6965
99.9972
96.7334
99.9269
96.809
96.6861
96.6267
96.7948
96.8017
96.7397
99.3346
98.4858
99.9807
99.9943
96.7235
99.9751
96.7062
98.408
99.8714
98.7311
98.6911
98.7574
96.7883
99.5603
98.4084
96.8893
98.7001
98.8009
98.9603
96.7616
99.9726
99.9911
98.2807
99.1072
98.6574
99.25
96.8304
96.7094
99.9835
96.6276
96.7888
96.6658
96.6978
96.6588
96.7699
99.9111
96.8184
98.8444
98.1655
99.8739
99.9618
98.7725
96.688
99.9016
98.4391
98.7741
98.8731
99.9947
96.7873
96.6588
96.7795
96.6154
98.4742
98.7311
99.9066
99.9922
96.7118
99.3206
99.9665
98.7023
96.6866
99.9815
98.3482
98.8516
96.7417
96.5685
96.6507
98.6124
96.6699
98.6413
96.8016
96.5749
96.9362
98.7472
96.8366
99.8536
98.5453
96.808
99.7991
96.674
98.3491
99.8913
98.4056
98.755
98.2772
96.6982
98.6502
96.7711
98.9617
98.7917
96.7794
98.756
98.665
98.1749
98.7997
96.7839
98.7046
99.9288
98.3548
98.7516
99.9912
96.806
98.7546
96.7348
96.6589
96.7388
99.1072
96.6836
96.6438
98.8371
96.6772
98.7704
96.7899
99.9835
96.794
98.868
98.8009
98.7141
98.5564
96.7012
96.6818
96.7697
98.437
96.834
98.2028
99.9724
98.6335
96.7199
98.4635
96.7486
96.797
98.2845
98.4145
98.8095
98.3989
96.8158
96.6942
98.8382
99.0416
99.9912
99.9926
98.2393
99.9066
99.5261
96.6009
96.6702
96.701
99.9955
96.6606
98.4051
98.7291
98.4065
96.7992
98.5213
98.4807
96.7527
99.9971
99.0416
98.3843
99.18
96.722
96.6506
98.7917
98.7568
99.9709
96.691
98.179
98.2216
96.6356
99.9604
98.6108
99.9964
96.6568
96.7711
99.8482
98.7898
98.6862
98.8827
96.762
96.4907
96.7673
98.3044
96.7883
98.7607
98.1624
99.9908
96.8168
98.5619
99.9955
96.7085
99.4524
96.6257
98.6787
96.4706
98.5783
99.9111
99.9971
98.6538
96.6978
98.5298
96.7134
96.8017
99.1035
96.827
96.6731
98.8731
96.8701
96.7836
96.7752
96.6357
99.3007
98.7328
99.9869
99.988
98.6108
99.8536
99.9945
98.7894
98.6479
96.595
98.2639
98.6507
98.2845
99.9288
98.7909
99.2075
96.7616
96.7085
99.9703
99.8363
98.6256
98.5298
96.701
99.9691
96.8123
98.7802
96.6208
96.8382
98.7933
99.9644
98.798
98.2158
99.8923
98.2028
96.7992
96.7
98.426
96.8637
96.7686
99.875
96.7565
99.9726
96.7234
96.7893
98.3548
99.2191
98.7997
98.165
99.9945
99.9973
96.7383
98.4151
99.1336
96.6715
98.1502
98.6723
98.5732
96.7789
96.5685
98.8009
96.6683
98.8009
96.6569
96.6866
96.7759
99.9539
99.9529
98.7638
96.8289
99.1192
98.4229
99.9896
96.7974
98.4056
98.757
98.2252
98.3821
96.9385
96.6208
98.7372
98.7859
99.9914
96.7062
96.6313
96.6675
98.7658
98.1655
98.64
98.7488
96.834
96.8352
99.9905
98.627
98.4891
96.6489
99.0482
98.6269
98.8942
98.3162
99.8912
99.5537
99.9197
96.7875
99.9829
98.9657
98.1589
96.8701
98.5213
99.5415
98.3793
96.8251
98.7917
96.5923
98.4179
99.9726
96.68
96.6506
96.7355
98.3482
99.1072
99.9926
96.7836
98.4824
96.6444
98.4272
96.5816
96.7205
99.9348
99.9858
99.8196
96.809
96.6444
96.6802
96.7094
96.7
99.9874
96.789
98.7617
99.9915
99.2339
96.5816
99.9926
98.8676
96.6154
99.9488
96.8236
96.7528
98.2629
98.564
99.8995
99.9066
99.8739
98.7394
96.7205
96.6304
96.6116
99.9539
98.627
96.7359
98.3971
98.804
98.8552
96.6957
99.9943
98.2878
98.3053
98.438
96.6772
96.7673
99.9964
98.7108
96.6506
96.7625
96.8046
96.7199
96.595
98.7046
98.5431
98.6843
96.7149
96.8154
98.627
96.827
99.1858
98.7824
99.8937
98.395
98.885
99.5415
99.9968
98.74
98.4183
98.9741
99.8097
98.2536
96.7798
98.4205
98.7462
98.4912
98.7917
98.4191
96.7441
99.2316
99.1065
98.9464
98.785
98.7342
96.7381
96.6301
99.9829
96.5995
96.8186
98.1502
98.3117
98.7557
98.7937
99.8352
99.9703
96.6842
96.6658
96.5816
99.9914
96.5985
99.9943
96.7755
96.7601
98.7176
98.6698
98.2248
96.465
98.6209
96.6802
96.7699
98.3888
96.797
99.3119
99.9822
96.7778
96.465
96.6596
99.9685
96.7362
96.736
96.7399
96.7333
98.6851
96.806
99.8515
98.8058
96.8236
96.7699
99.9751
99.9328
96.6699
99.9566
98.9464
98.9397
99.2075
96.7657
98.9376
99.2927
96.7836
98.4286
98.8935
98.6463
99.9685
96.9168
99.8918
98.3044
99.9792
98.4456
99.2075
98.2393
98.3347
98.2536
98.8335
99.9389
99.9861
96.6891
99.918
99.8858
98.885
98.4205
98.4758
99.9918
96.5685
96.702
96.7145
99.9869
96.754
98.8218
99.1336
99.1072
99.9618
96.7272
96.8046
98.735
99.9488
98.4807
98.6843
98.6074
99.9901
96.6836
99.0446
96.7524
99.2075
96.797
99.8913
96.701
96.7616
96.7588
98.2884
96.845
98.6862
98.3741
99.9955
98.7176
98.7338
98.6401
98.8113
98.7913
98.2196
98.7404
96.9535
98.8873
98.3162
98.459
99.8714
96.7565
98.2028
99.0416
96.6827
99.9795
96.6597
99.1858
96.7524
98.7176
99.8936
96.8023
98.7128
99.9618
99.9288
96.722
96.8918
98.7765
98.7521
99.9197
99.9936
96.8856
98.7824
96.8339
96.7974
96.808
98.3053
99.9908
96.7574
96.6532
98.7603
99.9328
98.7758
96.6187
99.989
98.5732
98.7342
96.7355
98.9751
96.7946
98.3576
96.6658
96.8016
96.4706
98.6209
98.4982
99.7991
99.9197
96.7354
99.9961
98.6862
98.6074
96.8918
98.8422
98.7704
99.6243
98.1655
98.8942
98.804
96.8236
98.8218
96.7863
96.754
96.8251
98.7685
96.846
98.3372
99.9735
96.8101
96.7458
99.9915
98.2406
99.9828
99.8302
98.1749
98.718
98.4179
96.6818
98.9561
98.6169
98.3482
96.8158
96.8734
99.2053
98.8898
96.6471
96.834
99.9903
98.2867
99.2428
98.8799
96.7459
98.3793
98.9999
96.6699
96.7205
98.798
98.8214
98.9657
99.9506
98.2196
98.64
96.7565
98.4229
98.6269
96.6772
98.6209
96.6842
96.6962
99.5603
98.6734
99.9965
99.2339
99.6243
96.7875
96.7383
99.8515
98.6992
98.718
98.5564
98.718
96.7839
96.6276
99.9348
98.421
96.7036
98.9332
99.9271
96.6272
99.2684
98.1624
99.9866
96.6905
96.7795
98.9999
98.77
98.6851
98.5551
96.7334
96.7697
98.7311
96.7932
96.6675
98.7085
98.4757
96.7185
98.1815
98.7729
98.5588
98.4286
96.6588
99.9912
96.7759
99.9823
98.4213
96.8169
96.7697
99.9703
96.5504
98.3407
96.7234
98.8218
98.8245
98.6723
96.834
96.8168
98.4067
96.6715
98.3735
96.745
96.6154
99.0881
99.979
98.2965
96.7334
96.7629
96.799
96.7047
96.7126
98.3732
98.3988
96.7007
99.8836
96.6699
99.1858
99.9966
96.7676
99.8912
96.5978
98.6682
99.9924
99.9969
96.6689
98.6723
96.5786
99.9955
96.571
96.6489
96.7836
99.0542
96.6657
96.6301
96.6835
98.5321
98.6574
98.7654
98.2229
96.8352
99.9811
98.7013
96.638
98.6744
96.6731
99.2927
96.7839
99.9964
98.7001
98.3989
99.2768
99.9896
99.9935
96.7621
98.2252
96.6473
96.8366
98.3112
98.9741
98.7217
96.8028
98.7013
96.726
96.7266
98.6744
99.9288
96.799
99.9922
98.2845
99.3206
98.431
98.7462
96.6689
96.7595
96.5816
96.8135
98.9955
98.7898
99.9658
98.6479
99.924
99.9828
98.7446
98.6479
96.8624
98.7176
96.7697
98.324
96.7134
99.8196
96.7603
96.8123
98.2769
98.5619
99.0103
99.9488
98.2866
98.6843
96.5985
99.9888
98.7638
96.7946
96.8251
99.995
99.5642
98.7342
96.8238
96.7355
99.0446
98.5125
98.6723
98.7913
96.7755
96.6836
98.6978
98.7364
96.5621
96.7118
98.7315
98.81
99.0638
99.8352
96.8624
99.9895
99.9968
96.6021
99.18
98.4051
96.7472
96.6532
96.6471
98.7917
98.7315
96.7355
99.1072
99.878
96.6334
98.8156
99.9983
98.7878
98.6851
96.7205
98.7917
99.8536
98.8299
96.6827
96.7899
96.7711
96.674
96.8108
99.9418
98.2922
96.7416
99.9971
98.6843
98.8739
96.7697
99.9901
98.81
99.9972
99.9197
98.2299
99.9869
98.2822
99.8302
98.6413
98.7859
96.4878
96.6963
98.9617
98.396
98.8452
98.832
96.6658
98.7913
99.8482
99.9914
99.8302
96.9362
96.9535
96.5987
98.6256
96.7137
98.6929
99.1882
99.8716
99.9905
96.7657
98.4806
98.2342
98.7677
96.6753
98.2216
99.9961
96.8123
98.7787
96.7767
98.7562
99.9922
99.921
96.5504
98.7617
98.2268
98.5858
96.7863
99.996
96.8856
98.6209
99.9726
99.9709
98.5125
98.3989
96.7488
98.2822
96.834
96.68
96.7616
96.7556
96.8396
98.589
99.9905
99.9945
99.9705
96.7855
98.7441
99.0103
96.642
98.6735
98.2005
98.8245
99.9938
99.9922
98.9707
98.9332
98.4972
99.0297
98.4647
99.9718
99.9926
99.921
96.8236
96.6689
98.2028
96.6957
98.8468
98.1514
96.7588
98.7937
96.6899
98.5125
98.5301
96.7883
98.804
96.7282
98.5314
99.9969
99.9951
98.8195
99.2075
96.5693
99.3117
98.1601
96.6855
99.9152
98.5301
98.8296
96.7093
98.7462
99.239
96.6356
98.955
96.6522
98.8382
96.6962
96.7855
98.426
96.6356
99.9945
99.2809
96.7948
98.6216
98.6548
99.8865
98.5732
96.7354
96.6568
96.8465
96.6725
99.9566
98.7909
99.9914
98.7328
98.2005
96.5621
99.9922
99.6354
99.1503
98.7677
99.9869
99.9858
98.286
99.8865
99.9865
98.4742
96.8893
98.7528
96.7867
96.6816
98.2393
96.7972
96.7199
98.6862
98.2217
96.8028
98.7559
96.7285
99.9914
98.7528
99.989
98.3482
96.6227
96.7205
98.4145
96.5787
99.8037
98.4234
98.2867
99.7867
99.8097
99.9488
98.8009
96.6506
96.6522
98.3044
96.845
99.2191
99.5642
99.2613
96.7527
98.2393
98.7013
98.77
96.8593
96.7056
99.9066
96.799
96.7408
98.2557
98.3793
98.7496
96.6843
99.986
99.9251
99.9705
96.7297
99.2535
99.0103
96.7765
96.7058
96.6231
99.8746
98.1589
99.9084
98.7441
96.7512
96.7093
96.7196
99.4524
99.878
98.1514
99.0542
96.7919
99.9918
98.2239
96.6316
96.6559
98.7025
96.7199
96.7715
96.6749
96.5787
96.6871
98.6698
99.8276
98.3989
98.85
99.8482
98.4229
99.1563
96.722
96.7767
96.7629
99.0509
96.5786
96.7905
99.9705
96.5757
98.3574
99.7991
99.9823
96.7126
98.7951
98.7488
99.9945
96.845
96.6589
99.8918
96.7715
98.5959
96.6444
96.803
96.5995
98.9376
99.228
98.7313
98.4051
98.3095
98.7806
96.726
99.921
96.809
98.8422
99.921
99.9561
99.8858
98.3603
99.2316
96.722
98.8676
96.754
96.7118
96.8893
98.2152
99.9943
99.2927
96.7138
96.7282
96.6657
99.151
96.8396
96.8375
99.9861
96.8221
98.3407
99.9801
96.717
98.4556
99.9975
98.4065
99.1035
96.7434
96.7399
98.7704
99.0103
98.2557
96.6017
96.7408
99.176
96.7833
98.7528
96.6514
96.5669
96.7234
99.9807
98.2196
96.7888
98.165
96.8488
96.7036
96.7959
98.3417
98.5619
98.8739
96.7883
96.7629
96.6251
99.9914
98.2404
96.6836
99.239
98.8371
99.9869
98.8898
98.7741
98.9965
98.3888
98.5301
99.4344
99.9918
99.8616
96.7232
96.8168
98.4105
98.4183
96.5595
99.9328
99.9814
99.9822
96.6116
96.8185
99.9829
99.9751
98.7477
96.6963
98.6927
96.7544
96.6965
96.5816
98.4043
98.2248
96.8893
96.8046
99.9702
99.2328
99.9152
99.0446
96.5816
96.6962
99.8414
99.8536
98.4191
98.7725
99.9751
98.7837
96.7772
96.6021
99.8936
96.8339
96.8624
98.4192
96.754
96.7833
96.7959
98.4469
96.514
98.7559
99.921
99.996
98.1889
98.2536
98.7364
99.9821
98.3053
96.702
98.7446
98.4151
98.324
98.6538
96.6797
96.6855
96.7362
96.803
98.7024
98.7677
96.7867
96.7629
96.825
98.6237
99.992
98.7685
99.8439
96.6586
98.1889
99.2684
96.6532
96.5923
98.4758
98.7937
99.2927
98.7876
98.5959
98.3162
98.8037
96.6357
96.5621
98.6873
96.7601
96.6963
96.7007
98.6256
98.2028
98.7128
96.7711
98.226
96.734
99.6243
96.6872
96.6588
96.6313
99.0297
96.7887
99.9828
98.6457
98.7725
96.8637
98.8113
96.7784
98.2632
98.7607
98.9561
98.421
98.6851
96.6227
96.8397
96.825
96.7528
98.6256
99.996
98.2878
98.7951
98.735
99.0482
99.0542
98.4891
96.7676
99.9829
98.785
99.0938
99.1192
99.9922
98.6457
96.717
98.8245
96.7103
99.9961
99.9915
99.9199
96.704
98.2248
96.7503
98.4192
99.9829
98.4747
96.7752
98.4145
96.8465
99.5415
98.7758
96.8158
96.8117
98.6862
98.7741
96.7612
96.781
99.8302
96.6471
98.8058
98.7654
99.9869
96.8343
96.6208
99.9865
98.8548
99.1192
96.7266
99.9703
96.6989
99.9912
96.5693
96.6689
96.799
98.4045
98.4084
96.595
98.7151
98.2922
99.9823
96.8624
99.8836
98.6463
96.8261
96.8251
98.2632
98.8979
96.7013
99.1035
98.3603
99.9037
99.9792
96.7194
98.8941
96.5787
98.4891
99.8363
96.6699
99.9792
99.9828
99.995
98.4469
96.8117
96.8017
98.4045
99.2328
96.806
98.9464
98.2807
98.7446
99.1035
96.6596
96.7992
99.9726
96.7873
96.7588
98.7654
98.8095
96.7588
96.7185
98.5783
96.8261
98.7233
98.5564
96.8918
98.8296
98.6803
96.74
99.0446
99.8616
96.7027
96.6866
96.6715
98.2772
99.9808
98.7837
98.1815
98.8548
96.7932
96.6559
96.7397
98.8739
98.2807
98.1589
98.3988
98.5961
98.4309
98.8898
96.8261
98.7521
96.7795
96.6211
96.688
98.2158
99.9658
98.6858
98.7128
96.726
98.6479
99.3314
98.7024
96.708
98.6261
98.7543
98.7934
96.7697
98.7108
98.2158
99.9726
99.4344
99.0909
98.8113
99.2927
98.804
96.7715
98.4234
99.2535
99.8995
99.8836
96.6937
99.9901
99.9966
96.5786
98.2772
99.9955
99.9604
98.9657
96.7715
96.7918
98.7528
96.6778
98.2845
99.5603
96.7194
99.9197
96.571
96.789
96.7196
99.9975
98.5551
96.6753
98.8218
98.6951
96.8046
98.4109
98.4234
99.2057
98.2404
99.9936
96.684
99.9821
96.6556
96.7459
98.165
96.7673
96.7878
96.7839
98.7543
96.6597
98.8739
96.8117
96.8488
98.8898
96.6942
98.3093
96.7445
98.9397
99.1072
96.6835
96.595
96.6233
98.7023
99.9016
98.1502
96.7893
96.6154
96.6772
98.7302
99.9941
96.6772
99.9422
96.7007
96.8028
99.9822
96.6154
96.7381
98.8181
99.9705
96.7381
99.158
96.7232
98.2629
96.6675
98.2404
98.2338
96.7948
98.4045
96.6965
99.5388
98.6538
96.5978
98.8095
98.6479
98.7001
96.6818
98.2536
99.9903
96.736
98.869
99.9815
96.7103
98.4865
96.8694
99.1206
96.6596
99.9152
99.0482
96.6707
99.9919
98.7394
96.5975
96.7676
99.8482
99.9869
96.6899
99.2095
96.5816
99.9808
98.8422
99.0909
96.6816
99.8999
98.9965
96.734
96.7183
98.3476
96.6367
98.6216
99.9066
98.7806
99.3346
99.0881
96.808
98.6723
99.5603
98.4858
99.9644
96.6818
98.2845
99.9976
98.7496
98.6269
98.4391
98.4179
98.7387
99.1552
98.6507
96.8154
96.6021
96.6227
96.6357
96.6715
99.2768
98.4151
98.6074
98.6216
96.6843
99.9422
96.6009
98.4318
96.6116
99.0297
98.6413
98.8422
96.8016
99.3314
99.9808
98.5961
99.986
98.8941
96.6903
98.804
99.9826
96.7992
96.6276
99.924
98.5541
99.2357
99.9966
99.9358
98.4056
99.8482
96.787
98.3093
96.6257
99.2357
99.8091
98.7909
98.4972
98.7729
99.9422
96.6658
96.7686
98.5602
98.6574
99.25
98.3574
99.9702
96.7441
96.6522
96.7873
98.4229
96.7974
99.9829
98.9965
96.6116
98.4151
98.3469
98.955
96.7205
98.6609
98.4295
98.9376
96.8238
96.7056
98.8941
98.7889
98.7725
98.408
98.6457
99.9951
96.6957
98.7046
98.868
98.5858
98.7557
96.701
99.8588
96.7728
96.7767
96.7695
99.9685
98.3576
96.6965
96.6841
96.7537
98.5298
98.7704
96.7878
98.7633
98.4109
99.1152
99.3007
96.8465
98.7894
98.3576
99.9726
98.9561
98.5429
96.6839
98.3603
99.0542
96.6034
98.6843
98.8464
98.7046
98.7937
98.4245
98.5619
98.9441
99.5415
98.6479
96.6835
98.4229
96.7883
98.8284
96.6321
99.875
96.8261
96.7355
98.8382
96.7458
98.81
99.9919
96.6962
96.7767
98.1589
98.4257
96.7767
98.3407
99.8037
99.9152
96.7232
98.8935
98.6538
96.7932
96.681
96.6993
98.2884
99.1882
99.8616
98.8444
96.7232
99.9837
99.9726
96.7899
99.9685
98.5783
96.6699
96.5786
98.8676
96.6301
98.3603
96.7836
99.8739
99.0446
96.6818
96.6606
96.5985
96.7772
98.4183
96.7408
99.2613
99.8937
96.4706
96.6219
96.7183
98.8335
98.8516
98.756
98.6
98.9464
96.7331
99.9826
96.5595
96.7695
99.996
98.3372
99.9717
99.9687
98.7951
96.7348
96.6699
96.704
96.6937
98.3117
96.6589
99.8588
96.8236
99.9926
96.7612
98.2632
99.0416
98.8095
96.754
98.4806
96.8169
98.7909
96.7919
98.785
99.0509
98.5987
96.8289
96.6779
96.5757
96.8135
99.2613
99.9915
96.6689
96.5995
96.7249
96.6556
99.921
99.1563
98.2406
99.5388
99.2684
96.8396
99.8913
96.8135
99.9964
98.7758
96.7833
99.989
98.7961
96.8221
99.9389
98.2158
99.9687
96.736
99.9837
96.6839
98.7311
96.781
96.7905
96.7348
98.735
96.7137
98.3576
98.3843
98.421
98.5541
96.734
98.5987
98.7233
96.6993
96.799
96.8261
98.3548
99.9874
99.2809
99.9912
98.4056
98.8068
99.2075
96.6589
98.718
96.7185
96.8028
98.4757
99.8276
96.8123
98.8552
96.6699
96.8158
99.8746
98.589
99.9753
99.9216
98.8452
98.6873
98.8392
99.9811
98.4891
96.514
98.5826
96.642
98.7528
98.3276
96.8893
99.9971
98.7913
98.7961
96.7929
96.8577
96.6597
96.7128
98.4105
99.1536
96.7772
98.8898
96.8593
98.6463
96.7212
96.6905
99.9506
98.6873
96.6842
98.7603
96.7126
98.7513
96.7767
98.6502
96.745
96.6993
98.4982
99.2339
96.6471
96.9541
98.165
98.9441
96.5669
96.8375
98.3053
98.324
98.2196
98.3476
98.7472
99.9936
96.5669
98.7802
99.9718
99.8489
98.4145
96.7383
98.4742
96.7695
96.6982
96.7993
98.3053
99.8912
99.8937
99.158
98.5213
98.7528
98.7151
98.9955
96.6903
99.918
99.0052
98.438
98.3622
98.7404
96.7784
99.9786
98.2404
98.6843
98.7658
96.7544
96.6606
99.7693
98.7934
98.4752
99.9709
96.7752
99.0509
96.7601
98.6124
96.6749
99.0446
98.921
96.7887
96.7134
98.6927
98.4912
96.8023
96.571
98.7364
99.9418
96.7354
96.6903
96.8123
98.9707
96.7138
98.7025
99.9975
96.7134
98.2005
99.9574
98.9293
96.8017
96.74
98.9741
96.7676
96.465
96.77
96.7948
98.564
99.9837
98.5507
98.3407
98.8422
98.4109
99.9539
99.2095
96.6743
99.9936
96.5993
99.9968
96.8154
96.7334
98.8444
96.7326
98.6169
98.7108
98.6256
96.8637
98.7364
96.8637
96.6802
98.5321
98.785
96.5816
98.5732
99.0542
98.3548
96.7056
98.7328
99.9119
98.7658
98.4309
98.4912
96.8016
99.9869
99.0638
98.3888
98.2639
96.7697
98.7041
96.684
98.3211
96.6855
96.8023
99.9006
98.226
99.9901
99.8936
96.7836
96.6356
98.6862
98.9617
96.6357
96.6778
98.7654
99.9835
98.6851
96.6893
99.8352
98.4647
96.5978
99.9961
99.9286
98.9965
98.6787
99.9753
96.6506
99.9418
98.6574
96.7507
96.6749
96.6743
98.6209
99.8196
99.3206
96.7556
96.7961
99.9971
98.324
96.7285
99.2684
98.6237
96.7556
96.7199
96.8046
99.5699
96.6965
99.1924
98.2299
98.7654
96.8397
96.6606
96.808
99.0297
99.9945
99.9775
98.4858
98.6183
96.6965
98.2807
96.7744
98.396
99.5415
98.7446
96.5504
98.8464
99.8091
98.3093
96.7093
99.9724
98.7496
99.8807
99.8739
99.8999
99.2053
98.8548
96.787
98.1749
98.7326
96.6709
98.5858
98.2965
99.9883
96.7473
98.5551
98.6074
99.9606
98.8068
99.9718
98.9823
98.7024
99.9969
98.2619
96.6835
99.9814
99.5407
99.8995
98.4742
96.7373
99.9488
99.8858
98.7108
96.5984
98.9293
99.9941
96.7616
98.2772
96.7992
99.228
96.7794
96.7262
98.4806
99.9721
98.3749
96.7676
96.7194
99.8196
96.7537
96.7441
96.6942
96.7381
98.4191
96.6034
98.5932
99.9943
96.7145
96.8289
96.7711
99.9606
98.2404
96.7993
96.726
98.6858
99.9975
98.7806
98.6116
96.9541
99.1035
99.979
98.8009
98.5732
99.9976
98.8121
96.7752
96.6836
99.9935
98.7041
98.7658
99.8439
98.7208
96.6962
96.7778
96.6658
98.3211
96.8238
96.846
98.3988
98.733
98.4065
99.9702
96.8893
99.9936
98.2632
99.9808
98.3093
96.8734
98.7765
96.8238
98.5961
96.688
96.808
96.8382
98.869
98.7313
98.7725
99.3117
96.684
96.7888
98.7302
99.9705
98.9823
98.7046
99.9861
98.7637
98.5564
98.8935
98.3569
96.7062
98.3793
98.6723
96.8893
98.7001
96.8135
99.116
98.3266
99.1882
96.8397
98.7001
98.7281
98.885
96.845
96.7568
99.9926
96.6965
96.686
96.7118
99.2057
96.7199
98.4391
99.9251
99.2053
98.6413
99.9966
98.3482
96.6009
96.6957
96.686
96.7711
96.5984
99.9922
96.6866
98.7372
99.5699
98.7281
98.7477
96.6836
96.7528
99.9943
98.3266
96.7085
96.6247
96.754
98.6479
99.9908
98.7859
98.4126
96.8375
96.5595
98.534
96.6298
96.6951
99.9947
98.9617
99.2316
98.7387
96.4907
99.2357
98.8181
98.9804
96.7867
96.7209
99.9969
96.6942
98.4179
99.9964
96.5921
96.6471
98.7151
98.7128
98.7637
98.7557
96.8047
98.7654
98.5961
96.4706
99.8836
99.5388
98.2639
98.4912
98.8245
96.7527
98.8037
99.8836
96.9362
99.9972
99.2927
96.6843
96.6471
98.6124
99.9665
96.7056
98.7562
98.7787
96.74
96.7612
98.4865
98.885
98.426
96.8918
98.3843
99.996
96.7126
96.6658
96.7657
96.6996
96.8284
99.2057
99.8739
99.0446
96.5504
98.4179
96.707
96.5685
98.7528
96.7441
98.3044
98.1655
98.1749
98.6951
99.9903
96.7103
98.9965
99.8456
99.8439
98.7574
98.286
98.9376
96.701
96.6658
98.4757
99.9911
96.6731
98.4469
96.708
96.7441
99.924
99.9506
96.7417
99.8995
99.9312
98.7933
98.2488
96.6709
96.6506
96.5669
98.6787
99.9006
99.9152
96.7881
98.921
96.6996
96.7355
99.059
96.7836
96.7697
96.5975
98.8299
99.9644
96.6836
98.6108
98.3266
96.762
98.731
99.9865
96.6323
99.9358
98.8941
98.7308
98.5844
98.7513
96.7149
99.9968
98.534
96.7992
96.6187
96.7326
98.954
99.1206
98.7559
96.8644
99.176
98.5314
96.781
96.7272
99.9885
96.6233
96.7183
98.7689
99.9861
98.9707
96.8488
98.6183
98.3117
96.8593
98.8552
96.7841
99.2655
96.787
99.9016
96.7183
99.2768
98.7528
96.8366
98.3918
98.2158
98.2922
96.7839
99.1065
96.6903
98.7837
99.9751
96.7603
96.5975
98.2107
98.4151
96.7285
96.7138
96.6532
99.1072
96.8918
96.7397
99.8739
99.9823
99.9699
99.9951
99.9665
96.6951
98.226
96.799
98.3095
96.5787
98.869
99.8037
96.7767
99.151
96.7326
96.846
98.4858
96.7194
96.806
98.804
98.85
99.9938
99.9922
98.4109
98.9804
96.8284
99.9823
96.9362
96.8382
98.785
98.2406
96.5987
96.7112
96.7821
96.5995
96.5984
98.8284
99.1095
99.9837
96.6021
99.9965
96.7603
98.627
96.5693
98.7462
98.7689
98.5932
98.7997
98.7637
96.6257
96.797
96.6313
98.3977
96.5975
96.7297
98.3053
98.408
96.7556
98.3971
96.7568
96.6978
99.9496
98.8444
99.2
98.5124
96.5656
98.3476
98.2229
96.734
98.7328
96.5923
96.7408
99.9955
98.665
98.8335
98.6723
96.6699
96.7285
98.6735
96.7326
98.3044
96.806
99.9703
99.9965
98.7557
98.5961
98.7937
98.426
96.5621
96.6606
96.8577
96.8047
98.6331
99.3346
98.4568
96.7262
96.723
96.754
96.8352
96.717
96.684
99.9539
99.5261
98.4556
96.7125
98.5298
96.8694
98.9751
96.8251
96.7212
96.7612
99.9152
98.4807
98.4757
99.9924
98.665
96.7527
96.7355
99.5814
96.6231
99.8923
98.426
99.8588
98.4043
98.2342
96.7262
96.6872
99.8588
98.4284
99.9919
98.6335
98.2807
98.7496
98.1815
98.3569
96.745
96.7056
96.7574
98.7513
99.6354
99.9084
96.7331
96.6893
96.7789
99.9911
98.7889
98.3749
98.1624
98.7802
98.4391
98.9233
98.4257
98.3117
96.8186
96.6715
96.825
96.6871
98.5961
99.8746
96.8158
96.7974
98.426
96.6899
96.7235
99.9943
99.9561
98.3266
98.7543
96.6982
96.6835
96.7697
96.7027
98.7394
96.6227
99.9943
98.4067
98.64
99.918
96.7408
96.7766
96.6868
98.2796
99.3117
96.642
98.6331
96.5923
98.7477
99.228
96.7056
98.6858
99.9835
98.8392
98.8284
98.1502
98.4824
98.2338
98.5588
96.9541
98.3574
96.6866
99.9691
96.6507
99.9914
99.2844
98.921
96.7629
96.754
96.6843
98.7364
98.6574
98.721
96.7568
98.7446
96.595
98.74
96.6835
99.9037
96.6871
96.7961
99.8037
96.6842
98.7001
99.9111
99.9066
99.9814
99.25
99.9066
98.8296
96.6903
99.9607
98.5619
96.7873
96.7565
99.9559
96.8068
96.6743
96.7126
96.6942
99.8037
96.8017
98.7488
98.4443
96.8366
99.0416
98.3622
96.7794
99.9905
96.6276
99.2095
98.7951
99.9855
99.9935
98.7894
96.8893
96.7087
96.7565
98.7001
98.9804
99.9152
96.7899
96.6683
98.4807
98.7961
99.1536
98.5541
96.6775
98.3989
98.6124
98.7326
99.0103
96.7767
98.3476
98.4635
98.7355
99.8786
99.6354
96.6942
96.8117
98.3569
96.734
99.1065
98.6256
96.76
98.4151
99.9422
96.6839
98.3112
96.6977
96.7408
99.9657
98.396
98.6787
98.4456
96.7595
98.9293
98.8548
98.3491
96.846
99.9901
96.707
96.6855
96.7373
96.7187
98.3971
96.7836
96.7334
96.787
96.6835
98.8267
96.722
99.9936
96.7574
96.7621
99.8616
98.7958
96.6506
96.7138
98.2769
98.7543
98.7861
98.9376
98.3044
99.8918
96.674
96.7128
99.9658
98.5961
99.8912
96.8108
98.3347
99.9388
96.7992
98.7355
96.7297
98.395
96.6683
98.7689
96.736
98.4742
98.4858
98.4443
99.9943
99.059
96.7285
98.8468
99.0881
98.3193
99.7991
96.7899
98.5125
96.7883
98.7477
98.9657
98.7394
98.1225
96.7948
98.4179
96.7199
96.6584
98.286
96.662
96.7297
98.7342
99.8807
96.8185
98.7496
98.7677
99.9119
98.5125
96.8028
96.726
96.723
98.8898
99.9066
98.7757
98.7859
96.6816
96.6816
99.9152
96.8918
96.6843
98.2248
96.465
99.9717
98.8392
98.3741
96.7475
98.226
98.4229
96.7112
96.5642
96.5693
98.4284
98.8078
98.7859
98.7758
98.5321
96.6699
98.7894
98.8422
98.4806
96.7399
96.6231
99.9775
96.7715
96.6584
98.733
98.9332
98.395
98.5125
96.5693
96.6227
98.4084
98.2632
96.7595
98.3569
99.9808
96.7798
98.8935
96.7893
96.728
98.7085
96.7416
98.3117
98.4191
96.6267
98.2196
98.1514
99.9895
96.6231
96.8035
96.8304
98.7861
98.7462
99.2075
96.7445
98.8979
99.239
99.8851
98.7934
96.808
98.2632
99.8588
96.7867
96.726
98.437
98.3569
96.723
96.7821
96.6937
99.3119
96.7794
99.9328
99.2684
98.8548
99.4524
96.7112
96.7334
96.6021
96.7199
98.4045
96.6836
96.6905
98.5619
98.7802
98.3469
98.2619
99.9811
96.722
99.9905
98.7812
99.9389
98.1589
96.7285
98.7603
99.9911
98.3162
98.4309
96.6842
98.7176
98.3622
99.1035
98.8121
98.7741
99.3314
99.9037
98.6787
96.9541
96.6842
96.7836
96.7085
96.642
96.7875
96.8017
98.7462
98.6209
98.3971
98.3749
96.6962
98.1889
98.5541
98.395
98.9804
99.9037
96.6839
96.6597
99.3314
96.794
98.7961
96.726
98.6074
99.7693
96.7331
98.8245
96.7187
96.8154
96.754
96.8238
99.9506
96.7126
96.6702
99.9709
96.799
98.5826
96.6675
96.5985
99.2535
96.7794
96.6017
96.6818
96.825
96.6154
98.954
98.6735
98.4807
96.6797
98.5321
98.2342
96.7839
96.7527
96.6276
96.7766
98.5987
96.6963
98.4469
98.2619
96.74
99.9269
98.731
98.4387
98.2866
98.7898
96.7012
99.9936
98.8156
98.6787
98.8739
99.9828
99.1065
96.8101
96.6219
98.8444
96.701
96.7209
98.5213
99.8836
98.7141
98.664
96.7657
99.7991
96.8856
99.9943
99.992
98.9464
98.64
99.8166
99.9858
96.7875
98.6574
96.6532
98.3372
96.7036
96.6009
98.286
98.6698
98.1749
99.8786
96.6835
99.9911
98.7757
99.7867
96.754
98.6401
99.0638
99.9943
96.7458
98.3023
98.8516
96.827
96.7993
99.995
96.6775
99.8807
96.7574
96.6267
96.7027
96.4878
98.2299
98.7141
98.798
96.8918
96.7789
98.7067
98.437
99.8936
98.226
98.7462
98.7024
98.2342
98.7025
96.5632
99.9808
99.7867
96.6473
98.7543
99.989
98.9397
98.4213
98.627
98.7562
99.8786
98.2107
96.6707
99.9869
98.7291
99.1552
99.0446
99.1072
96.7187
96.7855
96.6444
96.7212
99.9037
98.627
99.8937
96.674
99.9607
98.9561
96.8856
98.2299
98.8444
96.7397
98.4237
96.6606
99.9896
98.4295
99.8716
98.437
98.7658
99.2
98.6803
98.6479
96.7616
96.8261
99.0881
99.9705
96.4706
98.2252
98.4469
96.9385
98.2822
99.9905
98.564
98.7685
99.9566
98.6843
98.4469
98.7364
96.662
99.5642
96.8016
99.9328
98.4547
98.4295
99.0207
99.1192
96.754
96.825
99.9941
98.6237
96.7959
99.9955
99.7693
98.2922
98.2884
98.7013
98.4109
99.9964
99.9702
96.7752
98.2239
96.8352
98.756
99.9822
98.6074
98.4191
98.2248
96.7331
96.6074
96.7992
98.226
98.3469
98.3095
98.7513
96.674
98.6335
98.8676
99.1536
98.7637
98.3888
99.9964
96.7512
99.9929
98.7562
98.954
96.7118
98.7546
98.7898
96.5975
99.988
96.7789
99.8923
96.5693
99.9903
99.8913
99.9724
96.7445
98.9707
99.5603
99.9901
98.408
98.7878
99.9943
96.6982
96.7932
99.9775
99.9815
96.8694
99.9855
96.7046
99.9751
98.6851
96.6872
96.6842
98.6507
99.9269
98.6803
98.7513
98.6335
96.7946
98.6623
96.6116
99.989
98.3749
96.754
96.9362
96.808
96.7728
98.3574
96.5993
96.726
98.7876
96.7795
96.7867
98.7633
96.7657
96.7047
98.85
96.6675
98.77
99.9811
98.3044
98.6074
98.7689
99.176
98.7496
96.6855
98.7528
98.6502
98.4043
98.4234
98.627
96.8108
99.0938
99.9119
98.6538
98.921
98.6698
99.9901
99.9709
96.7899
99.9835
99.9922
98.7496
99.9908
96.7149
96.8577
98.4916
96.7527
98.7633
96.754
98.8284
99.9718
98.1589
99.9943
99.0052
96.7137
99.9914
98.7562
98.7281
96.7266
98.7462
99.8912
96.8068
98.7574
99.8616
99.2316
98.1749
99.8746
98.7496
96.7359
96.7946
98.2196
99.9922
96.7755
99.9972
96.5574
98.9999
99.1336
98.6303
99.2057
98.7568
99.9199
98.6682
99.9811
96.5693
96.9541
96.7507
98.1624
96.7616
98.6978
98.7824
98.2536
96.7992
96.7883
96.7888
96.7992
98.6609
98.2639
96.68
96.6772
98.8267
98.9741
96.6034
98.7173
96.5987
98.8296
99.1882
99.9911
99.9972
96.6323
98.7617
96.4907
96.7948
98.2807
96.6816
96.595
98.7024
99.9924
96.6905
99.1715
96.7883
98.6401
96.797
98.4309
96.6304
99.9348
98.869
96.76
96.8577
96.6586
96.704
96.6021
96.8644
98.6479
96.8289
98.7802
99.0297
98.9376
96.7138
98.4647
99.9216
98.459
98.2217
96.6978
96.6778
96.7795
96.8101
96.6584
99.9926
98.4556
96.7765
99.9821
96.6715
96.6597
99.3346
96.6298
99.3314
99.918
99.116
99.9901
98.8942
98.7637
99.9874
96.7362
98.6857
99.9539
98.7824
98.7516
98.4757
99.2357
99.9921
96.7397
98.7328
96.6532
98.7574
98.3821
99.9705
99.1536
96.6699
96.7468
98.4752
99.4524
99.8913
99.9837
96.9385
99.9975
98.2342
98.81
98.6074
98.2031
98.6628
98.4183
98.4126
98.954
99.9941
96.8117
98.4213
98.9741
98.954
98.6331
98.3023
98.7725
96.8366
99.9646
98.4758
98.4858
99.9922
96.6596
99.8352
96.8047
98.4151
96.7468
96.6775
96.7472
96.6257
99.3206
99.9646
96.7888
98.2005
99.9896
96.6835
99.9888
96.7125
96.7616
98.2152
98.3266
96.8366
98.3407
98.2878
99.9968
96.7441
98.6479
96.6658
96.7258
96.7888
96.6298
99.2057
99.9288
96.6556
96.6638
98.9707
96.8289
99.8616
98.6911
96.7348
98.3193
98.7025
99.9938
96.5987
99.9914
98.4865
96.7972
96.7472
98.396
98.1749
98.7898
99.9658
98.85
98.286
98.8095
99.2655
99.1924
96.7878
96.684
96.7103
96.5286
96.6868
96.6842
98.9707
99.8352
96.8624
96.754
98.286
98.8676
96.7695
98.4056
99.9644
96.7334
96.6817
96.7767
99.8865
96.7434
96.6357
98.5602
98.7025
96.7948
99.2535
98.8799
98.9617
96.7179
99.1035
99.9389
98.6413
96.8339
98.4972
98.7937
98.7859
98.7937
96.6321
96.7093
96.825
96.7334
98.6237
98.6401
98.7302
98.7108
96.7918
99.2339
98.7477
96.787
98.757
96.5642
96.8893
99.9921
98.2619
99.9702
96.4706
96.7699
96.7699
99.9883
98.665
96.7334
99.9795
99.8851
99.9197
98.534
98.4391
96.7397
96.6996
96.5984
99.9905
98.4237
98.6858
98.2772
96.9385
96.8185
99.9866
96.8123
98.2557
96.7948
96.7715
96.7767
99.8858
96.7537
98.6256
98.7013
98.4192
98.64
98.5975
98.2867
98.564
96.7503
96.7212
96.6323
98.5588
96.7948
96.6298
96.6749
99.5415
98.7472
98.4757
96.8284
96.691
96.6839
98.85
99.9914
99.176
99.0881
98.718
96.7468
98.6734
96.6842
98.2268
98.6858
98.5125
98.7638
98.7342
98.7024
98.9965
99.1715
99.9735
98.757
96.9385
96.7887
98.7917
99.9529
99.9975
98.868
98.6873
98.286
98.7462
99.8588
99.1503
96.7568
96.8035
96.6868
98.4387
98.2229
98.6261
96.728
96.7893
98.6574
98.7477
96.7974
99.9066
96.7778
96.6841
96.6842
98.3095
98.5975
99.9119
99.9977
99.9941
96.7331
96.688
99.9808
98.2619
99.1563
96.7794
96.7657
99.9724
98.2557
96.6606
99.918
98.9464
99.9604
99.9389
99.8041
99.9912
98.459
96.8108
99.8363
98.6401
98.7462
96.8105
96.8221
99.7991
96.736
98.6169
99.8363
96.781
96.6993
99.9815
98.7758
99.9972
96.7047
96.7205
98.9561
96.6725
98.8245
96.7765
99.9539
99.9751
96.8185
96.7234
96.6699
96.6835
99.9795
99.9199
96.8382
99.996
99.9829
98.885
96.7878
98.3569
96.9385
98.9751
98.3491
96.5286
99.8913
96.8023
96.8577
96.7948
96.7153
98.3482
99.3007
99.9973
96.5685
99.5388
96.8577
98.5541
98.5431
96.7948
98.437
96.6843
99.3206
98.8941
96.7888
98.7291
96.6818
96.8023
99.9269
99.9938
99.9829
98.6911
96.8289
96.7185
96.6367
99.18
96.7878
98.3989
98.7934
96.6689
99.2191
98.7878
98.4126
98.9603
98.7365
98.9707
99.9922
98.4443
96.6584
99.2095
98.6209
98.4972
96.7468
98.438
99.1503
99.1563
99.9915
98.3741
96.707
98.4126
98.2796
99.9717
98.3417
96.8117
96.7047
98.6862
98.2965
96.6034
96.7929
98.6723
98.1655
96.8108
96.7836
96.6559
98.3793
99.9835
96.662
98.6857
98.7326
98.718
99.9829
98.2769
98.2536
99.5415
96.799
99.9152
98.7909
98.2158
98.7404
99.9869
99.1536
99.9657
98.437
98.2239
96.6233
96.8465
96.789
99.9924
96.514
96.708
96.6951
98.7861
96.7767
98.7806
98.9464
96.8396
99.8912
98.7387
96.8236
96.6559
96.6977
98.5987
98.5314
98.5826
98.4179
96.6658
96.6154
98.165
98.718
98.9741
98.4045
98.7543
96.7686
98.8009
96.6871
96.7331
99.8588
96.6356
98.3044
96.7695
96.8023
96.7488
96.7711
98.735
96.6471
98.8009
98.7528
96.6731
99.1206
96.77
98.5125
98.2796
98.3044
98.3266
98.8284
99.9826
96.7187
98.4246
98.2639
96.7196
98.1502
99.9358
96.7537
98.1225
96.8047
96.7625
96.726
98.7951
96.688
96.6749
99.9823
98.5987
99.8588
96.781
99.8352
96.7945
96.7699
98.5124
98.7559
96.708
98.2107
98.7477
98.226
96.7468
99.9705
98.7958
98.3548
96.8343
98.9707
99.7693
98.4246
98.885
98.6479
99.9574
96.595
98.7302
96.6211
96.6825
98.534
98.7001
96.7323
98.8113
98.7342
99.9657
96.7527
98.7496
99.9835
99.9829
99.2357
99.8515
99.9903
96.8918
96.7673
99.9098
96.7486
96.6356
96.8284
96.5787
98.6873
99.4524
96.6825
98.868
99.9496
98.8037
96.8046
96.6569
96.7932
96.6937
96.6471
96.7285
96.6357
98.2796
96.808
96.6843
96.514
96.7993
96.717
96.6589
96.7194
98.7477
96.662
98.5431
96.6584
98.7023
98.7108
96.6473
96.5504
98.9965
99.9801
99.2844
96.707
98.3888
96.6899
98.3843
98.7025
98.6851
96.707
99.9721
99.159
96.6699
98.8267
99.9943
96.7919
96.6154
96.7673
98.665
99.9924
96.809
99.2768
98.5431
96.6532
96.7946
96.7013
96.787
99.8414
98.8444
96.8637
99.9963
98.7516
96.9541
98.8371
98.6256
98.3053
96.7488
98.4891
99.2328
96.7789
98.4183
98.1225
96.8644
96.754
99.6243
96.7488
98.4205
96.803
96.7488
98.4229
99.9705
96.6927
96.6584
96.6957
98.4912
96.6841
96.746
98.7685
96.8465
96.6657
99.9861
98.4647
96.6707
98.7913
98.7758
99.9815
99.9251
96.7732
96.8236
98.954
98.4443
96.7046
99.0509
98.6978
98.5932
96.707
99.2428
98.6108
96.734
98.5124
98.9741
98.7757
98.649
98.8156
99.239
98.8221
98.6857
96.7616
98.396
99.9821
98.3407
96.4878
96.6868
96.5757
96.7262
98.6209
98.7685
98.437
98.627
96.7888
96.7348
98.2619
96.8046
98.7528
98.8382
98.8422
99.3346
96.465
98.7364
96.465
99.9152
98.7462
96.6457
99.5814
98.5551
99.9657
99.9855
96.6951
96.7565
96.5786
98.7315
96.5757
99.1924
98.3023
96.794
96.7918
99.9874
99.2316
99.992
99.989
98.1589
99.9823
96.7297
98.6682
96.7134
99.9751
99.1206
99.9936
96.6841
96.7209
96.7527
99.996
98.9823
99.9822
99.5407
99.9926
99.9963
98.4757
99.9869
96.6828
98.2629
96.8238
98.8676
98.431
99.6243
96.5621
99.1336
99.9951
98.804
96.5749
98.7528
99.996
96.8261
96.8105
96.7883
98.3417
98.3576
98.2031
98.2878
99.1095
99.988
96.5923
96.6993
96.8893
99.8196
99.9016
96.781
96.6251
99.9795
99.9905
98.7528
99.9084
99.9152
98.9233
96.7833
99.8865
98.731
99.9922
99.9724
99.7991
99.5699
96.6962
96.6021
96.8101
99.9348
98.9603
99.9389
98.4891
98.1589
96.7234
99.988
96.7
96.8343
99.8918
99.9964
99.9822
96.6473
98.4151
98.5588
98.3347
98.4824
99.9705
96.5574
99.8536
96.723
99.9644
98.7472
98.7951
99.9828
96.7473
96.5749
96.6818
96.7149
98.7488
96.7416
96.7036
96.6835
98.3603
99.8588
96.6937
98.3023
99.176
96.7715
98.2248
98.4647
96.8856
96.7323
96.6638
98.8078
98.9955
98.3576
99.9702
98.7837
96.8856
96.7678
96.6963
98.4647
99.9271
99.9855
98.534
99.0509
98.8267
98.7372
98.6463
99.8041
98.4456
98.721
98.2807
96.7867
96.6231
99.9685
98.7951
99.2053
99.9901
99.9941
99.9941
96.674
98.2807
96.7
99.9968
96.7715
98.8218
98.7364
98.665
98.7364
96.7946
98.2639
96.6818
98.7847
99.9066
96.754
98.4456
98.7513
98.7085
99.9964
98.6538
99.8536
96.781
98.721
98.2488
98.4084
98.8371
99.9943
96.7187
99.9644
96.6871
96.7789
98.7898
98.9464
98.2536
96.8154
98.718
98.8156
96.7179
99.5814
98.8382
96.7334
99.2191
98.8799
96.8343
99.0322
98.7355
99.9885
96.7512
98.2557
96.6937
99.9883
98.7315
98.6723
98.5783
98.955
99.9945
98.3576
96.7334
98.2299
96.7612
98.7291
98.5844
98.664
98.431
99.8851
98.4234
99.8352
96.8105
96.7699
96.6009
99.3206
96.9168
98.2028
99.8414
99.5699
98.4318
96.6689
98.4972
98.7806
98.2342
96.7993
96.6444
99.8352
98.8941
99.2095
96.7752
96.6816
96.8352
98.7725
98.7315
98.4257
96.6778
96.7445
98.5987
98.7308
99.9066
96.6638
96.7948
99.2844
99.9152
99.9826
96.723
98.3093
96.5621
98.649
96.6982
96.7134
96.8168
96.674
98.4067
98.7516
98.7521
99.8918
98.4318
98.165
96.722
96.7388
98.665
99.9705
96.825
98.7638
99.9866
99.8616
98.6978
96.6009
99.9929
96.5923
98.7562
98.4858
99.0482
99.9699
99.9348
98.7513
98.85
99.9866
99.25
99.1858
98.7496
96.7767
98.4229
99.2613
98.731
96.7508
96.8856
96.6334
99.8482
98.8422
96.754
98.6628
98.4067
96.7348
96.7383
99.5415
99.158
98.2772
98.6216
98.2536
98.8935
96.8694
98.3093
99.9947
99.0322
98.6734
99.9885
98.6978
96.781
99.9604
99.9973
99.9929
96.794
99.9006
96.5632
96.6731
98.6858
99.9921
98.5588
99.9821
96.7199
98.179
98.4456
98.5213
98.7446
96.6596
96.6899
99.0701
96.7128
96.7417
96.6211
98.4547
96.7588
96.7458
98.7355
98.9804
98.2444
98.2878
96.6507
99.3346
98.7364
96.7013
99.9726
96.6321
99.9751
96.5786
98.6734
96.8856
96.8701
99.3119
98.1624
96.7759
98.7765
98.3622
98.4213
96.5632
98.7658
96.7839
96.9168
99.2316
98.8392
99.9606
99.2809
96.7046
98.4295
98.4105
96.7899
99.9751
96.6559
98.9823
96.6334
96.8397
99.9709
98.9657
98.8873
96.7249
98.286
96.9362
96.7524
98.7477
96.7354
96.7568
99.9098
98.6951
98.4051
96.7544
96.514
96.5786
96.787
98.4142
99.8489
98.6269
96.6775
96.7137
96.797
98.665
98.3576
96.7
98.3603
98.5919
98.6169
99.2095
96.754
98.4547
99.8616
96.7094
98.5429
96.7445
96.5978
98.7023
99.2075
98.7958
98.6734
96.7445
99.2927
96.5757
96.5786
99.9912
98.2028
96.723
99.9926
99.1152
99.8739
96.5923
98.7446
99.8746
98.74
99.9506
96.7744
99.9901
99.9869
96.799
99.9963
98.7559
98.2444
96.723
99.9951
98.3347
98.2772
98.4387
98.7496
99.9216
98.3193
98.3741
96.7153
96.7621
98.7878
96.514
98.3476
96.6828
99.9912
99.996
98.6862
98.3542
96.7883
98.165
99.8302
96.7062
98.5932
98.6192
98.2005
98.7462
99.9964
98.664
99.8302
98.3749
98.3476
98.6873
96.514
96.8488
96.7179
96.7397
99.9665
96.6606
98.7441
98.7217
96.6871
96.662
96.74
96.7468
98.2619
99.9726
98.4257
96.7093
96.6802
99.9084
98.4647
98.9999
99.0322
99.9943
96.7673
98.286
98.7658
98.4456
99.4524
98.2769
98.9332
99.8918
99.2095
98.2393
99.9943
96.8289
96.6817
98.8267
98.5783
98.5551
98.2629
96.5975
98.7633
99.8999
99.9829
96.6872
96.6021
96.734
98.2031
98.5507
98.431
98.7313
96.781
99.988
99.9607
99.9922
99.979
99.9618
98.7001
98.2867
98.7704
96.7036
96.6586
98.6209
98.757
98.4151
99.3117
98.7689
96.6828
99.8936
99.2927
99.2613
96.7196
96.6903
98.8284
96.794
98.4109
96.6231
96.6866
98.6457
98.534
96.7209
96.6074
96.7185
98.7725
96.7929
96.6559
96.6989
98.4065
99.9216
96.6779
98.2005
98.868
99.9973
96.7196
96.787
96.8261
98.2854
99.3206
98.8181
99.1536
96.7878
98.4806
98.7729
99.9905
98.7859
96.6187
98.4865
98.7861
98.7559
98.8181
96.7441
99.1065
96.6357
96.6982
96.6828
96.7326
98.6261
98.8195
98.4213
96.5286
98.5541
96.5985
96.5749
98.3989
98.4568
99.228
99.7693
99.9807
99.9687
98.885
98.6335
99.9943
96.6034
98.8335
99.9918
96.7537
98.8552
96.7711
98.9293
98.7637
96.5993
96.7759
96.8577
98.5431
96.702
98.8799
96.7354
96.827
98.8382
99.9792
99.9869
96.5632
96.7878
96.7711
96.7755
96.701
98.8422
99.9814
99.9829
99.1536
96.717
99.9801
98.731
96.8105
98.2338
96.8366
98.4056
98.8214
98.408
99.996
99.9905
96.6588
96.7588
96.7027
96.6514
96.7445
98.6787
99.7867
98.3211
96.8154
98.8873
99.9823
99.918
96.6731
96.8918
99.1065
98.8676
99.9829
98.431
98.77
99.9388
99.0482
98.6723
96.6835
99.7991
96.8304
99.9969
96.846
98.9965
99.9865
96.7657
96.8047
96.6313
98.4443
99.9915
96.6963
96.7972
96.7056
98.7291
99.2844
96.7235
96.7738
96.726
98.6787
98.2965
99.1882
98.2229
98.2536
98.4234
96.5642
96.6227
96.7728
96.754
96.7333
98.564
99.9751
99.25
98.6548
96.7588
98.6978
98.7758
96.7789
99.9826
96.8304
98.5987
98.7824
99.9792
96.7527
99.1882
99.8097
98.4056
98.4194
98.534
96.7047
98.7488
98.3735
98.4982
98.7217
99.25
96.6267
96.465
99.9918
96.6957
96.7676
96.7765
96.7512
98.4142
96.7673
96.825
98.7689
99.0103
96.7765
96.8893
96.7867
99.9786
99.9858
99.8746
96.7625
98.7013
98.5429
96.7027
99.2768
96.5749
96.6227
96.7867
98.7933
98.7308
98.8058
99.2191
96.6313
98.7291
96.6233
98.6609
99.9561
96.7992
98.7607
99.9975
99.8739
96.702
98.6413
98.4229
98.3482
98.4916
96.7755
99.979
96.6638
96.7616
96.8123
98.7313
99.8865
96.7821
96.722
96.797
99.9175
99.2613
98.7308
99.0881
96.7266
98.6735
96.8068
98.735
98.6735
99.9811
99.9016
99.9216
96.5987
98.2769
99.9312
96.6927
98.7757
99.18
96.7778
96.7841
99.9539
98.2268
98.5844
98.2299
98.7557
99.9918
96.7528
96.808
99.4344
96.7126
96.6507
96.9385
99.9961
98.7847
96.6683
98.4205
98.6723
99.9866
99.9951
98.3117
99.158
99.1552
98.3569
99.9895
96.8343
96.7373
96.4907
96.809
96.8694
98.6843
96.789
99.8097
98.4568
99.9969
99.9921
96.7153
96.707
98.7477
96.6034
96.6996
99.5261
96.7699
98.2854
96.8593
99.8936
98.5301
99.8196
99.8276
96.7459
98.6479
99.2927
98.5932
96.6818
98.4142
96.5749
99.9751
96.6227
98.7313
98.6
98.7637
99.7693
96.77
96.7948
98.3749
98.6857
98.7023
99.9792
99.0881
96.7138
96.7993
98.3793
96.7199
96.6588
96.8304
98.9955
99.9702
98.2107
99.2357
98.7067
98.8464
96.6154
96.6559
96.8016
96.754
98.6538
98.2965
99.996
96.6532
99.9269
96.8624
99.9926
98.7787
98.3491
98.2629
98.4067
99.9251
99.9911
96.7087
96.7767
99.8616
99.2768
98.7311
96.7459
96.845
99.1563
99.5261
96.8465
98.4229
98.286
98.3469
98.3023
98.3843
96.803
96.7138
96.7863
98.718
99.4524
96.6957
99.8936
96.5669
99.9822
96.7087
98.9441
99.9896
96.7765
96.6298
98.6269
98.9999
98.7013
96.5621
99.1715
98.74
99.0509
98.3576
98.8422
98.6256
98.7861
98.6929
96.7616
99.9901
96.8154
99.9869
98.1601
96.7767
96.6715
98.7861
98.954
96.8221
96.6942
96.4706
99.9175
96.6675
96.728
99.8276
99.9977
99.8851
96.7183
99.2655
98.6744
96.6951
96.723
98.8296
99.9905
96.7875
96.6843
96.7445
99.8739
96.4907
98.7308
98.8676
98.6479
99.9216
98.3053
96.77
99.8918
96.6323
96.6982
96.6779
96.7126
99.986
96.754
99.9837
96.6658
99.0482
98.4742
98.426
96.8251
96.7855
96.7836
98.7308
96.7621
96.6457
99.9175
96.7185
96.7821
96.7839
98.6108
98.7338
98.8218
99.9983
96.6586
99.9811
98.7958
99.9821
96.7355
98.6538
96.7715
99.9983
96.794
99.9506
99.9559
96.754
96.7199
98.2884
98.7085
99.9152
98.7516
96.701
98.9751
96.8251
98.4109
99.9753
96.7138
98.5919
96.708
96.465
98.6292
96.7093
96.754
98.564
98.5541
98.6851
98.7516
96.9541
98.2822
99.5699
98.5213
99.5388
99.8912
98.2878
99.8515
96.6588
96.7103
98.6992
98.7559
98.6744
99.9943
99.8363
98.5507
96.6816
96.8375
98.6548
98.4858
98.757
98.7997
96.5921
99.918
96.7759
96.7145
98.798
98.885
98.7559
98.7023
96.7657
96.7883
99.9152
98.4865
96.6267
98.4145
98.179
98.9741
98.6978
98.8444
99.2191
98.4982
96.7929
98.3044
96.7475
99.9828
99.4524
98.4191
96.5504
99.8739
99.9918
96.7918
98.6978
96.6208
96.6871
98.6851
99.875
96.7205
96.4878
98.6256
96.6893
96.6843
99.2328
98.2769
99.158
98.4179
96.688
99.7867
96.6298
96.7503
98.165
99.9829
99.1858
98.4213
98.8422
96.8068
99.116
98.459
98.426
98.8113
98.2772
96.7138
98.6929
96.7959
96.6034
98.9293
96.6775
96.7179
99.159
96.77
99.1095
99.8716
96.6231
96.6715
96.6586
98.7067
98.9293
98.7311
98.4807
96.5693
98.7387
98.954
99.9488
96.7103
98.5844
96.7833
98.2632
96.6367
96.7125
96.7475
96.6683
96.8169
98.4229
99.9911
98.4245
96.7905
96.8035
98.8214
98.8516
98.8382
99.9926
98.7765
96.7047
98.7637
96.6871
98.3793
98.4126
98.868
98.665
96.5286
98.4213
99.2613
98.7617
98.2922
96.7568
96.7565
99.9699
96.6899
98.459
96.7062
99.1035
98.4067
98.5314
98.9332
99.8091
96.7212
96.726
96.7537
96.691
98.2216
96.7728
96.7058
98.9233
99.9951
99.989
98.6735
96.7417
96.8046
98.1655
96.6606
98.6548
96.6356
98.85
98.7824
99.3007
99.1552
96.7285
99.9963
99.9389
96.6893
98.9293
96.7841
99.9835
96.7397
96.7508
96.6951
99.8858
96.7183
98.7477
96.6211
98.7951
98.8873
99.9977
99.9971
99.9861
98.3988
98.4635
99.8616
96.7929
98.8392
98.4647
98.5732
99.9922
96.7568
98.7637
98.7758
99.9861
98.6857
96.6438
98.3622
96.7297
96.7354
99.9929
99.8489
96.5975
98.8516
96.6606
99.9795
99.1924
98.7025
99.8037
99.9574
96.6699
98.7617
99.9066
98.4635
98.3918
98.459
96.806
96.68
96.6978
99.9963
98.9293
98.7025
99.8858
96.7855
99.9658
98.2268
99.5699
98.6927
99.9923
99.988
98.7477
99.9702
96.7992
98.6219
98.7513
96.74
96.6753
98.4752
99.9941
98.5301
98.2796
96.6514
98.7757
99.8352
98.6479
96.514
99.5699
98.9657
96.6438
98.8979
96.8694
99.995
96.7875
98.3093
98.3888
96.8694
96.7331
98.9332
96.6709
98.4051
96.755
96.6559
96.7728
96.7899
98.756
99.9724
96.7
99.9691
98.286
98.735
99.9703
96.7373
98.4912
99.9943
98.2158
98.6335
96.7058
98.3476
99.8041
98.7878
99.9866
99.9801
98.2031
96.7128
96.7616
99.8588
96.7629
98.7876
99.2328
98.5125
99.5415
98.7889
99.8851
96.794
99.9216
96.5787
98.4286
98.3622
99.9084
98.756
96.7125
99.0542
96.8644
96.6316
98.7394
99.9792
96.7878
98.7607
96.7459
96.6357
96.8108
96.6438
98.7837
96.7348
98.757
98.4179
96.8304
99.9111
99.9829
98.8068
96.5504
98.785
98.1502
96.723
96.5985
98.665
96.7126
98.8392
98.6911
98.9751
98.7917
98.6574
96.7445
96.9362
96.7212
96.5621
96.5621
99.9016
96.7616
96.6021
98.4387
99.9923
99.9922
99.9855
96.7194
98.4142
96.6323
96.4706
98.7281
98.286
96.7434
99.9644
96.7527
99.996
98.3821
98.4912
96.7905
99.8276
99.989
99.9901
99.9574
99.0509
99.9945
96.6367
96.7992
98.6116
98.2158
96.9385
98.2866
96.781
99.059
99.8588
98.5298
98.2444
98.7108
96.7855
99.9941
96.5987
98.7593
99.5642
96.7282
98.3622
98.757
99.9705
96.7087
96.5642
96.8108
96.8135
99.116
99.7693
96.7878
98.8284
96.7715
96.669
96.7118
96.6842
99.9922
96.8154
96.7468
98.8382
96.6272
98.7151
96.7537
99.992
96.754
96.8644
96.7258
96.6835
96.7199
98.6261
98.4647
98.7364
96.6978
96.7918
98.7898
98.9397
99.1065
98.459
99.989
98.6744
99.9922
98.6237
99.9098
98.437
96.7657
96.5595
98.7521
96.5995
98.6507
98.4912
98.9561
96.6522
98.6108
99.9705
98.6502
99.9926
98.3569
98.3741
99.2535
98.2845
96.7445
96.669
98.4891
96.6683
98.7173
96.6021
99.9016
96.7625
98.7217
96.6699
99.9199
99.9152
96.6301
98.7894
96.5816
99.9901
98.9464
98.9965
96.7918
99.989
96.6899
99.3206
98.3469
96.5985
96.754
99.9111
98.6074
98.1601
96.6779
98.8121
98.7741
98.7806
98.7067
96.5574
98.6331
96.834
98.7568
99.0207
96.8694
96.7794
99.9721
98.4295
99.8918
98.7208
96.7855
96.6606
96.8488
98.8296
96.8184
98.1225
99.1206
96.8047
99.9828
96.7349
96.846
96.8123
96.7058
96.4706
96.8918
98.5732
99.9815
99.9199
96.681
96.794
98.9561
96.7354
96.8168
98.3971
98.8392
96.789
99.9687
99.0052
96.5656
98.5961
99.9618
98.1225
99.9561
96.7468
98.7802
98.6723
96.8168
98.3548
98.165
98.2299
98.9293
96.6597
96.6658
96.7118
96.6977
99.5642
98.6335
96.746
98.7372
99.921
96.8593
98.6479
96.6321
98.8799
96.6927
98.534
98.9464
96.6211
99.9811
98.1655
96.7595
96.74
99.1192
96.8068
99.9911
98.755
99.9921
98.5298
96.5978
98.1815
98.6862
98.8739
98.7951
99.9539
98.7951
96.6818
96.7381
99.9795
96.5669
98.2769
99.5699
96.8893
99.9607
98.3569
99.0909
98.7898
99.996
96.6267
98.6335
96.6842
98.8058
96.7678
99.9951
98.7528
98.564
96.6905
99.1552
99.9815
96.7333
98.2216
96.5786
99.18
98.8245
98.2965
96.7416
96.7945
98.2866
98.6116
98.3989
98.3407
98.3417
98.3542
98.8731
99.7693
96.691
96.6861
96.7459
99.9702
96.834
99.9574
98.81
99.8786
98.9332
96.6699
99.9312
96.8108
98.3542
98.1225
96.7766
98.8739
96.7334
98.4142
99.18
98.6843
98.3732
96.7825
99.9926
96.6009
98.5826
96.6584
98.6862
99.8923
98.832
96.8186
99.9911
98.7023
96.8396
99.8918
98.7894
99.3119
96.6866
96.7507
99.9328
96.7007
96.74
96.8017
98.8221
96.781
98.2152
99.8302
98.8181
99.2684
98.179
96.5621
99.9903
99.5814
98.9233
98.4747
98.4443
99.9912
98.437
96.6816
98.649
99.9735
96.7715
99.9786
98.7758
98.7315
96.571
96.7588
96.465
99.3117
99.9786
98.4246
98.3574
98.6851
98.6413
96.7932
96.717
98.3843
99.878
98.755
96.8918
98.2217
99.25
98.4982
98.3888
96.5621
98.9293
98.7677
98.8214
98.2867
98.7951
96.7839
98.5602
96.6866
96.7359
96.7331
98.7557
99.9658
98.431
96.7445
96.514
99.9919
98.9804
99.0881
98.3112
98.4183
96.7125
98.5453
96.7093
96.7468
98.7638
96.681
99.2613
98.1624
99.9896
96.6749
99.9269
96.7544
99.5642
98.7315
96.7544
99.9943
98.4179
96.754
98.2406
98.3548
96.684
98.4752
96.6584
96.6709
98.4043
99.0416
96.8168
98.649
96.684
99.1715
98.3989
96.6334
96.5993
98.5453
96.6009
98.6548
96.6638
98.2639
96.7013
98.1749
99.0509
96.8304
96.6903
99.176
96.8169
96.7458
98.9657
96.7867
96.6301
99.8999
98.7859
98.2393
98.438
96.6743
96.794
96.7272
96.7112
98.7802
96.6707
98.4067
96.7354
99.996
98.564
96.7738
98.7889
96.6817
96.6219
98.2557
98.6183
98.8941
96.6835
98.6858
96.6965
98.3407
99.9119
98.7633
96.6951
98.757
98.3044
99.2339
96.8856
98.179
96.6586
98.8898
99.1035
98.7894
99.9807
98.6744
98.7909
98.4179
99.9918
96.7488
96.6584
96.6978
99.0446
96.8397
98.4234
98.7574
96.7959
98.7472
96.6743
96.704
96.6507
99.059
98.9376
96.7486
96.7616
96.7027
96.7629
99.2684
98.77
96.7085
96.7881
96.5749
98.9561
98.7291
98.3162
96.7767
96.7282
96.6034
99.8037
99.5415
98.6124
96.6304
98.4192
98.7559
99.9975
99.0446
99.8999
99.9702
98.4387
96.7752
98.4179
96.6827
96.8893
98.7603
96.754
96.722
96.7833
96.6569
98.7704
96.7459
98.2629
96.6507
98.6116
99.9312
96.6871
98.7878
96.7232
98.2488
96.6779
98.9999
99.8937
98.4051
98.2884
99.996
99.8918
96.8186
96.754
98.2488
96.7354
96.6219
98.7024
96.7992
96.7185
99.9006
98.8898
99.8456
96.7036
99.18
96.7458
96.7905
96.7568
99.9922
96.834
98.2536
98.3491
96.827
99.9905
99.9724
98.4891
96.6316
99.9197
96.6709
96.8221
99.2
99.9702
96.6074
98.9603
98.3469
96.8396
98.7704
99.9976
98.7787
98.7633
98.3347
96.6556
98.6192
98.81
96.6021
99.8616
99.2316
98.8068
99.5261
96.6017
98.7637
96.7789
96.7744
98.6124
96.7673
98.8068
99.9905
99.9658
96.7112
98.6463
99.8414
96.7948
99.9835
98.7394
99.059
96.7355
98.6734
99.25
96.6657
99.9965
98.5298
99.9775
98.7496
98.921
98.77
99.239
99.9821
99.9618
96.5656
99.9606
96.6778
98.7528
98.7562
99.9829
99.8166
98.3988
98.8552
99.979
96.7527
98.2028
98.6479
98.6927
96.8236
98.3542
96.797
96.7094
99.9811
98.4065
98.408
99.8041
98.4858
99.8616
99.9858
99.0416
99.9947
96.7752
96.8694
98.3417
98.7394
96.7887
96.5995
98.3023
96.7601
96.7512
99.3206
99.9705
99.8276
98.6209
98.8444
96.7899
98.5507
98.6074
96.723
96.6559
96.7888
96.722
96.723
98.3211
96.642
99.9795
96.4878
96.8734
98.2866
96.806
96.8016
98.7917
98.2239
98.2239
98.733
98.286
99.9703
99.9835
98.8731
96.7867
98.3576
98.718
96.6816
98.4183
96.6842
99.9975
99.2927
99.8937
96.76
96.803
96.7126
98.3888
98.8739
96.8304
98.7543
98.5314
96.5984
99.995
98.4234
96.5923
98.6479
98.4194
98.8009
98.7729
99.8995
98.2299
98.5298
96.8023
96.64
96.7272
98.4824
98.3989
96.7888
96.8343
96.8186
96.6827
98.7658
99.2191
98.733
98.9751
96.7527
96.781
98.6192
96.9535
96.734
96.6699
96.6589
96.6034
98.804
99.8489
99.995
99.9895
99.0482
98.5301
98.7528
96.6962
98.4205
99.9905
98.8464
98.6209
96.6227
98.5959
99.9896
98.6292
98.6843
96.8251
99.2191
99.3206
96.77
96.7784
98.4742
96.7058
98.7446
98.459
98.7516
98.2338
96.8068
98.5298
99.9924
96.6187
98.9233
98.8827
98.9397
98.286
96.7525
98.3482
98.7689
96.8105
98.6858
99.8041
98.4194
98.5298
96.6855
96.7
96.7527
98.8468
96.8694
96.7445
96.595
96.6489
98.8979
99.7867
99.9829
99.9814
99.9199
96.6638
98.5959
99.9703
96.7126
98.6507
99.9926
99.5699
96.6074
96.6009
98.7313
98.1589
98.6413
99.992
98.4245
96.781
99.9754
96.781
99.8865
99.8858
98.2196
96.746
99.8352
96.7918
99.1715
96.722
98.5431
99.9705
98.8214
96.8108
98.2196
98.7308
98.1749
96.6532
99.8482
98.3407
98.7894
99.5603
96.5693
99.9935
96.7919
96.7285
96.7794
96.7112
99.9924
98.4084
99.9912
98.7546
99.2057
99.3346
99.9389
96.754
96.4878
96.7948
96.8261
96.723
96.7527
99.921
99.1715
98.8218
96.704
96.7929
96.6861
99.9972
96.6951
98.2338
98.7372
98.8548
96.7974
96.7355
98.6623
98.7513
98.9293
96.707
98.6183
98.4295
96.7334
98.6183
98.7574
96.7431
99.9973
99.1882
96.7149
96.8101
98.7176
96.7138
99.8616
98.9293
98.7496
98.6108
96.8105
99.9119
96.7408
99.1552
99.8363
99.8196
99.239
98.8245
96.834
96.7732
99.9199
96.7334
96.6836
96.702
98.3793
98.7446
98.7562
96.7209
99.9973
99.992
99.9972
98.9804
99.9919
96.7695
98.6698
99.9923
96.6658
96.595
96.7486
96.7595
99.8276
96.6208
96.7187
98.2252
98.4295
96.6817
96.7334
96.8221
99.2075
99.9735
99.9119
98.3989
96.6316
96.6702
99.9721
98.3821
98.3888
96.6321
99.5814
96.6779
98.8058
99.9269
99.878
98.757
96.6835
99.9926
96.6731
99.9808
96.7417
98.7812
96.77
96.5993
98.4067
98.7387
98.8296
96.8397
98.5602
96.7087
99.9607
98.2536
96.809
98.7557
96.7262
98.81
96.5656
98.8464
96.7544
96.6675
98.5588
98.7338
96.7062
98.6
96.6817
99.9687
96.6559
99.9929
96.787
98.6479
98.9657
99.8714
98.7496
98.627
98.8335
96.6473
96.6304
98.2965
99.7867
96.7134
96.7993
96.7408
96.8059
96.755
98.3407
96.6861
96.7373
96.7918
99.6354
99.9705
99.9983
99.1715
99.2075
96.7458
96.7441
96.9168
99.9801
98.431
99.1563
99.9905
96.6927
99.9869
96.7209
96.8017
98.6209
98.6116
96.7537
98.6628
98.4192
96.7334
98.7025
99.9918
96.6457
96.6963
99.8536
99.9914
99.9975
99.9348
99.7693
96.9541
98.4213
96.5984
99.9529
96.803
99.9828
98.7302
98.2965
96.6357
96.6584
96.6514
96.6842
99.9901
96.8059
99.8414
98.7997
98.7528
98.2822
99.8166
98.2632
96.7416
99.9908
98.8464
99.8536
98.627
96.8017
96.7686
98.5619
98.7677
99.918
96.6675
98.4257
98.7568
96.465
98.6303
98.7372
98.5125
98.8676
98.426
98.2406
99.9968
98.3988
98.5124
98.8371
96.7399
98.9603
98.9823
96.7544
99.9822
96.6893
96.5757
96.7434
96.7863
98.955
98.4635
96.6187
96.7833
96.638
96.6506
96.7798
99.9926
98.6074
96.8251
98.9293
96.7972
96.7616
98.9397
98.7951
98.7067
96.8701
96.7205
99.9943
96.7399
99.9795
96.8185
99.9971
98.2444
98.8468
98.3888
99.9911
96.7881
98.7689
96.7744
98.7528
98.8516
98.4556
96.7323
96.7695
96.7058
98.7046
98.7338
98.7315
98.3741
99.9895
99.9837
96.8169
98.6216
98.5732
96.6689
98.8009
98.7607
99.2655
99.9539
96.7458
96.728
98.6507
98.3603
96.7285
98.7741
98.6269
99.9943
96.6937
99.2684
96.8047
96.7616
98.3117
98.7302
96.8734
98.2229
96.9168
98.5321
99.924
99.9699
96.8238
98.7898
96.6702
96.6839
96.8488
96.674
98.4183
96.8366
96.8289
98.5125
96.8375
96.7434
99.9721
98.7372
98.7909
98.649
96.7574
98.7758
98.5507
98.8731
98.7338
96.7323
98.5783
96.5286
98.8548
96.7738
98.6951
98.6463
96.787
96.6978
96.7878
99.9975
98.7725
98.8516
99.875
98.7173
98.7633
98.2152
98.395
96.6842
99.9152
96.7625
98.6787
98.8898
99.059
99.9895
99.9977
99.4524
99.9288
99.0297
96.7441
96.7537
98.5314
99.9709
99.9037
98.5783
98.6169
96.6357
96.7715
99.9098
96.722
98.9741
99.9699
96.8154
99.8536
96.7232
98.1225
98.627
98.885
99.9388
96.7381
96.8893
99.9792
99.9869
99.5388
99.8097
96.6021
98.6192
96.7334
99.9829
99.5407
98.438
98.7046
98.7898
99.9977
99.0103
96.8488
98.7176
99.9966
98.1502
98.6911
96.7888
99.8936
99.2809
96.7508
96.7473
96.6866
98.2884
99.9607
98.6858
96.7527
96.9385
96.7616
96.7961
98.2152
96.8577
96.7027
96.7765
99.921
98.3843
98.7024
96.7266
99.9251
96.6818
99.9705
99.18
96.7574
96.7118
98.4647
99.0207
98.286
98.5507
98.5844
96.7196
98.7108
99.9066
98.6857
98.4806
98.6216
98.4757
96.7232
99.9539
96.6957
96.6861
96.7767
96.8238
98.8935
99.9753
99.9964
98.2772
96.6298
98.9603
99.5415
98.718
99.9775
96.722
99.0938
98.9603
98.3735
99.9119
99.9883
99.8836
98.4045
99.8786
99.0297
98.431
96.6568
98.8468
99.9735
99.9814
96.7062
96.797
98.324
98.7085
98.7951
98.6401
98.8156
96.7766
98.7302
98.6574
98.6335
98.9657
98.6843
96.7094
99.9216
98.8392
98.8335
98.4635
99.2428
98.2217
96.7905
98.7085
98.6507
98.8548
98.2216
96.717
96.7334
98.6192
96.8154
96.7282
99.2053
98.4186
99.9883
98.4065
98.4456
98.2769
96.845
96.5632
98.9955
99.8363
98.2557
98.2867
98.1514
98.2629
98.3749
96.8238
96.8261
98.4142
99.25
96.6247
96.6825
96.7383
96.7919
99.9829
98.9464
96.7524
99.1503
98.9955
96.7285
96.5595
96.722
99.9792
98.7557
99.9983
98.4295
96.5685
98.3988
96.7125
98.649
98.7787
98.5961
98.6479
99.9709
98.8898
96.6715
99.9977
98.6787
99.9829
98.4972
98.589
99.9792
96.6473
98.7574
96.6816
96.686
96.7013
98.7729
96.7334
99.9885
96.8624
98.408
98.6723
99.2095
96.8016
99.9529
98.8739
96.691
98.7302
99.988
99.9348
96.7855
99.5415
96.6606
96.9541
99.9175
98.2248
99.151
98.6261
99.9811
99.9152
96.723
96.8893
99.8912
96.5669
96.8488
96.6074
99.8456
96.6276
98.6803
96.6993
96.7445
98.2239
99.18
98.7637
99.9665
98.4469
98.286
98.6331
99.9955
96.808
98.3276
99.9828
98.3093
98.2807
99.9098
99.979
99.0297
99.0482
99.9604
99.9837
98.4747
96.7249
98.421
96.7085
98.8552
99.5261
96.6301
96.7695
96.6356
96.7262
96.7397
98.6507
96.8108
96.7262
98.5453
98.5919
99.9119
96.7794
96.6951
96.7138
99.9951
96.797
98.804
96.7899
99.5415
99.9903
96.8637
99.8786
98.6682
96.7486
96.7348
96.7027
96.7087
98.5619
98.4126
98.7812
99.9037
98.7328
98.7658
98.8942
99.9422
98.9233
98.4556
98.6574
98.7637
99.1858
99.9724
96.6683
98.8898
96.728
96.7697
98.7394
96.6272
98.4056
99.9726
96.8343
96.5993
99.9098
96.8023
96.7458
99.9837
96.7262
96.8108
96.7486
96.7527
96.6556
96.7334
96.8101
96.7194
98.4126
98.9751
96.7434
96.6816
96.803
96.7821
96.7948
96.6438
99.9607
98.7108
96.7461
98.3977
98.2845
99.5407
98.2536
96.684
99.8923
96.4907
96.688
98.7861
98.7151
98.7937
98.4547
98.589
98.2268
96.6357
98.6787
99.4524
96.4907
96.7103
96.5978
99.9835
99.9705
99.9644
96.787
98.6335
98.3988
96.8046
96.8304
96.7416
98.2965
98.2772
98.9441
98.7685
99.8489
98.6682
99.9539
96.6559
98.2107
96.674
96.7887
99.979
98.4286
98.665
96.6942
96.6903
96.6699
98.9561
96.6951
98.5507
98.6335
98.7913
98.8296
96.7349
96.7527
96.7948
96.8168
99.6243
98.2922
98.8095
99.9969
98.6735
96.7883
96.7473
99.9539
96.7948
98.8068
96.6905
99.8937
98.5541
96.6247
98.5564
98.7787
99.8276
96.6522
99.1563
99.9926
98.6911
96.6836
98.2629
98.3117
98.3548
96.6861
99.0881
98.869
98.3044
98.9441
99.9858
96.7972
96.7524
99.9705
99.239
96.7199
98.6269
96.5595
96.6675
96.6298
98.2239
99.9828
96.7348
98.6413
96.8893
96.8304
98.6192
98.8942
99.9837
98.286
98.718
98.7704
96.7676
96.7759
98.7557
98.589
98.7878
96.809
96.7833
98.731
96.7728
96.7676
96.8701
98.7496
99.7867
98.8121
96.7196
99.9312
96.7755
96.6996
96.7699
96.7525
98.6169
98.8156
98.8218
99.1072
99.2316
96.6828
99.0446
98.7559
98.8095
96.8068
96.7794
96.7728
98.7024
98.589
98.6623
99.8097
98.7765
96.7601
99.9488
98.4246
96.6021
98.8335
96.7258
98.7951
99.9837
98.3372
96.6009
96.6778
96.8397
98.8382
98.8898
99.9685
99.8836
96.6251
98.6992
98.2866
96.7266
99.9968
98.4237
98.7355
96.789
96.662
98.8452
98.6413
96.7676
96.7715
99.921
98.718
99.9973
99.8918
99.8851
98.665
96.7093
96.6154
96.7194
98.6548
99.9929
99.6243
98.7315
96.9362
98.8267
99.9702
96.9362
99.9975
96.6779
96.6251
99.25
99.8912
98.6628
96.7508
96.7621
96.7056
96.7179
98.6261
99.9152
99.9721
98.4456
96.8035
98.7593
96.808
99.9914
99.1035
99.9801
98.4747
96.7196
99.9815
98.7861
99.9908
98.7326
98.4309
98.7889
98.7217
99.979
96.7867
98.7313
96.794
99.7991
98.3023
98.2772
96.6301
98.6335
96.8701
98.3372
96.7795
98.3117
99.8414
98.2342
99.228
99.1065
96.8017
99.8166
98.7559
99.1336
99.159
96.8261
99.8456
98.9707
98.4916
98.4237
96.8382
98.5453
98.4891
99.9888
98.7342
98.395
96.7878
98.8464
96.7778
96.8261
98.421
98.8676
96.6962
96.7795
96.6982
96.6709
98.6723
99.9721
96.7612
96.6842
98.2152
99.9753
98.437
96.6753
98.3044
96.8108
96.7399
99.8616
98.7894
96.7778
99.9795
99.1536
96.7601
99.9924
96.7047
98.7787
98.3347
99.2927
99.9066
96.6187
98.4257
98.2158
98.9293
96.5921
96.4878
99.9943
96.701
99.8918
96.6489
98.4647
96.7537
96.8105
98.8873
99.0482
96.7266
96.5504
98.8676
98.6538
96.6937
99.9388
98.6862
99.9828
98.9804
99.1192
96.7992
98.8037
98.5619
98.6463
98.1502
96.7929
98.8296
99.8616
98.6929
98.226
96.7349
98.7372
96.7798
96.7138
99.878
96.674
98.755
96.8221
96.799
99.924
96.7673
99.9826
96.8382
96.68
96.8284
98.7638
98.3095
98.8799
99.5642
99.8515
98.7658
98.3749
99.9687
98.7496
99.9905
96.7087
98.7557
99.9705
98.3821
96.846
98.6269
98.7725
96.6893
98.6843
99.2191
99.9606
96.7881
98.3741
99.9903
96.7699
98.7372
96.787
96.8284
98.627
98.6507
98.9965
99.9966
96.8135
96.7568
99.9703
99.9348
98.81
99.9895
96.8221
98.6269
99.921
96.5984
99.2357
98.4186
98.2239
99.9814
96.7388
99.3314
96.7867
96.7472
98.4568
98.7654
98.4556
98.4109
99.8786
99.9801
98.2216
98.2107
98.7961
98.7217
98.2629
96.8701
96.77
99.9665
96.8593
98.7151
96.827
98.8068
98.5732
99.8616
96.6855
96.7058
98.6303
96.7234
96.8028
99.9705
98.7637
98.5507
99.9964
98.5588
96.6978
98.7725
98.4205
99.9855
96.8488
98.6734
96.7881
99.0052
98.7364
98.868
96.8284
98.7917
96.7789
98.6479
98.7876
96.6227
99.2535
96.7417
98.4824
96.6116
99.979
98.589
96.7153
98.7025
98.7477
99.8918
99.9775
99.9823
98.4257
98.9332
98.4752
99.9963
96.6657
98.3843
96.5685
99.9866
98.6303
98.2217
99.9801
99.9801
96.5985
96.6034
99.2053
96.754
99.9665
98.7859
98.7315
96.704
98.7128
99.9919
99.9644
98.9464
98.5429
96.691
99.9885
96.806
99.9938
99.9702
96.7103
98.4043
96.6842
96.7873
98.5564
98.3053
98.7281
98.2248
96.6899
98.2854
96.7948
99.2809
98.6479
96.8251
96.7417
99.2191
98.3888
96.6559
98.3988
99.8865
96.704
96.834
98.8037
98.7894
98.7085
98.798
96.7728
98.4747
98.7404
98.165
96.7093
99.9837
96.6559
98.6209
96.7899
96.845
96.7766
99.5814
96.6321
96.736
98.1889
96.8375
98.868
99.8037
98.1655
96.7772
99.9919
98.5619
96.6753
98.6
98.8121
99.9811
96.6683
99.0207
96.7362
98.3793
99.9811
99.9721
99.1095
98.8218
98.6873
96.7205
96.8221
96.7524
98.731
96.6211
99.5407
99.239
99.9539
96.799
96.7881
99.2613
98.7173
96.8339
99.9885
96.686
98.4084
96.8251
96.707
96.6556
96.6021
99.9753
99.8923
96.7416
99.9921
96.6034
96.7137
99.8363
96.6211
99.8923
99.151
98.179
98.1502
98.832
96.7883
98.5826
96.5749
96.6731
96.9362
99.1095
99.875
96.6843
98.9293
96.708
99.9199
96.7767
98.6331
98.6735
96.6749
96.6457
99.9926
96.7441
99.9943
99.9699
98.6413
96.7362
98.4246
98.7909
98.6787
98.8009
98.7315
96.7232
96.6725
99.8097
98.2807
96.7354
96.6709
99.8489
96.6187
96.7565
98.8296
96.7946
96.6993
98.2248
96.6715
98.9955
96.5993
98.3735
98.7521
96.6937
96.7899
98.396
96.7873
98.4205
98.7328
96.7262
98.7997
98.4205
98.7802
98.6929
98.5959
96.7258
98.7909
98.6261
96.6963
98.649
96.754
98.7141
96.781
99.9539
98.1815
99.9657
96.7196
99.9724
99.9977
99.9705
98.3548
96.6334
96.7625
99.9328
99.9606
96.6842
96.6725
96.7568
96.6276
98.8037
96.7087
99.5603
96.5816
98.8221
99.3346
98.8444
98.6787
99.9947
98.5961
99.9975
99.9539
96.6872
98.7173
98.7342
96.6584
96.5504
99.5814
96.7134
96.7266
99.2339
96.6272
98.2922
96.6231
96.7417
98.1502
96.6702
99.9084
96.691
98.8941
96.7544
99.8515
96.7381
96.7697
99.8097
99.9658
96.7948
98.8382
98.5551
98.2217
98.3112
96.7825
99.8536
98.2268
99.9814
99.875
96.8465
98.5125
98.226
98.7311
98.7729
96.6298
96.8035
99.0446
99.9955
99.979
96.745
96.7948
96.7397
99.9606
98.733
96.7544
96.6871
96.803
96.6568
98.2557
99.9821
96.6743
99.6354
98.5975
99.2684
96.6606
98.6734
98.7477
99.9607
98.6209
98.5732
96.7508
98.6479
96.6937
98.8739
99.9775
99.9098
96.794
98.2822
98.7933
98.286
96.6154
98.4295
98.7638
98.868
96.6356
99.059
98.7001
98.6929
96.6272
99.5603
96.6357
99.8588
96.5786
98.5858
99.9098
98.4547
98.9823
98.7516
98.8299
99.228
99.8352
96.7699
99.9348
98.8898
96.7468
98.6862
96.809
98.4145
99.986
96.7752
98.7372
96.9535
98.2229
98.7446
96.8352
99.3007
99.8414
98.649
96.7331
99.9835
96.7486
99.7867
98.4043
99.9754
96.7629
96.684
98.7472
99.8746
96.7695
98.5783
99.9901
96.6272
99.2655
98.6927
98.3735
99.9895
98.6463
98.7802
98.3053
98.2772
96.7128
98.7338
96.6699
96.8637
96.8893
98.885
98.7559
96.7961
96.7258
96.7715
98.7067
99.9328
99.2095
98.7758
98.8296
96.7784
96.571
98.7557
96.7266
96.8185
98.3023
98.4912
98.7404
96.8289
98.7394
96.6584
98.4084
96.6017
96.642
98.9441
99.9561
96.465
99.5415
98.7496
96.754
96.6357
98.4186
96.9362
99.9792
99.9965
99.9251
96.6233
99.8091
99.9618
98.7176
99.4344
99.8739
98.7001
98.3044
96.745
98.9741
98.8113
98.7607
98.954
96.7297
98.6108
96.7183
96.465
96.8694
96.6841
99.9754
96.8238
96.7959
99.9905
96.7945
98.421
98.6401
96.5921
98.8284
96.7399
96.7616
98.6413
96.7574
96.8154
96.7867
98.5314
96.7362
98.7559
96.6743
96.6753
99.9271
98.5732
96.5975
98.7951
99.9973
98.7472
96.6982
98.8422
98.6623
96.7431
96.7972
96.5286
99.0938
98.921
96.7488
98.3793
98.7001
96.8123
98.4309
99.3206
96.7888
98.4982
98.7958
98.7472
99.9968
99.5699
96.8304
96.688
99.9808
98.9707
99.0052
98.7477
96.734
98.3989
96.7839
98.8267
98.6873
98.6457
99.9869
98.8195
96.7588
99.5814
99.9855
99.3117
96.7825
96.7362
96.7087
96.7678
96.6957
96.6749
96.7441
99.9869
99.9574
98.4056
98.7013
96.7948
99.9914
96.7381
96.7062
98.7758
96.6963
98.74
99.9529
96.7711
98.7326
98.7847
96.707
96.8238
96.6257
96.7738
98.7372
99.2328
99.9865
96.745
98.4045
96.6489
98.7961
98.7806
98.6723
99.2768
99.9718
98.2772
96.4706
96.6457
98.5961
98.7217
96.7355
98.8078
96.728
98.7364
96.7588
99.9705
99.25
96.7488
99.1882
98.4194
99.9271
98.9823
96.6839
96.7408
99.9269
98.4387
98.6698
99.0881
96.8117
96.7508
96.7732
99.8588
96.5574
99.9885
98.7787
98.4109
96.7888
98.2965
98.757
98.4391
98.4237
98.2217
98.2229
98.2028
96.7
96.6559
96.4878
99.9644
98.8009
96.7354
96.7715
96.8375
98.7342
98.6074
98.6992
96.7399
96.6208
96.7918
99.2927
99.8716
99.7867
99.9829
98.921
98.3053
98.9955
96.7036
98.6723
99.9914
99.9911
99.9808
96.6506
96.834
96.6775
96.7205
99.9966
98.4183
98.885
98.1655
98.4469
98.7085
96.7486
99.9786
98.7208
98.9293
99.4524
99.9951
98.4742
96.6321
98.6507
96.6855
99.9271
96.6772
96.6825
98.2796
96.6298
99.9969
98.6
96.5656
98.7758
96.5787
99.9699
96.754
96.7695
96.7992
96.794
98.8299
96.6589
99.8739
98.6124
96.4706
98.7603
99.9808
99.996
99.9951
98.2557
96.6597
99.8037
98.8516
96.808
96.7778
98.7488
96.7778
96.8108
99.9358
96.6868
98.7291
99.9837
96.6872
99.5388
99.9665
99.2428
96.787
99.9861
98.1225
98.7108
96.7355
99.9691
98.4126
99.9271
98.421
98.3542
98.8267
96.7899
98.5987
98.7898
99.1536
98.8935
99.0297
99.9286
96.7185
96.6937
96.707
99.9618
98.3193
96.6489
98.6858
99.176
98.7861
96.8382
96.7266
98.7404
99.9922
96.7833
96.7744
96.7778
98.8009
99.9905
96.6891
99.3314
96.7334
99.3117
96.8068
99.995
96.7918
96.8105
99.995
99.8937
99.1192
96.7974
99.9905
98.4043
98.6978
96.5995
99.8851
99.9098
99.9922
96.5504
98.7023
99.9283
98.6269
98.7546
96.7282
99.2655
99.9735
98.2217
98.408
99.9943
98.7067
98.7528
99.9529
96.6893
96.8397
98.6413
99.0103
98.1589
98.77
98.6303
96.6977
96.6749
99.25
96.8396
98.7208
99.3206
98.6873
99.2053
98.7546
99.9922
98.8979
96.6276
98.2338
98.6219
99.8456
96.8017
98.3469
96.7134
99.176
96.6842
96.7678
96.6556
99.9929
96.9168
98.2393
99.9539
98.3117
98.4186
98.3548
98.6183
96.7153
98.226
96.6951
98.8181
99.9658
98.5124
99.9644
98.3732
96.9168
98.6457
99.8918
98.7637
98.7291
99.8536
96.7381
99.9869
96.514
96.7961
96.6586
98.4257
98.6574
99.9606
99.2053
98.3407
96.7772
99.159
96.6367
99.9912
98.324
98.7128
96.7334
99.3117
96.7992
98.4284
98.3407
99.8739
98.7878
99.9905
96.7149
99.0297
99.9914
96.6872
99.9751
96.6772
98.7758
99.9658
98.165
99.921
96.7867
96.6977
96.7272
99.9702
96.7126
96.6725
96.5978
98.9965
96.6683
99.9705
98.1889
98.5431
98.4858
98.3732
98.2158
96.8047
99.8918
96.7036
96.7825
99.9901
96.8893
99.0322
98.4891
96.8382
96.465
