99.9531
99.8415
99.8424
99.815
99.9014
99.7717
99.8707
99.901
99.8491
99.6485
99.9542
99.7562
99.8531
99.8016
99.9658
99.8912
99.9613
99.8507
99.9581
99.906
99.7912
99.8804
99.9279
99.4513
99.9695
99.9689
99.9122
99.8623
99.4218
99.7917
94.5481
99.9426
99.8561
99.9095
95.5576
99.3985
99.8917
99.7951
99.983
99.9164
99.9255
99.4331
99.5509
99.9115
99.927
99.8926
99.8058
99.8335
99.9132
99.9079
99.7402
99.9584
99.7361
99.9005
98.904
99.9077
99.9071
99.9526
99.8121
99.8782
98.1145
99.9437
99.6341
99.7966
99.9078
99.8119
99.7814
99.8987
99.7891
99.952
99.8809
99.9029
99.9247
99.7017
99.9615
99.9426
99.9353
99.8001
99.9627
99.9414
99.3187
99.633
99.89
99.8207
99.9001
99.9095
99.9054
99.8355
99.8881
99.8588
99.9594
99.9212
99.9551
99.6135
99.7927
99.9258
99.6383
99.8055
99.9105
99.9067
99.9799
99.922
99.9662
99.8227
99.5378
99.6621
99.9584
99.9136
99.937
99.8424
99.3271
99.8001
99.4428
99.902
99.4072
99.823
99.893
99.907
99.8246
99.9628
99.8203
99.96
99.9397
99.7083
99.5227
99.8108
99.6287
99.7934
99.7894
99.9028
99.8653
99.8643
99.8895
99.9363
99.9165
99.9475
99.7153
99.859
99.8713
99.7374
99.9021
99.9102
99.899
99.8639
99.7369
99.8859
99.8098
99.5079
99.9619
99.9002
99.9664
99.8704
99.7736
99.6864
99.7039
99.9414
99.9512
99.3141
99.899
99.8251
99.9637
99.8733
99.8197
99.251
99.9219
99.9003
99.8223
99.7881
99.8589
99.8657
99.971
99.9152
99.9363
99.9421
99.9256
99.5755
99.8839
99.9575
99.9797
99.8702
99.869
99.8141
99.6731
99.9256
99.9629
99.8535
99.9081
99.9587
99.9763
99.8225
99.3882
99.1514
99.9222
99.6802
99.9321
99.8024
99.7492
99.9492
99.8125
99.8939
99.9277
99.3907
99.3501
99.9639
99.9273
99.9012
99.8417
99.5579
99.563
99.8236
99.8902
99.9327
99.9273
99.6988
99.9031
99.8075
99.8635
99.9905
99.809
99.9033
99.9305
99.914
99.6485
99.685
99.9446
95.6254
99.3409
99.9707
99.3692
99.9066
99.9009
99.7633
99.7773
99.9088
99.928
99.6233
99.784
99.8002
99.8676
98.8185
99.7302
99.8392
99.8531
99.8579
99.8789
99.9329
99.7771
99.9305
99.6674
99.752
99.8543
99.9017
99.6561
99.8874
99.9062
99.8497
99.9446
99.6617
99.7293
99.8577
99.7788
99.7816
99.6751
99.9174
99.8742
99.7482
99.9311
99.9249
99.8354
99.957
99.9309
99.4706
99.9183
99.7313
99.3518
99.3372
99.953
94.5239
99.9723
99.9192
99.9538
99.9375
99.8852
99.8859
99.8879
99.9079
99.8872
99.9201
99.9589
99.6808
99.3378
99.9422
98.0036
99.9684
99.7168
94.5609
99.9516
99.7294
99.2759
99.9226
99.3622
99.8928
99.8334
99.9235
99.9212
99.7828
99.8387
99.4199
99.9424
99.9001
99.7063
99.9759
99.8829
99.9331
99.7797
99.767
99.0339
99.9498
99.7627
99.917
99.9106
99.7569
99.8456
99.9365
99.9739
99.8104
99.9002
99.9632
99.3635
99.8663
99.3403
99.8728
99.8642
99.9334
99.9375
99.8466
99.8271
99.9172
99.7205
99.949
99.7298
99.9
99.3876
99.9358
99.9419
99.697
99.9166
99.4483
99.9543
99.9176
99.7703
99.4276
99.8738
99.7277
98.9966
99.9243
99.946
99.9165
99.8611
99.9171
99.9489
99.9128
99.903
99.934
99.9018
99.9311
99.8837
99.9442
99.8216
99.8826
99.9339
99.8496
99.9264
99.8988
99.7655
99.8959
99.8445
99.887
99.6703
99.4488
99.8059
99.9436
99.6777
99.8724
99.9214
99.8996
99.8232
99.8614
99.9485
99.7611
98.9164
99.8929
99.9007
99.9541
99.8728
99.8653
99.6019
99.8317
99.942
99.9354
99.9509
99.9463
99.6562
99.8761
99.7665
99.8233
99.7949
99.0842
99.682
99.743
99.916
99.7252
99.6415
99.8271
99.8912
99.9119
99.9378
99.8943
99.9435
99.9588
99.9642
99.8463
99.9439
99.7488
99.9522
94.4824
99.8916
99.9272
99.8872
99.4203
99.9741
99.949
99.9315
99.8018
99.8904
99.8475
99.9321
99.7019
99.8203
99.7824
99.914
99.5341
99.912
99.9688
99.9185
99.9508
99.9089
99.9137
99.6836
99.463
99.8042
99.294
99.9115
99.7195
99.9419
99.7698
99.8716
99.5994
99.9281
99.9423
99.9031
99.9641
99.8687
99.9249
99.9227
99.92
99.7207
99.9839
99.8946
99.9459
99.7216
99.9012
99.8351
99.9473
99.7777
99.9485
99.9291
99.9367
99.8295
99.9221
99.9686
99.7569
99.352
99.9255
99.8683
99.9457
99.9426
99.9254
99.8701
99.8954
99.793
99.925
99.9292
99.4432
99.7988
99.898
99.8864
99.9289
99.9006
99.3807
99.8284
99.7241
99.9024
99.8487
99.5744
99.9537
99.9051
99.8884
99.9235
99.8779
99.8967
99.9185
98.8285
99.8808
99.8154
99.9759
99.9659
99.9299
99.596
99.5757
99.8271
99.9259
99.6283
99.962
99.9073
99.9342
99.6564
99.9564
99.6026
99.2123
99.4712
99.5496
99.8655
99.9376
99.9167
99.8944
99.9764
99.9463
99.9164
99.384
99.9234
99.9252
99.9829
99.8921
99.6903
99.8295
99.4112
99.6295
99.6754
99.8253
99.8732
99.8461
99.8104
99.932
99.3677
99.9197
99.2096
99.8982
99.7084
99.8168
99.8721
99.8968
99.9281
99.9226
99.1985
99.8578
99.6697
99.7728
99.4331
99.9798
99.9494
99.8944
99.2968
99.9583
99.6131
99.6726
99.7367
99.3849
99.9216
99.42
99.9352
99.8511
99.6752
99.5585
99.8218
99.955
99.8701
99.8717
99.9598
99.1934
99.9794
99.9596
99.2994
99.5536
99.7676
99.8464
99.9345
99.3621
99.9779
99.9792
99.7667
99.9142
99.4396
99.9017
99.9018
99.8588
99.4933
99.9143
99.6287
99.9173
99.9277
99.8916
99.1119
99.9355
99.9492
99.9331
99.3562
99.8223
99.94
99.9136
99.9017
99.9293
99.923
99.3392
99.6228
99.674
99.9366
99.7291
99.7619
99.8553
99.9182
99.8886
99.6147
99.9414
99.7934
99.8268
99.1483
99.8786
99.8619
99.9275
99.5438
99.9309
99.9404
99.7797
99.7796
99.9386
99.9587
99.9581
99.9646
99.9218
99.8015
99.9338
99.9234
99.8334
99.9141
99.7309
99.9274
99.7792
99.9521
99.5012
99.9252
99.9025
98.7997
94.5611
99.5923
99.7513
99.7734
99.791
99.8583
99.8762
99.384
99.8459
99.9104
99.9474
99.5998
99.9595
99.5488
99.8655
99.3074
99.8571
99.7789
99.9091
99.5649
99.6373
99.9353
95.6784
99.9226
99.9485
99.9126
99.4786
99.7629
99.9611
99.8093
99.9391
99.9052
99.9387
99.7777
99.8005
99.9146
99.9836
99.9301
99.7462
99.98
99.9113
99.9026
99.9313
99.9478
99.913
99.3778
99.9472
99.9309
99.8536
99.8637
99.8994
99.9166
99.7112
99.4884
99.9445
99.9017
99.9593
99.5766
99.9299
99.9293
99.9119
99.6299
99.332
98.8734
99.9246
99.7496
99.9144
99.8922
99.9202
99.6046
99.7077
99.9101
99.7882
99.3713
99.846
99.3087
99.9057
99.8588
99.6128
99.9294
99.929
99.6754
99.9141
99.8024
99.9556
99.8977
99.9061
99.584
99.8487
99.8308
99.9002
99.9395
99.7941
99.7336
99.9294
99.0599
99.6538
99.9578
99.9694
99.882
99.9633
99.9094
99.9246
99.3098
99.8999
99.9219
99.9879
99.7806
99.363
99.7973
99.8619
99.9368
99.8513
99.9102
99.8756
99.8802
94.5288
99.9423
99.8445
99.9676
99.615
99.9184
99.5493
99.9223
99.9393
99.9058
99.9296
99.7622
99.932
99.7734
99.97
99.9087
99.9545
98.0832
99.9195
99.9075
99.9269
99.7282
99.8178
99.3688
99.8945
99.7371
99.9393
99.8594
99.9132
99.9006
99.374
99.9127
99.6561
99.7874
99.6351
99.7652
99.8176
99.6677
99.7046
99.9103
99.9248
98.9194
99.9155
99.7478
99.918
99.6229
99.3994
99.8896
99.8154
99.8784
99.7384
99.8746
99.8663
99.8468
99.743
99.9553
99.938
99.9256
99.5449
99.9107
99.9331
99.6652
99.8759
99.9404
99.799
99.9061
99.7092
99.1468
99.9209
99.7816
99.7687
99.5208
99.8973
99.9287
99.9423
99.3792
99.8998
99.9454
99.903
99.2466
99.9469
99.8863
99.9624
99.9347
99.9397
99.9178
99.911
99.9105
99.9457
99.7031
99.9562
99.9225
99.6223
99.9181
99.8896
99.7049
99.6489
99.9444
99.8886
99.9165
99.9227
99.3662
99.9461
99.9478
99.8021
99.9382
99.7918
99.9394
99.7952
99.8349
99.8448
99.9199
99.9459
99.904
99.7529
99.7017
99.9019
99.8645
99.8108
99.7561
99.4538
98.1399
99.8374
99.7282
99.965
99.8583
99.965
99.8276
99.4386
99.9188
99.382
99.1769
99.8735
99.902
99.0144
99.9059
99.9329
99.7514
99.9533
99.9299
99.9465
99.9583
99.7582
99.8488
99.7999
99.9099
99.9138
99.5485
99.8447
99.4069
99.7425
99.3997
99.9214
99.9349
99.2325
99.8972
99.9346
99.9172
99.5821
99.4061
99.9351
99.6785
99.1691
99.875
99.9604
99.9256
99.6903
99.9453
99.8887
99.6114
99.9483
99.9201
99.7265
99.8627
99.9467
99.934
99.9401
99.9152
99.9298
99.8881
99.9372
99.9626
99.9058
99.8844
99.9298
99.9165
99.9593
99.356
99.833
99.9081
99.8819
99.8133
99.5507
99.6434
99.8899
99.9234
99.9192
99.8744
99.9091
99.9487
99.9582
99.6801
99.9536
99.5952
99.9468
99.8575
99.8487
99.9375
99.9426
99.3203
99.9127
99.6066
99.9343
99.8592
99.9388
99.6241
99.9076
99.963
99.9003
99.9228
99.2492
99.8918
99.9365
99.8946
99.7987
99.8899
99.7667
99.622
99.9329
99.924
99.7108
99.9523
99.9109
99.9456
99.6585
99.949
99.809
99.3189
99.4969
99.8152
99.8594
99.9699
99.9566
99.9139
99.8648
99.8754
99.2825
99.9538
99.8776
99.3366
99.9735
99.9272
99.8958
99.5036
99.7484
99.8834
99.7984
99.8752
99.9456
99.761
99.792
99.8954
97.9144
99.6421
99.9214
99.8722
99.1886
99.7049
99.9135
99.8178
99.7804
99.9014
99.9291
99.8779
99.9406
99.9472
99.8552
99.8339
99.8989
99.9104
99.8903
99.6899
99.9239
99.5373
99.8423
99.9305
99.6495
99.9544
99.7061
99.9871
99.7826
99.857
99.889
99.9383
99.3268
99.8757
99.8747
99.9081
99.9453
99.9559
99.9551
99.9421
99.904
99.8772
99.9205
99.8981
99.8743
99.9548
99.9214
99.8183
99.8711
99.8832
99.7898
99.8126
99.9128
99.9616
99.9362
99.8128
99.8865
99.9693
99.2664
99.6134
99.9342
99.8681
99.2674
99.9027
99.8534
99.7422
99.9663
99.8504
99.7363
99.8681
99.8692
99.7201
99.8956
99.7935
99.9485
99.9355
99.9543
99.9161
99.8189
99.8617
99.9278
99.9367
99.9276
99.9408
99.9717
99.7846
99.942
99.9596
99.7486
99.836
99.8704
99.9193
99.8465
99.9227
99.9428
99.3154
99.9132
99.9238
99.4788
99.7986
99.9427
99.9508
99.8623
99.8984
99.6933
99.9418
99.9556
99.9425
99.125
99.832
99.6897
99.9462
99.895
99.6129
99.9711
99.2844
99.7625
99.8146
99.8851
99.9466
99.9449
99.5199
99.9225
99.8739
99.939
99.7811
99.959
99.7673
99.6926
99.9344
99.9859
99.9273
99.2906
99.8982
99.8608
99.9377
99.9622
99.697
99.9274
99.8833
99.9011
99.9355
99.611
99.9669
99.9762
99.9382
99.4581
99.9485
99.9195
99.6628
99.7059
94.5626
99.822
99.9142
99.891
99.9045
99.9226
99.9707
99.8096
99.9641
99.9455
99.9141
99.9682
99.7812
99.8347
99.9078
99.8764
98.879
99.1199
99.8899
99.9412
99.9482
99.9254
99.9003
99.4113
99.953
99.7809
99.9506
99.6569
99.2073
99.8497
99.9676
99.7653
99.862
99.9504
99.7553
99.9523
99.9523
99.9155
99.7179
99.9121
99.9209
99.9126
99.945
99.9285
99.832
99.8381
99.9394
99.6823
99.8962
99.9259
99.9383
99.9581
99.9383
99.9588
99.894
99.9067
99.483
99.7942
99.3996
99.9391
99.9341
99.7966
99.8775
99.365
99.6848
99.6568
99.9549
99.8843
99.95
99.9751
99.9346
99.9165
99.6414
99.9239
99.8852
99.9278
99.9402
99.9059
99.9013
99.6045
99.8658
99.9026
99.9351
99.9186
99.6087
99.7545
99.9655
99.6859
99.8676
99.9506
99.4797
99.8085
99.8521
99.3601
99.8591
99.9606
99.6229
99.9129
99.7682
99.8798
99.6586
99.6316
99.9489
99.9178
99.8848
99.8754
99.7615
99.9464
99.682
99.6465
99.9153
99.9557
99.9239
99.9121
99.8351
99.9212
99.9135
99.8813
99.9385
99.9237
99.9076
99.9255
98.9925
99.4522
99.9636
99.8121
99.8847
99.8178
99.6268
99.7931
99.9423
99.9329
99.9358
99.9146
99.6145
99.9725
99.9101
99.888
99.043
94.7204
99.7875
99.9595
99.9427
99.6871
99.9355
99.8443
99.2488
99.9091
99.7799
99.8723
99.6054
99.8862
99.9402
99.9366
99.8689
99.977
99.9031
99.3397
99.9204
99.9464
99.6744
99.701
99.8416
99.9405
99.9247
99.8155
99.9838
99.9283
99.8102
99.4369
99.6715
99.7734
99.9241
99.8658
99.9158
99.8974
99.7668
99.724
99.9495
99.963
99.6629
99.8545
99.8822
99.2726
99.8878
99.9307
99.911
99.81
99.8962
99.8819
99.9152
99.9234
99.9781
99.9196
99.8651
99.7022
99.896
99.904
99.9267
99.2095
99.9067
99.3895
99.9164
99.8914
99.8846
99.7996
99.9326
99.8968
99.8892
99.3209
99.5175
99.8862
99.9091
99.8686
99.8486
99.7543
99.8974
99.9377
99.8624
99.9304
99.9672
99.9316
99.8134
99.9173
99.946
99.6893
99.8963
99.4628
99.8287
99.9086
99.7561
99.9561
99.9356
99.9332
99.9578
99.9444
99.9381
99.749
99.6109
99.8195
99.8606
99.8663
99.9656
99.8362
99.9117
99.4762
99.9388
99.7749
99.8194
99.8144
99.9349
99.7473
99.5253
99.9289
99.9658
99.9769
99.9391
99.8807
99.7188
99.9056
99.9012
99.7399
99.2665
99.463
99.7638
99.9421
99.8865
99.5681
99.7654
99.7456
99.8436
99.7441
99.758
99.7323
99.9161
99.9025
99.9335
99.326
99.9283
99.9074
99.9704
99.745
99.9115
99.7408
99.9728
99.8699
99.9249
99.9105
99.9217
99.8856
99.6406
99.9091
99.8176
99.6199
99.9343
99.8998
99.6089
99.8158
99.9118
99.9066
99.9334
99.3454
99.9317
99.8495
99.9652
99.8919
99.8911
99.9212
99.3773
99.8961
99.9081
99.7418
99.3541
99.967
99.5357
99.9006
99.7391
99.9172
99.837
99.8696
99.3298
99.9589
99.8795
99.947
99.9325
99.7553
99.3339
99.8644
99.752
99.9319
99.9358
99.9008
99.9258
99.7009
99.8945
99.8975
99.9016
99.4301
99.8981
99.893
99.4009
99.9281
99.463
99.8636
99.8028
99.8823
99.9253
99.9184
99.7645
99.8997
99.8101
99.8744
99.804
99.865
99.9242
99.9249
99.9623
99.9069
99.5074
99.9788
99.9023
99.876
99.8987
99.8922
99.3621
99.909
99.8237
99.9417
99.4602
99.8875
99.2733
99.7389
99.9037
99.5318
99.9488
99.863
99.9043
99.5855
99.9103
99.677
99.3612
99.9292
99.9692
99.8709
99.9406
99.8418
99.7852
99.9501
99.4062
99.9365
99.8558
99.9499
99.9146
99.4126
99.3924
99.8944
99.8837
99.5828
99.7969
99.7218
99.4163
99.8447
99.3685
99.8486
99.903
99.8805
99.5427
99.495
99.9173
99.9627
99.9033
99.9049
99.8616
99.9238
99.8796
99.9538
99.4591
99.9547
99.8968
99.9106
99.7777
99.9253
99.7211
99.8336
99.7441
99.8214
99.6181
99.9273
99.8791
99.7964
99.2474
99.9677
99.8845
99.8996
99.921
99.56
99.8104
99.5697
99.9144
99.7196
99.4376
99.7811
99.9542
99.9311
99.9636
99.9426
99.5561
99.9273
99.9028
99.9583
99.7821
99.8371
99.9389
99.4779
99.6151
99.7024
99.6199
99.6742
99.9134
99.513
99.9029
99.9018
99.9046
99.8122
99.9308
99.914
99.9515
99.945
99.8579
99.9165
99.8878
99.8819
99.8896
99.5861
99.8951
99.7928
99.7219
99.5294
99.9167
99.8842
99.7465
99.8953
99.9689
99.91
99.6896
99.2454
99.9632
99.3624
99.6048
99.967
99.8985
99.6061
99.9334
99.919
99.9569
99.9492
99.9626
99.7815
99.8991
99.8066
99.9039
99.9263
99.9309
99.9409
99.9172
99.1722
99.9064
99.7678
99.9555
99.8904
99.8445
99.9479
99.6117
99.9261
99.9234
99.8204
99.9386
99.9286
99.9481
99.751
99.9406
99.4672
99.953
99.9539
99.873
99.4217
99.6108
99.1529
99.9222
99.8925
99.7843
99.3985
99.9051
99.9037
99.2489
99.8817
99.7019
99.9018
99.807
99.7336
99.8075
94.5626
99.9497
99.8545
99.8741
99.9064
99.7231
99.8662
99.9258
99.9605
99.9502
99.9115
99.5365
99.7452
99.9428
99.8272
99.9015
99.9428
99.9224
99.7873
99.9267
99.9626
99.743
99.7736
99.8528
99.9388
99.9133
99.3265
99.8791
99.0527
99.7329
99.9105
99.9575
99.5794
99.9128
99.9466
99.8299
99.9149
99.346
99.8834
99.6535
99.9032
99.8551
99.9477
99.6812
99.8829
99.6744
99.9543
99.9334
99.5818
99.9146
99.5179
99.9769
99.4811
99.8978
99.789
99.9815
99.9401
99.0608
99.9264
99.9561
99.7901
99.8982
99.8842
99.9147
99.7948
99.9044
99.8135
99.9295
99.9395
99.8882
99.9396
99.8599
99.9577
99.7512
99.882
99.7986
99.8873
99.8044
99.9169
99.8676
99.9456
99.9632
99.9143
99.8867
99.7927
99.8518
99.2689
99.9722
99.9287
99.9396
99.9207
99.9742
99.6354
99.7635
99.0911
99.5757
99.7406
99.915
99.925
99.5417
99.9051
99.8621
99.9321
99.9363
99.9745
99.745
99.9467
99.9344
99.3489
99.3631
99.9419
99.5392
99.951
99.9534
99.9293
99.9427
99.8866
99.8049
99.9344
99.9243
99.9437
95.6192
99.9435
99.8988
99.9398
99.3223
99.7762
99.9276
99.5619
99.9124
99.1393
99.9421
99.8308
99.9007
98.925
99.834
99.8575
99.8896
99.8784
99.9136
99.9397
99.7015
99.9145
99.8454
99.7491
99.9643
99.7811
99.9632
99.8072
99.8456
99.873
99.923
99.9363
99.8561
99.968
99.7542
99.9215
99.8633
99.899
98.8506
99.8153
99.6016
99.9077
99.8824
99.4667
99.7188
99.9304
99.6193
99.9071
99.7442
99.9531
99.9284
99.7696
99.9573
94.5508
99.7735
99.6638
99.7496
99.9457
99.8516
99.8716
99.9027
99.7973
99.61
99.8274
99.7792
99.8308
99.9177
99.9304
99.9322
99.7893
99.701
99.752
99.9576
99.9211
99.8567
99.9241
99.9245
99.9047
99.9729
99.9175
99.9413
99.9641
99.2805
99.8156
99.3874
99.8618
99.1452
99.9382
99.7903
99.7465
99.6508
99.6234
99.8909
99.9455
99.9113
99.5971
99.8376
99.7277
99.7148
99.2624
99.7528
99.9332
99.6124
99.8253
99.9433
99.8694
99.8145
99.5587
99.9358
99.5671
99.9239
99.8109
99.9277
99.8855
99.9489
99.7917
99.8017
99.9211
99.8973
99.772
99.7973
99.9543
99.9375
99.5686
99.8834
99.9135
99.6061
99.9415
99.9308
99.6648
99.8781
99.7386
99.7521
99.8793
99.8873
99.855
99.974
99.5997
99.9221
99.5908
99.9749
99.906
99.3965
99.9063
99.9292
99.7224
99.9293
99.9143
99.9191
99.5872
99.4777
99.7797
99.962
99.9518
99.8434
99.7741
99.7886
99.4268
99.8743
99.8662
99.9393
99.8707
99.2215
99.7799
99.9333
99.8829
99.9453
99.9516
99.8717
99.806
99.7857
99.9019
99.9267
99.7589
99.7932
99.9245
99.6863
99.9317
99.9502
99.9532
99.9455
99.2323
99.911
99.8848
99.8412
99.9763
99.9204
99.9538
99.849
99.9644
99.9506
99.6989
99.9452
99.8823
99.9064
99.7538
99.9386
99.925
99.9171
99.2135
99.9274
99.1006
99.9301
99.8957
99.9627
99.9214
99.8086
99.9495
99.8547
99.6475
99.6719
99.7494
99.9254
99.4151
99.4591
99.9487
99.8395
99.6057
99.745
99.8659
99.8786
99.9703
99.563
99.8614
99.6405
99.9665
99.5189
99.5447
99.9043
99.4231
99.6185
99.7901
99.947
99.3405
99.9231
99.9658
98.0225
99.9568
99.8146
99.9151
99.8046
99.9235
99.9347
99.4094
99.498
99.9668
99.9361
99.8053
99.8856
99.8853
99.9324
99.9346
99.8543
99.9512
99.913
99.9822
99.9423
99.9097
99.9422
99.9359
99.9558
99.9355
99.8586
99.7948
99.864
99.7224
99.8758
99.815
99.9524
99.7708
99.9438
99.8812
99.9327
99.3795
99.7283
99.9785
99.7878
99.2648
99.8526
99.7535
99.8716
99.9534
99.912
99.8858
99.7972
99.9059
99.8819
99.9415
99.9602
99.3648
99.938
99.9799
99.8871
99.9796
99.9578
99.9248
99.9563
99.715
99.8453
99.9114
99.8854
99.8919
99.7851
99.9114
99.1476
99.8853
99.8592
99.8398
99.7664
99.5994
99.9443
99.9177
99.9069
99.7401
99.1446
99.9211
99.7469
99.9119
99.9627
99.934
99.1132
99.8566
99.8881
99.9434
99.8418
99.928
99.9239
99.9494
99.8615
99.9341
99.9466
99.6666
99.456
99.9443
99.8351
99.6829
99.9281
99.94
99.5133
99.7797
99.9527
99.4027
99.7799
98.8276
99.967
99.5968
99.9394
99.9214
99.9538
99.806
99.83
99.8935
99.8616
99.8054
99.7525
99.8617
99.7905
99.8972
99.6823
99.8584
99.7573
99.7941
99.9538
99.5515
99.8949
99.5407
99.9151
99.6428
99.9114
99.8026
99.8907
99.9155
99.8207
99.9295
99.8885
99.8556
99.703
94.5239
99.9378
99.6472
99.9259
99.9096
99.85
99.9524
99.9105
99.8809
99.8395
99.9493
99.9318
99.5592
99.7955
99.9024
99.8232
99.6639
99.8321
99.9252
99.9137
99.6703
99.9483
99.2677
99.962
99.7546
99.5659
99.7713
99.977
99.8926
99.88
99.8146
99.7089
99.8187
99.255
99.7493
99.7663
99.9498
99.9755
99.9443
99.9535
99.9483
99.9389
99.2192
99.9278
99.6363
99.7475
99.8408
99.8776
99.6392
99.9005
99.727
99.6977
99.9404
99.7727
99.9218
99.9063
99.7144
99.8475
99.7771
99.8599
99.9902
99.6778
99.8717
99.5777
99.9317
99.9216
99.9509
99.8884
99.979
99.4335
99.4396
99.6125
99.9347
99.9398
99.7452
99.9275
99.9244
99.8303
99.939
99.7391
99.8738
99.9417
99.7989
99.8459
99.8858
99.8474
99.7211
99.8745
99.6329
99.9511
99.4264
99.9323
99.774
99.9141
99.4096
99.9083
99.9499
94.4896
99.798
99.445
99.6068
99.9464
99.5361
99.8841
99.8965
99.909
99.8933
99.347
99.9585
99.8985
99.9413
99.9397
99.9747
99.921
99.1341
98.1337
99.9515
99.9596
99.9684
99.7283
99.9451
99.9438
99.9343
99.9829
99.9435
99.7934
99.9185
99.4567
99.9142
99.5711
99.3331
99.9395
99.919
99.7911
99.902
99.5323
99.8655
99.8548
99.8831
99.7673
99.7075
99.9162
99.9497
99.8887
99.7528
99.9292
99.772
99.9015
99.9531
99.9206
99.9259
99.7439
99.8618
99.7769
99.933
99.8271
99.9804
99.9502
99.3518
99.9242
99.9167
99.8384
99.949
99.9156
99.884
99.8022
99.8941
99.8656
99.9402
99.9408
99.9411
99.7845
99.9008
99.3281
99.8761
98.5954
99.6545
99.9533
99.8542
99.6299
99.794
99.9227
99.5992
99.9043
99.872
99.9168
99.9496
99.7563
99.8728
99.9657
99.8223
99.8395
99.9395
99.8544
99.6622
99.9616
99.6742
99.8926
99.8877
99.9479
99.9006
99.4279
99.4283
99.8903
99.8888
99.685
99.9088
99.9115
99.2525
99.8249
99.3638
99.7099
99.8962
99.6243
99.9276
99.9596
99.5845
99.9404
99.9435
99.8215
99.9103
99.8994
99.9248
99.8782
99.7609
99.9332
99.9016
99.9472
99.7097
99.818
99.3973
99.8632
99.8329
99.1066
99.9041
99.94
98.7856
99.9511
99.8068
99.8527
99.6672
99.9619
99.9043
98.9795
99.5788
99.9182
99.916
99.9682
99.5359
99.9067
99.9342
99.9289
99.9458
99.372
99.4865
99.7618
99.7328
99.8766
99.8687
99.686
99.7715
99.6808
99.9073
99.9017
99.8412
99.7637
99.702
99.9021
99.745
99.9629
99.9312
99.925
99.6569
99.9025
98.1068
99.6824
99.963
99.8575
99.967
99.2091
99.9431
99.9533
99.7798
99.9453
99.9615
99.8914
99.9605
99.9039
99.9242
99.9857
99.8309
99.3958
99.9622
99.8937
99.6112
99.9575
99.6493
99.9007
99.8159
99.7438
99.6962
99.9605
99.9374
99.9351
99.8771
99.8759
99.8641
99.9023
99.9642
99.9035
99.712
99.8866
99.924
99.916
99.9346
99.7496
99.9429
99.9542
99.9461
99.9416
99.9328
99.9474
94.6052
99.8851
99.9345
99.8493
99.7413
99.9753
99.9214
99.7678
99.8986
99.8917
99.6786
99.9059
99.4609
99.9132
99.9328
99.3967
99.5743
99.8104
99.8753
99.7641
99.9366
99.7349
99.9378
99.9388
99.8482
99.9431
99.4628
99.8796
99.8898
99.9254
99.8657
99.6824
99.932
99.9512
99.9414
99.9068
99.9364
99.5368
99.6888
99.6716
99.9022
99.8229
99.936
99.8537
99.8944
99.9474
99.8436
99.6036
99.9159
99.4898
99.9494
99.6441
99.3536
99.8471
99.3407
99.8046
99.5426
99.7683
99.8225
99.8645
99.9151
99.7075
99.9599
99.8362
99.6324
99.9769
99.9038
99.7683
99.9453
99.9038
99.9138
99.8458
99.6452
99.9245
99.9271
99.892
99.9848
99.8314
99.6871
99.3185
99.7655
99.9
99.3158
99.8671
99.885
99.3418
99.5526
99.6252
99.9325
99.7898
99.6779
99.9076
99.5561
99.8746
99.9461
99.9536
99.7821
99.9635
99.9569
99.8979
99.7783
99.9477
99.5979
99.6663
99.8426
99.9178
99.5194
99.6067
99.7255
99.9512
99.3078
99.9412
99.8717
99.0944
99.7526
99.1185
99.9154
99.9481
99.8985
99.6237
99.914
99.9049
99.8513
99.617
99.7051
99.9156
98.8619
99.9128
99.8141
99.9209
99.8824
99.9407
99.9509
99.866
99.8975
99.5811
99.9136
99.9253
95.5967
99.6729
99.8775
99.4677
99.9579
99.9612
99.8903
99.6954
99.5963
99.956
99.9584
99.8272
99.9599
99.9069
99.8928
99.7682
99.9012
99.7802
99.9508
99.9268
99.8797
99.8808
99.8146
99.9585
99.959
99.9166
99.7032
99.4778
99.8458
99.6948
99.7636
99.7182
99.8152
99.9249
99.7149
99.8524
99.9208
99.6679
99.9591
99.7606
99.9651
99.7427
99.8495
99.3197
99.9056
99.9192
99.8769
99.7971
99.8924
99.9545
99.8864
99.9109
99.6049
99.9018
99.9196
99.7227
99.9485
99.8858
99.668
99.3311
99.9446
99.8239
99.9544
99.8978
99.9008
99.8105
99.9009
99.7888
99.1136
99.8035
99.9329
99.9442
99.6758
99.7419
99.8702
99.6292
99.8213
99.896
99.9696
99.2157
99.6885
99.8636
99.9471
99.9304
99.7317
99.661
99.9278
99.9382
99.9451
99.8604
99.9521
99.6971
99.9169
99.4141
99.556
99.7355
99.6577
99.9092
99.9107
99.469
99.8499
99.7021
99.903
99.9045
99.9501
99.903
99.4126
99.8749
99.9109
99.947
99.9498
99.849
99.7742
99.7841
99.9296
99.8768
99.9602
99.9507
99.8307
99.9096
99.9062
99.1986
99.1185
99.9129
99.8977
99.9366
99.7743
99.8812
99.9259
99.9194
99.962
99.8954
99.816
99.7782
99.4384
99.7311
99.8877
99.6514
99.8913
99.9327
99.6471
99.8438
99.9386
99.8621
99.8806
99.3647
99.9415
99.8519
99.9462
99.8956
99.9548
99.9124
99.9176
99.9613
99.292
99.5843
99.762
99.9335
99.5773
99.9776
99.938
99.9101
99.8106
99.8692
99.7795
99.7251
99.9411
99.921
99.9188
99.9192
99.5115
99.9542
99.9402
99.9073
99.9355
99.9586
99.8968
99.9049
99.9247
99.7452
99.9611
99.7966
99.9265
99.8541
99.7682
99.9338
99.9641
99.394
99.9296
99.5017
99.8801
99.8496
99.9601
99.7281
99.7975
99.2988
99.9705
99.8347
99.9199
99.9198
99.9227
99.9081
99.7319
99.8966
99.9414
99.9118
99.9078
99.8738
99.6051
99.8554
99.6189
99.9352
99.8254
99.8138
99.9461
99.7791
99.7542
99.9238
99.6564
99.8737
99.9604
99.9241
99.8783
99.5597
99.9362
99.9462
99.9025
99.8993
99.9265
99.5711
99.9756
99.5533
99.9409
99.929
99.971
99.9595
99.9229
99.7639
99.8862
99.9474
99.43
99.8997
99.9348
99.901
99.8868
99.8565
99.9444
99.8446
99.9232
99.948
99.9304
99.9526
99.9602
99.8623
99.1259
99.9422
99.8805
99.9404
99.7473
99.9067
99.785
99.8167
99.9366
99.9456
99.8273
99.9227
99.9369
99.7962
99.8945
99.9826
99.9679
99.9532
99.4686
99.9019
99.9641
99.7371
99.41
99.9393
99.8714
97.9971
94.415
99.6114
99.5521
99.6889
99.7967
99.4464
99.9437
99.6304
99.9008
99.659
99.3582
99.8714
99.9591
99.7878
99.7121
99.7478
99.8184
99.9653
99.9277
99.7436
99.9135
99.4439
99.3192
99.9401
99.9715
99.9501
99.9261
99.5129
99.2358
99.7864
99.9106
99.5993
99.9077
99.6651
99.7813
99.9018
99.92
99.9324
99.8376
99.7594
99.8952
99.9431
99.9331
99.8903
99.9173
99.7344
99.8241
99.9559
99.9005
99.4562
99.2599
99.9071
99.8136
99.759
99.803
99.2454
99.977
99.9093
99.7644
99.8865
99.6511
99.846
99.8485
99.5649
99.8022
99.9282
99.9236
99.9348
99.973
99.8814
99.7526
99.906
99.9292
99.3745
99.6517
99.9163
99.9431
99.7445
99.7248
99.3158
99.8087
99.8566
99.9
99.8065
99.8017
99.9575
99.8487
99.9421
99.3564
99.9599
99.7936
99.5291
99.6865
99.9901
99.917
99.6171
99.9461
99.7532
99.801
99.8917
99.8511
99.7726
99.9037
99.848
99.8878
99.7095
99.8335
99.9448
99.9351
99.55
99.7237
99.9114
99.8507
99.9658
99.697
99.911
99.7041
99.9394
99.4763
99.8027
99.9345
99.9279
99.9631
99.9045
99.759
99.5321
99.3242
99.9431
99.8693
99.8116
99.8372
99.8301
99.7831
99.7781
99.554
99.8693
99.4601
99.9407
99.6881
99.9199
99.952
99.8837
99.9676
99.8392
99.7634
99.9265
99.91
99.906
99.9035
99.5404
99.9392
99.8537
99.9025
99.4282
99.8447
99.6423
99.8123
99.7966
99.9405
99.7468
99.2541
99.3766
99.5678
99.3509
99.9056
99.9519
99.8884
99.8838
99.4423
99.5324
99.5891
99.9134
99.8973
99.9771
99.9133
99.8111
99.9348
99.9235
99.8931
99.8257
99.4298
99.3248
99.9361
99.912
99.9166
99.782
99.6208
99.7783
99.9103
99.9756
99.9704
99.1279
99.8031
99.9474
99.829
99.4088
99.9702
99.8052
99.6829
99.8705
99.972
99.9379
99.6833
99.9283
99.8748
99.8847
99.2849
99.9224
99.9534
99.9503
98.7121
99.9669
99.9407
99.9247
99.9238
99.851
99.9278
99.5972
99.8574
99.9277
99.8973
99.6939
99.887
99.7352
99.6513
99.5751
99.6894
99.9208
99.8873
99.8516
99.9333
99.9356
99.9621
99.9216
99.7815
99.8755
99.8507
99.8983
99.9014
99.7384
99.7205
99.9142
99.9717
99.881
99.9387
99.9479
99.8484
99.3138
99.798
99.9027
99.1853
99.7698
99.9221
99.6277
99.9061
99.933
99.9589
99.9071
99.5971
99.9351
99.5303
99.9355
99.9528
99.9486
99.9439
99.9381
99.9663
99.6081
99.9153
99.9265
99.7651
99.9397
99.9384
99.9596
99.8802
99.8895
99.9488
99.7931
99.7875
99.9355
99.4264
99.9562
99.8997
99.7969
99.4064
99.6466
99.8064
99.7079
99.9071
99.6209
99.8482
99.5572
99.9461
99.4261
99.6553
99.5204
99.712
99.9303
99.9419
99.9185
99.8909
99.9536
99.855
99.1659
99.8992
99.6273
99.2013
99.684
99.9171
99.2588
99.8979
99.9235
99.9212
99.917
99.8656
99.9626
99.9341
99.9666
99.3232
99.8049
99.7887
99.8839
99.6173
99.9516
98.967
99.8722
99.8621
99.9418
99.8308
99.4865
99.9328
99.6598
99.9649
99.9132
99.9173
99.896
99.9155
99.9539
99.941
99.6311
99.9151
99.8104
99.9432
99.6345
99.6309
99.903
99.9324
99.6757
98.9041
99.8552
99.8886
99.4892
99.9152
99.8959
99.817
99.9241
99.2612
99.3274
99.9225
99.5325
99.9208
99.7638
99.9241
99.8877
99.9128
99.9141
99.8763
99.6497
99.9581
99.5957
99.9156
99.4858
99.6378
99.9019
99.7292
99.9189
99.2863
99.9287
99.9492
99.9173
99.6239
99.784
99.8388
99.2419
99.7157
99.8586
99.9267
99.7142
99.8948
99.9149
99.9417
99.8646
99.8435
99.8013
99.9561
99.9749
99.9069
99.9492
99.6489
94.4738
99.944
99.9171
99.9573
99.851
99.6403
99.8899
99.3208
99.7653
99.9372
99.9107
99.8565
99.954
99.7636
99.8406
99.9438
99.3656
99.9098
99.8589
99.8359
99.9592
99.3443
99.8779
99.9401
99.9186
99.7262
99.3211
99.9058
99.9147
99.9871
99.9558
99.9389
99.2693
99.3121
99.8509
99.7329
99.9128
99.9411
99.8988
99.9381
99.849
99.9505
99.9375
99.7401
99.9598
99.6806
99.8797
99.8932
99.949
98.0136
99.9087
99.8601
99.7686
99.9171
99.7499
99.9371
99.9184
99.9088
99.8841
99.8432
99.822
99.7376
99.6025
99.961
99.902
95.6671
99.7525
99.7703
99.8933
99.7645
99.9008
99.9563
99.9339
99.9042
99.7424
99.766
99.9302
99.9492
99.8993
99.8811
99.919
99.4992
99.9619
99.843
99.8863
99.9325
99.9568
99.657
99.7493
99.8824
99.8431
99.7956
99.3039
99.8288
99.8971
99.9394
99.9267
99.9476
99.931
99.7251
99.8464
99.8795
99.9712
99.8163
99.1907
99.9219
99.6233
99.8434
99.7473
99.9023
99.8308
99.8886
99.1827
99.2161
99.9706
99.9202
99.4096
99.9279
99.3924
99.2942
99.9218
99.9342
99.7444
99.9422
99.9039
99.69
99.3798
99.8799
99.945
99.9142
99.9547
99.9087
99.9311
99.9826
99.8837
99.8454
99.8151
99.8879
99.9644
99.7645
99.9516
99.9516
99.8983
99.9529
99.9116
99.564
99.8741
99.5073
99.9344
99.8992
99.9065
99.8761
99.0223
99.8778
99.4922
99.8788
99.9411
99.9063
99.8913
99.7997
99.7435
99.9124
99.8991
99.6875
99.8979
99.5773
99.7637
99.5315
98.9716
99.7926
99.8995
99.9475
99.67
99.8753
99.9621
99.9716
99.7127
99.794
99.9406
99.478
99.8
99.9344
99.9663
99.9741
99.744
98.0542
99.9208
99.9449
99.8786
99.9309
99.7656
99.8764
99.8187
99.7092
99.8794
99.5858
99.1259
99.719
99.4794
99.9077
99.9559
99.8814
99.9514
99.8283
99.9567
99.3301
99.9098
99.846
99.9339
99.9124
99.8392
99.8914
99.4119
99.5364
99.7967
99.8921
99.9338
99.3839
99.7915
99.8851
99.9694
99.9504
99.559
99.9007
99.8585
99.9513
99.7706
99.9258
99.9412
99.805
99.8448
99.8952
99.9575
99.9254
99.5858
99.9314
99.8699
99.7083
99.769
99.9058
99.0836
99.898
99.6895
99.6288
99.9571
99.8915
99.8832
99.8795
99.1802
99.9214
99.8162
99.7697
99.745
99.8888
99.9519
99.2339
99.9513
99.8699
99.8919
99.9539
99.9433
99.5979
99.8504
99.8634
99.9673
99.8807
99.6448
99.9259
99.9085
99.9526
99.9578
99.7659
99.9324
99.8389
99.8875
98.0344
99.9495
99.8742
99.9311
99.3209
99.8261
99.9015
99.9196
99.7635
99.7919
99.9036
99.874
99.4277
98.6441
99.7737
99.9473
99.8692
99.899
99.9613
99.7486
99.9436
99.902
99.9426
99.5413
99.6141
99.659
99.9351
99.8417
99.9076
99.8615
99.3304
99.967
99.6245
99.9199
99.7881
99.643
99.5894
99.735
99.9079
99.9258
99.9434
99.9463
99.9784
99.532
99.6891
99.8987
99.9697
99.5658
99.9555
99.9393
99.9501
99.8995
99.9456
99.5151
99.9195
99.944
99.6781
99.935
99.8614
99.5448
99.836
99.6784
99.9281
99.5404
99.4598
99.94
99.9679
99.9286
99.8926
99.8385
99.699
99.8827
99.9265
99.5886
99.8355
94.5284
99.8995
99.8884
99.9171
99.9063
99.1911
99.8629
99.9229
99.9574
99.9545
99.9536
99.9682
99.9229
99.9073
99.4017
99.9052
99.9453
99.9001
99.9655
99.783
99.7827
99.9001
99.9324
99.9329
99.7603
99.5285
99.2759
99.9375
99.7852
99.8092
99.8625
99.6389
99.8626
99.9096
99.8541
99.834
99.4105
99.9044
99.8793
99.5457
99.793
99.84
99.9259
99.9692
99.8811
99.8876
99.8792
99.6204
99.9269
99.9288
99.9638
99.9543
99.9057
99.9009
99.9191
99.8828
94.4293
99.3531
99.938
99.382
99.9589
99.9395
99.912
99.7996
99.8935
99.8227
99.9411
99.8874
99.4601
99.6718
99.7904
99.8665
99.902
99.107
99.7872
99.8986
99.9146
99.9234
99.9003
99.8993
99.8627
99.9779
99.7699
99.5937
99.4585
99.8114
99.3507
99.4067
99.4295
99.9271
99.8925
99.8907
99.8975
99.689
99.9026
99.7515
99.8881
99.8935
99.957
99.9272
99.9298
99.8868
99.9158
99.8227
99.7901
99.9368
99.2832
99.7164
99.8402
99.5189
99.4887
99.9252
99.9308
99.7027
99.7302
99.4457
99.9371
99.9418
99.9449
99.6368
99.8778
99.9594
99.4043
99.9452
99.6177
99.9195
99.9219
99.8991
99.5335
99.9266
99.7079
99.918
99.9407
99.547
99.7576
99.8659
99.5823
99.8576
99.8913
99.9614
99.7146
99.8783
99.9838
99.8768
99.8795
99.8797
99.837
99.9132
99.4795
99.966
99.4364
99.9224
99.9051
99.9725
99.8756
99.917
99.8225
99.7101
99.9039
99.9434
99.9711
99.8967
99.9426
99.8145
99.9142
99.921
99.9663
99.9451
99.9258
99.7809
99.9207
99.674
99.6158
99.5256
98.8646
99.9089
99.9729
99.9324
99.7444
99.6794
99.4308
99.9142
99.9255
99.8577
99.9721
99.9724
99.7583
99.299
99.9563
99.7453
99.8587
99.5045
99.9314
99.957
99.925
99.76
99.8678
99.9039
95.5626
99.8644
99.8956
99.899
99.9108
99.2803
99.9342
99.6255
99.8742
99.9406
99.8779
99.788
99.9046
99.9298
99.9767
99.9501
99.5705
99.9043
99.8794
99.6636
99.0936
99.7611
99.8963
99.8782
99.9171
99.8382
99.9595
99.5013
99.4423
99.8913
99.9499
99.9566
99.8657
99.7954
99.9428
99.913
99.5423
99.8346
99.9616
99.6756
99.9674
99.9314
99.9646
99.952
99.9301
99.9365
99.9632
99.891
99.9615
99.9667
99.8715
99.7943
99.3028
99.8752
99.8026
99.4113
99.8858
99.8603
99.9096
99.93
99.8738
99.6282
99.9049
99.9578
99.7845
99.9643
95.6983
99.927
99.8916
99.941
99.9416
99.9285
99.9782
99.9497
99.8872
99.9362
99.9502
99.6784
99.4703
99.374
99.9274
99.9171
99.9625
99.4118
99.864
99.4315
99.2573
99.9324
99.9187
99.9309
98.9842
99.8939
99.7209
98.0831
99.9569
99.8925
99.4609
99.8981
99.9625
99.9388
99.9417
99.7109
99.8291
99.8548
99.9596
99.9076
95.5156
99.9295
99.8917
99.9149
99.9174
99.7597
99.9528
99.885
99.8902
99.9561
99.8831
99.7915
99.8932
99.3521
99.8405
99.8742
99.8685
99.5053
99.8786
99.7953
99.8974
99.984
99.76
99.8443
99.9176
99.9492
99.9225
99.9043
99.945
99.9248
99.8496
99.8051
99.9224
99.8239
99.76
99.8055
99.9325
99.9717
99.8874
99.9244
99.3108
99.95
99.7874
99.9443
99.9444
99.5499
99.8043
99.9706
99.9342
99.9381
99.9798
99.9328
99.8236
99.7424
99.9284
99.9344
99.1934
99.9203
99.9098
99.9492
99.8723
99.9188
99.9132
99.7183
99.6316
99.943
99.9506
99.9299
99.7621
99.6037
99.901
99.9713
99.7814
99.922
99.9039
99.9188
99.7144
99.822
99.9378
99.9067
99.8476
99.9652
99.9253
99.8288
99.8779
99.8177
99.9509
99.8012
99.8838
99.9039
99.7239
99.7439
99.888
99.9587
99.9589
99.4974
99.9364
99.8713
99.6423
99.9177
99.7609
99.9175
99.8964
99.3456
99.8174
99.8884
99.6946
99.6708
99.8566
99.9352
99.8396
99.9397
99.6895
99.9251
99.8872
99.9526
99.8437
99.8201
99.701
99.9127
99.8852
99.8089
99.8036
99.9077
99.6353
99.9253
99.9539
99.8399
99.6953
99.6772
99.9682
99.952
99.865
99.2619
99.5894
99.9723
99.972
99.8637
99.2616
99.9231
99.3803
99.9871
99.7825
99.9107
99.958
99.8962
99.8639
99.8019
99.4145
99.9185
99.8969
99.936
99.9
99.8225
99.9509
99.9212
99.7418
99.7807
99.9325
99.9548
99.7301
99.9118
99.811
99.9665
99.5789
99.9134
99.9407
99.9029
99.7619
99.9415
99.8331
99.9301
99.8212
99.9333
99.9148
99.9221
99.9543
99.9075
99.905
99.7095
99.7939
99.7973
99.9496
99.6179
99.9061
99.9101
99.9363
99.5303
99.8381
99.936
99.6422
99.9515
99.8794
99.9388
99.8347
99.9164
99.3814
99.1725
99.9564
99.8997
99.881
99.9347
99.849
99.8609
99.7236
99.7299
99.9465
98.8354
99.932
99.6213
99.9529
99.8821
99.8974
99.896
99.9448
99.9039
99.6525
99.7845
99.9423
99.9178
99.9108
99.932
99.979
99.8979
99.8208
99.918
99.9243
99.8758
99.911
99.9387
99.888
99.911
99.8815
99.938
99.7753
99.9264
99.9437
99.8432
99.9117
99.8724
99.8469
99.9199
99.9239
99.9306
99.5675
99.878
99.8882
99.8387
99.7419
99.971
94.1006
97.9611
99.2738
99.8293
99.7649
99.9601
99.967
99.9435
99.9608
99.9391
99.4138
99.8717
99.9655
99.2889
99.9218
99.915
99.9437
99.9316
99.9509
99.5739
99.9744
99.7517
99.6556
99.9632
99.9771
99.9305
99.6292
99.8397
99.8861
99.9001
99.3623
99.9557
99.9528
99.4192
99.9118
99.9466
99.9016
99.6635
99.9697
99.9817
99.8082
99.9293
99.9352
99.9325
99.9051
99.7934
98.0072
99.9281
99.7561
99.9325
99.8881
99.9157
99.9369
99.963
99.9305
99.7715
99.7431
99.9143
99.8531
99.922
99.8578
99.9571
99.9396
99.7705
99.9211
99.5675
99.6937
98.1481
99.9638
99.9349
99.7841
99.5904
99.8308
99.9297
99.9251
99.7385
99.4583
99.7212
99.8752
99.8066
99.9411
99.7806
99.9634
99.8792
99.9503
99.9263
99.9549
99.6408
99.9339
99.923
99.7144
99.7264
99.8559
99.9558
99.8814
99.9293
99.6206
99.9064
99.91
99.5533
99.9126
99.5578
99.7864
99.972
99.8259
99.7198
99.9411
99.9446
99.9407
98.059
99.1704
99.9446
99.9498
99.7891
99.961
99.9155
99.8712
99.9177
99.9309
99.7371
99.917
99.594
99.9338
99.9002
99.9366
99.9184
99.5908
99.7889
99.9123
99.6616
99.9107
99.8815
99.9647
99.2143
99.9477
99.6212
99.9363
99.6472
99.3247
99.9429
99.8754
99.9485
99.8532
99.6289
99.9418
99.9297
99.8568
99.9158
99.8807
99.9529
99.1806
99.8108
99.7519
99.6844
99.9514
99.9371
99.3946
99.9574
99.9294
99.7279
99.7635
99.9261
99.6899
99.373
99.8066
98.8444
99.9455
99.4368
99.7673
99.9549
99.9422
99.967
99.9437
99.9233
99.6094
99.881
99.9231
99.8365
99.9589
99.9145
99.9623
99.9004
99.7397
99.8972
99.8941
99.905
99.7887
99.9308
99.1703
99.9461
99.6964
99.91
99.9715
99.9034
99.8874
99.9052
99.9271
99.9194
99.9632
99.9111
99.9298
99.973
99.8874
99.9313
99.761
99.7209
99.8985
99.8798
99.9505
99.9612
99.8894
99.9526
99.9297
99.418
99.8844
99.6127
99.6715
99.9596
99.7958
99.9456
99.5089
99.2816
99.9052
99.9569
99.1894
99.9191
99.7568
99.6294
99.8333
99.9037
99.3065
99.9214
99.9027
99.4386
99.9687
99.5721
99.9232
99.8493
99.9007
99.777
99.8376
99.7847
99.9453
99.957
99.7649
99.8795
99.8369
99.8322
99.8024
99.8937
99.9556
99.9216
99.9275
99.8097
99.778
99.5638
99.3638
99.9424
99.3333
98.9235
99.9531
99.4791
99.8702
99.9551
99.953
99.883
99.9054
99.9009
99.9372
99.9333
99.9283
99.8554
99.8265
99.7355
99.9128
99.828
98.059
99.6738
99.9237
99.8635
99.9416
99.901
99.9537
99.8831
99.9307
99.9557
99.2992
99.2819
99.3842
99.6709
99.6572
99.967
99.9067
99.4152
99.4946
99.8606
99.925
99.9187
99.6939
99.7433
99.4474
99.3722
99.9033
99.8778
99.7917
99.9511
99.8832
99.8546
99.8327
99.557
99.4677
99.7538
99.9063
99.8293
99.9437
99.2707
99.4435
99.7572
99.9233
99.6591
99.6292
99.725
99.8293
99.8366
99.8565
99.5078
99.855
99.9412
99.3026
99.8805
99.9351
99.6878
99.9359
99.8919
99.9707
99.972
99.9384
99.7077
99.8849
99.3991
99.9562
99.9082
99.9636
99.9276
99.9153
99.7473
99.9437
99.9345
99.9207
99.7347
99.8466
99.9615
99.6396
99.5126
99.9514
99.2086
99.9333
99.5712
99.9342
99.3969
99.9595
99.9209
99.9491
99.9316
99.9296
99.9472
99.9665
99.9685
99.9171
99.9241
99.7848
99.9054
99.6676
99.8907
99.7139
99.3073
99.8937
99.8915
99.91
99.919
99.9724
99.883
99.9387
99.4452
99.6285
99.9583
99.8164
99.9384
99.9049
99.8702
99.8561
99.8257
99.9606
99.8504
99.8355
99.9222
99.9647
99.8801
99.8968
99.1452
99.9414
99.7804
99.6396
99.9527
99.7283
99.8997
99.8041
99.8164
99.9476
99.9087
99.8819
99.9452
99.7042
99.8617
99.9381
99.924
94.4764
99.7199
99.7075
99.8883
98.0773
99.9212
99.8512
99.916
99.9194
99.7718
99.5624
99.8516
99.3171
99.8904
99.9487
99.8795
99.3393
99.9276
99.764
99.8654
99.7668
99.1563
99.9276
99.5445
99.9281
99.8786
99.9359
99.9518
99.9154
99.6264
99.9699
99.3742
99.7573
99.9724
99.9533
99.8902
99.9061
99.9401
99.9588
99.9525
99.9627
99.9276
99.3264
99.684
99.6376
99.6457
99.9616
99.7373
99.9372
99.9302
99.9325
99.9386
99.8617
99.9162
99.9635
99.9418
99.9592
99.1132
99.9471
99.8357
99.9089
99.6848
99.9429
99.8781
99.9389
99.9303
99.9607
99.9043
99.7845
99.8594
99.8934
99.9015
99.6866
99.6894
99.266
99.9567
99.9119
99.8556
99.4444
99.777
99.8825
99.8958
99.2992
99.8805
99.851
99.9085
99.6339
99.6951
99.8692
99.649
99.911
99.9034
99.7777
99.8321
99.7448
99.9431
99.8616
99.7031
99.8218
99.6393
99.9568
99.9485
99.5908
99.8889
99.7962
99.7788
99.9367
99.7434
99.9677
99.9539
99.9665
99.6201
99.9394
99.3412
99.5513
99.7405
99.9245
99.9587
99.9144
99.6906
99.9317
99.8434
99.8176
99.8134
99.5821
99.9422
99.8975
99.9409
99.8107
99.8378
99.5578
99.9307
99.762
99.9242
99.9206
99.6692
99.7271
99.931
99.8755
99.9138
99.8221
99.8318
99.9278
99.8061
99.3845
99.8685
99.3861
99.6943
99.6849
99.9518
99.937
99.265
99.6346
99.8637
99.9214
99.9744
99.5568
98.17
99.5503
99.9524
99.9232
99.8508
99.9135
99.3634
99.8298
99.9691
99.9192
99.9272
99.8951
99.5996
99.775
99.8676
99.893
99.3807
99.9833
99.7718
99.8251
99.9408
99.9444
99.7187
99.9293
99.6526
99.6531
99.9689
99.3912
99.8998
99.9309
99.9211
99.4699
99.9254
99.9599
99.8903
99.8682
99.9306
99.7284
99.6635
99.942
99.7922
99.9881
99.7669
99.9143
99.9182
99.7938
99.9062
99.9044
99.9405
99.9144
99.8912
99.621
99.9079
99.848
99.933
99.6233
99.8623
99.1892
99.6701
99.9031
99.7908
99.8493
99.9021
99.7372
99.9708
99.9351
99.9093
99.9102
99.9443
99.9483
99.9032
99.7351
99.8522
99.9056
99.5659
99.9502
99.9224
99.9212
99.6242
99.793
99.9431
99.9212
99.6869
99.2834
99.9617
99.7694
99.875
99.3196
99.5006
99.8941
99.9267
99.8097
99.6839
99.9257
99.5616
99.4386
99.7569
99.3582
99.9493
99.8157
99.3739
99.9802
99.6384
99.7801
99.7861
99.9343
99.9332
99.9129
99.8803
99.6981
99.8864
99.9241
99.9073
99.8804
99.7323
99.7298
99.8943
99.9635
99.947
99.866
99.8244
99.6839
99.9112
99.9513
99.9612
99.9414
99.6852
99.6813
99.1337
99.9377
99.8461
99.828
99.8936
99.9551
99.3396
99.9143
99.8744
99.6271
99.6938
99.7758
99.94
99.9311
99.9314
99.6155
99.9487
99.7108
99.3204
99.7782
99.9734
99.9599
99.8167
99.9562
99.9289
99.9684
99.9654
99.8556
99.9251
99.9183
99.7062
99.3072
99.9296
99.9376
99.8101
99.9682
99.9716
99.8794
99.7216
99.4326
99.9875
99.8405
99.9561
99.7728
99.8914
99.8743
99.9134
99.9341
99.9424
99.9629
99.9702
99.2609
98.1738
99.953
99.7529
99.9163
99.9242
99.9694
99.5904
99.7561
99.5903
99.7914
99.9507
99.3845
99.7285
99.1951
99.8229
99.9502
99.9308
99.8952
99.4629
99.1959
99.9057
99.9463
99.9412
99.8162
99.9391
99.9557
99.6117
99.7644
99.9593
99.7973
99.7554
99.7818
99.5009
99.8849
99.4638
94.5339
99.809
99.7363
99.909
99.8488
99.9071
99.6956
99.8592
99.8669
99.9418
99.8176
99.9643
99.6116
99.6079
99.3465
99.7877
99.7501
99.8992
99.932
99.9148
99.8272
99.9546
99.6713
99.9257
99.9591
99.8216
99.9295
99.9141
99.8285
99.9088
99.9286
99.9279
99.7607
99.8485
99.9058
99.9132
99.7611
99.953
99.9261
99.8282
99.7826
99.7892
99.5456
99.9801
99.8308
99.9274
99.902
99.614
99.9842
99.7514
99.9285
99.6265
99.9395
99.7531
99.9126
99.5566
99.4229
98.1183
99.7448
99.8724
99.5809
99.9267
99.9242
99.8064
99.7844
99.4074
99.8564
99.9213
99.8217
99.8084
99.3107
99.9371
99.7322
99.917
99.7953
99.9725
99.9152
99.9246
99.9543
99.3449
99.6891
99.6146
99.9379
99.9066
99.9759
99.8617
99.7641
99.7192
99.6311
99.7967
99.6645
99.861
99.903
99.8606
99.9084
99.3039
99.9207
98.0251
99.6366
99.9213
99.8617
99.9581
99.94
99.866
99.9529
99.6679
98.7574
99.9308
99.8608
99.3089
99.6246
99.9213
99.8869
99.953
99.7469
99.8503
99.741
99.7979
99.7405
99.8913
99.7106
99.986
99.8276
99.9562
99.9251
99.8955
99.9814
99.7031
99.8385
99.8707
99.9112
99.945
99.7464
99.9523
99.9548
99.4554
99.9211
99.8929
99.974
99.9289
99.8981
99.9148
99.8141
99.9133
99.9402
99.8208
99.8676
99.9363
99.4296
99.9415
99.9367
99.7006
99.6183
99.7636
99.7205
99.8597
99.8836
99.9461
99.3521
99.7157
99.7631
99.9228
99.505
99.8148
99.8656
99.8742
99.5602
99.9039
99.7464
99.3256
99.8807
99.3717
99.9465
99.7835
99.6105
99.9465
99.8786
99.882
99.9115
99.5535
99.9619
99.9261
99.7708
99.9492
99.851
99.7635
99.9749
99.3265
99.9016
99.8933
99.7659
99.9297
99.9484
99.9202
99.9105
99.9184
99.9367
99.7799
99.754
99.8906
99.6613
99.704
99.7705
99.5969
99.936
99.853
99.8894
99.9264
99.8703
99.9599
99.968
99.8571
99.9459
99.936
99.7947
99.2956
99.8342
99.9328
99.9198
99.6465
99.9143
99.6289
99.7021
99.9199
99.9417
99.9427
99.8
99.9232
99.8809
98.9251
99.9652
99.9065
99.8018
99.8512
99.8608
99.9531
99.3835
99.9665
99.8991
99.8881
99.6856
99.9078
99.7096
99.8988
99.5408
99.8006
99.9417
99.9255
99.9367
99.9421
99.9499
99.9329
99.9204
99.905
99.2975
99.7042
99.907
99.8099
99.7757
99.619
99.9239
99.9307
99.3643
99.8275
99.9642
99.825
99.9262
99.5499
99.3248
99.8795
99.7166
99.9478
99.9452
99.8002
99.1589
99.9775
99.8987
99.9518
99.0919
99.904
99.6016
99.944
99.7845
99.7743
99.8109
99.9084
99.9357
99.9366
99.9128
99.9129
99.9006
99.8391
99.8592
99.9072
99.3811
99.8958
99.9025
99.4653
99.8094
99.9299
99.8216
99.9053
99.9309
99.9539
99.675
99.5381
99.8507
99.9265
99.9089
99.8698
99.9029
99.9536
99.7138
95.5342
99.6887
99.849
99.1223
99.9228
99.7103
99.3561
99.8961
99.5282
99.6972
99.2593
99.9378
99.9402
99.9453
99.9673
99.2629
99.8736
99.9253
99.9223
99.4436
99.4558
99.7543
99.8743
99.7591
99.9495
99.9251
99.9389
99.7645
99.7483
99.9541
99.8677
99.68
99.8612
99.6134
99.9084
99.9371
99.8809
99.94
99.9454
99.6611
99.248
99.8169
99.9255
99.3515
99.977
99.979
99.8672
99.8858
99.9181
99.9035
99.6639
99.9199
99.9502
99.8969
99.6551
99.7693
99.7371
99.7326
99.9357
99.9105
99.6765
99.7763
99.4169
94.1354
99.8864
99.9197
99.8024
99.9434
99.9287
99.7745
99.9529
99.9567
99.9005
99.8074
99.9003
99.7945
99.9132
99.8807
99.9632
99.805
99.9053
99.9417
99.8041
99.9286
99.7116
99.7925
99.9422
99.8148
99.9261
99.6796
99.9107
99.4219
99.7903
99.957
99.9198
99.5038
99.9655
99.6599
99.8406
99.9226
99.8188
99.8669
99.9148
99.5397
99.9339
99.89
99.6159
99.945
99.9164
99.8828
99.7188
99.9723
99.3074
99.8875
99.9311
99.9017
99.8322
99.9317
99.8741
99.4694
99.9327
99.8514
99.1975
94.7204
99.981
99.7643
99.9401
99.9303
99.9099
99.6867
99.9285
99.6025
99.9163
99.5854
99.8735
99.2215
99.9385
99.9384
99.6497
99.8563
99.9619
99.8909
99.9364
99.9107
99.5578
99.7354
99.6175
99.9692
99.9213
99.7843
99.9025
99.9466
99.9174
99.9522
99.7278
99.9363
99.9509
99.9034
99.8988
99.7065
99.906
99.9321
99.6963
99.9276
99.9045
99.9012
99.9463
99.9298
99.8541
99.9632
99.958
99.6378
99.3419
99.9267
99.9424
99.8933
99.9348
99.6931
99.9153
99.9594
99.9212
99.9905
99.9119
99.8922
99.8162
99.7577
99.9203
99.9356
99.8836
99.881
99.682
99.9658
99.9854
99.9739
99.8282
94.5986
99.9068
99.8914
99.9632
99.9142
99.7944
99.9707
99.9047
99.8944
99.9533
99.9417
99.7812
99.9096
99.9313
99.9518
99.9029
99.9191
99.6299
99.8811
99.3306
99.8425
99.7745
99.9155
99.4204
99.6539
99.6908
99.8272
99.6045
99.9238
99.4549
99.9333
99.8834
99.7538
99.9613
99.9392
99.8835
99.9518
99.7763
99.9665
99.7123
99.7776
99.6898
99.9064
99.4718
99.946
99.9169
99.6771
99.8634
99.9111
99.9369
99.9176
99.4111
99.9199
99.1771
99.8758
99.7996
99.8947
99.7818
99.9406
99.8179
98.1134
94.5611
99.7917
99.9306
99.8335
99.9661
99.6297
99.9072
99.4479
99.8299
99.6128
99.6455
99.9305
99.9222
99.9116
99.9709
99.859
99.7282
99.885
99.8283
99.9135
99.9419
99.8693
99.981
99.8891
99.9004
99.8929
99.9206
99.9061
99.8919
99.1831
99.9188
99.8969
99.7818
99.5075
99.4023
99.9056
99.9324
99.9411
99.3226
99.9698
99.8783
99.4698
99.7909
99.4565
99.8898
99.9248
99.439
99.7701
99.7796
99.7175
99.7403
99.9437
99.6175
99.9795
99.5966
99.7542
99.7714
99.9619
99.904
99.9017
99.9558
99.9021
99.9024
99.9473
99.4972
99.8623
99.9622
99.9353
99.9456
99.8926
99.9035
99.9105
99.9338
99.8975
99.8601
99.7833
99.9091
99.2422
99.9274
99.3562
99.1502
99.4794
99.8582
99.8734
99.7001
99.927
99.8162
99.9202
99.7625
99.8995
99.9323
98.6928
99.3074
99.9362
99.8912
99.8873
99.9151
99.9404
99.8713
99.907
99.8086
99.7363
99.8205
99.9614
99.8985
99.5943
99.9541
99.8172
99.9201
99.9511
99.9435
99.9211
99.9011
99.9665
99.9381
99.9104
99.6653
99.9613
99.2055
99.9318
99.896
99.8004
99.8743
99.9432
99.9324
99.9553
99.6431
99.8835
99.9532
99.9104
99.8783
99.9523
99.8111
99.815
99.9503
99.8635
99.7328
99.9045
99.9398
99.9375
99.9078
99.454
99.6549
99.9622
99.6271
99.7513
99.931
99.8528
99.9004
99.9727
99.8082
99.9824
99.9282
99.8617
99.6871
99.8814
99.4979
99.2299
99.9374
99.4589
99.4035
99.7622
99.6123
99.9442
99.8624
99.7057
99.645
99.9333
99.7824
99.9473
99.9579
99.6102
99.3774
99.9382
99.6974
99.9134
99.9136
99.3407
99.2651
99.901
99.9506
99.7625
99.9334
99.8083
99.9418
99.7333
99.7956
99.9218
99.7357
99.7417
99.9213
94.6115
99.9055
99.9384
99.3725
99.9308
99.8685
99.3264
99.9454
99.9277
99.9003
99.9014
99.691
99.6926
99.8293
99.9552
99.938
99.7534
99.9124
99.9373
99.7487
99.8783
99.7929
99.8968
99.9762
99.7425
99.9356
99.3973
99.3267
99.4392
99.834
99.953
99.529
99.4257
99.9702
99.916
99.9187
99.8159
99.6808
99.8633
99.9013
99.9665
99.9406
99.711
99.7521
99.9509
99.8989
99.451
99.8709
99.8635
99.7364
99.8882
99.7459
99.3518
99.3663
99.8959
99.9337
99.835
99.3294
99.8706
99.9518
99.9132
99.9212
98.1016
99.6845
99.8562
99.6863
99.4796
99.1783
99.9454
99.9515
99.9104
99.9381
99.9532
99.8347
99.958
99.92
99.4798
99.833
99.9113
99.6247
99.9155
99.9493
99.4554
99.9435
99.9192
99.9146
99.4028
99.353
99.9303
99.7818
99.7649
99.6218
99.9416
99.9236
99.6468
99.6217
99.9496
99.941
99.9143
99.885
99.9053
99.8817
99.9818
99.8549
99.5558
99.796
99.935
99.9261
99.9246
99.6751
99.9151
99.8854
99.8939
99.7576
99.7954
99.8321
99.614
99.5266
99.872
99.8076
99.8144
99.9378
99.8836
99.9381
99.8464
99.3154
99.7484
99.9531
99.6885
99.7863
99.3734
99.9569
99.9541
99.9208
99.8526
99.8181
99.9203
99.9107
99.3588
99.9585
99.8782
99.9225
99.9194
99.8175
99.2592
99.9065
99.8801
99.6995
99.8531
99.9633
99.9237
99.9252
99.947
99.9195
99.9641
99.99
99.9483
99.855
99.9371
99.4486
99.5521
99.9735
99.8879
99.6949
99.8697
99.3751
99.9566
99.9026
99.849
99.9468
99.9523
99.8686
99.9418
99.9212
99.7177
99.3325
99.8777
99.936
99.9098
99.7315
99.9234
99.8758
99.7757
99.451
99.7512
99.9126
99.914
99.9803
99.5669
99.9328
99.9321
99.9195
99.8452
99.4932
99.2918
99.8766
99.8837
99.9067
99.9136
99.8396
99.8449
99.3287
99.6001
99.8396
99.9337
99.8832
99.8767
99.4256
99.8762
99.9008
99.9538
99.9199
99.9036
99.9807
99.7204
99.3758
99.9211
99.519
99.9653
99.4448
99.4835
99.3793
99.7729
99.9516
99.7697
99.8636
99.9589
99.7509
99.2281
99.9262
99.9501
99.8846
99.9432
99.4399
99.8702
99.8969
99.7777
99.9348
99.8491
99.9571
99.9638
99.583
99.9526
99.9136
99.9211
99.9342
99.8567
99.9659
99.9647
99.7902
99.9142
99.8324
99.8874
99.9564
99.9422
99.8405
99.6171
99.9599
99.9658
99.8998
99.9151
99.9457
99.9599
99.8347
99.3688
99.9726
99.8614
99.8291
99.9094
99.8191
99.9044
99.8576
99.559
99.9304
99.9522
99.8909
99.9103
99.8789
99.4369
99.9501
99.9488
99.7896
99.9356
99.8097
99.4796
99.7757
99.9255
99.937
99.3097
99.7631
99.7631
99.9289
99.896
99.884
99.9168
99.9659
99.9075
99.9512
99.7422
99.9219
99.3532
99.8521
99.9104
99.8116
99.9194
99.7763
99.9238
99.9576
99.7952
99.7751
99.2299
99.869
99.9371
99.9365
99.4338
99.9644
99.9227
99.8714
99.9334
99.8654
99.9487
98.8401
99.6183
99.8596
99.7291
99.9526
99.869
99.2246
99.9509
99.8453
99.9025
99.8842
99.788
99.915
99.9032
99.9058
99.9355
99.9217
99.6606
99.7317
99.9271
99.9133
99.7964
99.8749
99.9215
99.8546
99.8814
99.619
99.6932
99.8941
99.8254
99.8756
99.9706
99.8602
99.9664
99.888
99.898
99.9111
99.9457
99.6146
99.8721
99.7261
99.9042
99.9338
99.5045
99.8276
99.812
99.9061
99.9232
99.477
99.4427
99.7949
99.7004
99.7359
99.9325
99.8937
99.8058
99.8207
99.3717
99.4312
99.5522
99.4706
99.9314
99.6709
99.9468
99.9392
99.7266
99.7259
99.7309
99.8986
99.947
99.9206
99.7914
99.9394
99.6792
99.921
99.7048
99.6797
99.1861
99.9701
98.1917
98.1679
99.9755
99.9403
99.6593
98.7912
99.8508
99.8907
99.9192
99.8845
99.9384
99.6949
99.93
99.9543
99.6935
99.8145
99.9183
99.7096
99.8074
99.3184
99.7491
99.9444
99.6575
99.8824
99.5327
99.9533
99.4947
99.4704
99.7085
99.5634
99.9305
99.5582
99.9169
99.9303
99.9064
99.7963
99.9306
99.3547
99.7625
99.8951
99.8925
99.9538
99.9567
99.8763
99.9434
99.8707
99.8603
99.7988
99.5937
99.5951
99.7466
99.9198
99.9586
99.6864
99.9307
99.4387
99.9009
99.8122
99.417
99.88
99.3615
99.9029
99.9493
99.9462
99.9508
99.978
99.945
99.8972
99.9447
99.8692
99.8673
99.9307
99.913
99.8143
99.9063
99.6057
99.884
99.6429
99.8431
99.9838
99.6394
99.2261
99.6077
99.7292
99.5639
99.8867
99.9703
99.9189
99.8691
99.8928
99.9692
99.7339
99.5726
99.8962
99.5006
99.9707
99.5624
99.9058
99.7873
99.903
99.6408
99.8899
99.9539
99.7551
99.9615
99.7911
99.9435
99.9177
99.8532
99.3982
99.9571
99.9058
99.9093
99.7713
99.5372
99.869
99.8207
99.9267
99.9575
99.7631
99.7406
99.9177
99.6796
99.9108
99.9194
99.8651
99.9418
99.9116
99.9303
99.8819
99.7713
99.2712
99.6912
99.5135
99.8387
99.6813
99.1449
99.9156
99.9269
99.9343
99.799
99.8941
99.7716
99.9078
99.9234
99.105
99.8476
99.9609
99.9344
99.8916
99.7212
99.8493
99.8962
99.8763
99.9321
99.8706
99.8366
99.9025
99.6531
99.9591
99.9188
99.8956
99.8178
99.8981
99.9308
99.868
99.9334
99.7518
99.8599
99.8846
99.9489
99.9542
99.9344
99.581
99.9369
99.9245
99.4088
99.935
99.9262
99.6634
99.9258
99.8454
99.7512
99.8079
99.7699
99.7487
99.9455
99.9254
99.333
99.8073
99.9174
99.8959
99.7848
99.4947
99.3374
99.8381
99.7719
99.9095
99.5822
99.821
99.8256
99.9482
99.7196
99.9137
99.9149
99.8205
99.8692
99.6226
99.8635
99.9668
99.7298
99.896
99.583
99.8964
99.8896
99.9354
99.5017
99.9283
99.9424
99.9298
99.7304
99.8833
99.7797
99.9237
99.6249
99.3347
99.905
99.6808
99.9405
99.7604
99.8716
99.9116
99.7113
99.859
99.9719
99.948
99.9376
99.9426
99.8178
99.9461
99.8372
99.8561
99.9401
99.9739
99.917
99.5336
99.9463
99.9495
99.9135
99.9021
99.774
99.8679
99.7598
99.3079
99.8985
99.9522
99.4444
99.8463
99.9055
99.6903
99.8014
99.94
99.9287
99.9325
99.8202
99.5525
99.8968
99.8648
99.318
99.312
99.9337
99.9256
99.2405
99.768
99.9161
99.8992
99.613
99.9552
99.9121
99.6108
99.6196
99.8627
99.615
99.953
99.9076
99.1627
99.9466
99.9315
99.882
99.9136
99.9259
99.3199
99.8436
99.5755
99.9124
99.7039
99.7822
99.7217
99.9529
99.7907
99.8957
99.9138
99.9553
99.8174
99.9444
99.8842
99.8579
99.7151
99.9115
99.9617
99.7479
99.1586
99.9544
99.9367
99.683
99.9392
99.9147
99.9579
99.6777
99.3378
99.8994
99.8233
99.9069
99.8348
99.861
99.9507
99.9071
99.7431
99.6741
99.9457
99.7626
99.9421
99.9237
99.9026
99.9363
99.8763
99.6789
99.8341
99.8094
99.9762
99.9501
99.897
99.9149
99.9577
99.9497
99.9101
99.9798
99.9907
99.9324
99.5795
98.7724
99.818
99.9419
99.5517
99.4407
99.7974
99.9372
99.4163
99.9092
99.6
99.9655
99.9113
99.8614
99.6115
99.9488
99.8502
99.6967
99.9272
99.8764
99.2229
99.8915
99.9319
99.8416
99.9061
99.9401
99.9511
99.9758
99.9476
99.7457
99.8139
99.9338
99.9252
99.9672
99.8452
99.9339
99.3635
99.9701
99.3881
99.9416
99.6701
99.6655
99.9678
99.8912
99.8081
99.8262
99.9235
99.8864
99.8102
99.4985
99.9058
99.7091
99.7875
99.9551
99.9208
99.2647
99.549
99.7448
99.7692
99.9499
99.9525
99.6901
99.9345
99.7174
99.9531
99.8607
99.8853
99.9325
99.7854
99.4119
99.8446
99.8306
99.8125
99.7828
99.9062
99.8793
99.8647
99.8033
99.9168
99.7299
99.8458
99.7578
99.8
99.8907
99.9122
99.9252
99.7385
99.896
99.9429
99.9233
99.9665
99.9378
99.8085
99.9326
99.9442
99.8898
99.878
99.8051
99.6078
99.9084
99.907
99.321
99.3161
99.5753
99.7126
99.982
99.9486
99.1133
99.7006
99.9704
99.7953
99.9144
99.8635
99.854
99.4373
99.565
99.7752
99.8134
99.7767
99.8771
99.9228
99.9101
99.7104
99.8986
99.9229
99.965
99.9179
99.9232
99.759
99.6478
99.8811
99.8921
99.7294
99.8192
99.7353
99.6368
99.8777
99.8807
99.3893
99.911
99.9086
99.7804
99.4295
99.8987
99.8732
99.6053
99.9016
99.8499
99.9144
99.9561
99.9384
99.9255
99.7654
99.7658
99.8811
99.9533
99.9067
99.9454
99.7728
99.3248
99.9306
99.9436
99.9269
99.8782
99.77
99.6096
99.8645
99.9879
99.6287
99.8531
99.4741
99.903
99.8675
99.9348
99.9017
99.9266
99.891
99.8284
99.9599
99.4513
99.8223
99.9468
99.8177
99.9354
99.7456
99.8861
99.9246
99.3466
99.8978
99.7213
99.6793
99.8829
99.8426
99.9274
99.9313
99.9229
99.9448
99.9214
99.8878
99.881
99.9234
99.9055
99.9547
99.7911
99.9256
97.992
99.8714
99.3496
99.8647
99.9766
99.9606
99.9226
99.5728
99.8866
99.9299
99.7678
99.5894
99.9257
99.4126
99.9388
99.9386
99.908
99.5664
99.9276
99.8205
99.9553
99.9229
99.9189
99.8798
99.9422
99.9355
95.6222
99.7067
99.9503
99.9609
99.9025
99.8738
99.6677
99.9405
99.9717
99.8698
99.5028
99.739
99.5665
99.6552
99.9197
99.9253
99.8592
99.537
99.8491
99.9725
99.8097
99.7015
99.7498
99.7939
99.9324
99.8265
99.4188
99.4077
99.9477
99.9206
99.8375
99.8787
99.4237
99.923
99.9236
99.8975
99.9803
99.8344
99.5508
99.6049
99.7873
99.9543
99.9327
99.9538
99.9361
99.9527
99.8731
99.7699
99.9018
99.9776
99.907
99.7272
99.9018
99.8767
99.9221
99.9861
99.9433
99.911
99.941
99.4714
99.9444
99.9238
99.9392
99.5545
99.286
99.776
99.924
99.7996
99.9127
99.9095
99.6589
99.6821
99.9668
99.721
99.9322
99.8406
99.9551
99.8938
99.8999
99.2028
99.9728
99.1635
99.9441
99.9141
99.8812
99.7239
99.7193
97.992
99.2744
99.9025
99.8912
99.9561
99.8912
99.9278
99.9455
99.5991
99.9396
99.8129
99.9607
99.8589
99.9361
99.6363
99.9063
98.9716
99.5006
99.746
99.9158
99.9061
99.9574
99.9213
99.9629
99.7683
99.9107
99.7581
99.9429
99.8751
99.9312
99.6832
99.95
99.9308
99.786
99.5654
99.8624
99.8657
99.5662
99.9214
99.9065
99.8429
99.0807
99.7976
99.9496
99.8011
99.7944
98.8285
99.9467
99.9325
99.6739
99.873
99.9035
99.9073
99.9491
99.8192
99.7639
99.8916
99.9078
99.8851
99.8978
99.8615
99.9633
99.6365
99.9056
99.3546
99.9709
99.9033
99.8674
99.4598
99.9487
99.9072
99.9722
99.9491
99.8036
99.8933
99.9845
99.6811
99.91
99.8404
99.7987
99.9246
99.9494
99.4523
99.9335
99.9384
99.8955
99.9725
99.4526
99.854
99.9178
99.9587
99.9322
99.9183
99.9765
99.8799
99.9275
99.8463
99.9155
99.8775
99.856
99.3508
99.8819
99.8512
99.9247
99.6635
99.924
99.9566
99.8565
99.8937
99.9713
99.6273
99.9532
99.7248
99.7606
99.9172
99.9351
99.791
99.323
99.7782
99.9419
99.9512
99.8177
99.9745
99.7944
99.9288
99.4512
99.8075
99.8739
99.7717
99.8292
99.6326
99.9214
99.9702
99.9532
99.919
99.922
99.8935
99.9536
99.3404
99.6657
99.9459
99.9499
99.5553
99.9368
99.9326
99.8039
99.962
99.6373
99.6865
99.9005
99.854
99.8488
99.9508
99.9177
99.961
99.9379
99.7398
99.9465
99.9084
99.8827
99.8683
99.8675
99.8779
99.9177
99.8697
99.6796
99.7198
99.8662
99.8417
99.9574
99.5374
99.8935
99.1789
99.9332
99.9511
99.8956
99.9187
98.1183
99.9244
99.9301
99.8794
99.9149
99.9117
99.9178
99.7908
99.9538
99.9584
99.9308
99.9373
99.9328
99.9098
99.9105
99.341
99.9063
99.3524
99.8122
99.916
99.9551
99.9107
99.899
99.8545
99.9525
99.8585
99.9169
99.8111
99.8316
99.832
99.9297
99.341
99.927
99.9535
99.3778
99.1904
95.5988
99.9207
99.9248
99.8779
99.2937
99.408
99.746
99.7749
99.9023
99.8119
99.7895
99.5547
99.88
99.678
99.8414
99.9115
99.8386
99.6046
99.6535
98.0609
99.9152
99.0883
99.9443
99.4543
99.2897
94.045
99.9036
99.9537
99.9217
99.9768
99.9092
99.9765
99.8192
99.8634
99.9059
99.8624
99.8854
99.8697
99.9576
99.7802
99.953
99.8591
99.9273
99.9529
99.7738
99.9533
99.8986
99.9508
99.9822
99.8271
99.953
99.6119
99.8656
99.6134
99.9283
99.3626
99.6796
99.9689
99.9333
99.4059
99.8693
99.9109
99.8782
99.8022
99.9388
99.7899
99.9241
99.8866
99.7622
98.1147
99.9118
99.5473
99.8241
99.4233
99.9326
99.6452
99.8348
99.3349
99.9182
99.8713
99.6372
99.912
98.9522
99.8526
99.8889
99.5967
99.931
99.911
99.6302
99.9692
99.8888
99.9364
99.6472
98.1591
99.9641
99.9028
99.6989
99.6329
99.9397
99.7479
99.9659
99.9017
99.9622
99.9506
99.9632
99.8424
99.8312
99.9237
99.8205
99.9394
99.667
99.8879
99.2675
99.9638
99.9084
99.965
97.9968
99.8862
99.9491
99.893
99.9186
99.9283
99.6843
99.9648
99.8656
99.9712
99.8717
99.9509
99.9085
99.938
99.924
99.8972
99.889
99.2859
99.5686
99.7978
99.6247
99.4789
99.881
99.9252
99.9353
99.95
99.9632
99.9662
99.2867
99.6663
99.5823
99.8716
99.8883
99.983
99.9255
99.7902
99.9465
99.9358
99.7736
99.654
99.9116
99.8112
99.843
99.5686
99.9665
99.666
99.9109
99.9746
99.9224
99.6614
99.9692
99.8988
99.9159
99.9582
99.8481
99.9197
99.3651
99.6419
99.8374
99.9355
99.951
99.6642
99.9529
99.9411
99.9088
99.6929
99.7793
99.5826
99.9231
99.9014
99.7793
99.6492
99.5782
99.5616
99.951
99.5468
99.909
99.7321
99.9042
99.9481
99.3888
99.9158
99.4554
99.8131
99.321
99.9595
99.1476
99.8386
99.9905
99.9122
99.8952
99.907
99.8611
99.8773
99.9443
99.892
99.7861
99.9632
99.8948
99.8963
99.9151
99.9525
99.9604
99.933
99.8083
99.8617
99.9026
99.9092
99.804
99.9134
99.9405
99.9131
99.7382
99.9026
99.9829
99.8452
99.882
99.4604
99.9065
99.9862
99.7823
99.9163
99.9531
99.9352
99.7
99.8384
99.9381
99.8571
99.9004
99.8512
99.9679
99.897
99.7281
99.8859
99.9347
99.9001
99.9421
99.6568
99.9157
99.8743
99.8586
99.8629
99.4912
99.9433
99.9194
99.9347
99.837
99.9389
99.8227
99.6611
99.9135
99.9297
99.9182
99.9689
99.7567
99.8867
98.8149
99.9616
99.7692
99.8281
99.2847
99.8425
99.85
99.8915
99.9532
99.7913
99.9501
99.9628
99.7242
99.716
99.9412
99.668
99.8806
99.9161
99.9289
99.0767
99.8826
99.9066
99.7292
99.2978
99.4231
99.8452
99.9197
99.8739
99.9268
99.9256
98.8273
99.8878
99.5426
99.7744
99.7528
99.9499
99.948
98.0886
99.4619
99.9344
99.8075
99.7477
99.9318
99.9034
99.6302
99.8288
99.696
99.8615
99.8615
99.9518
99.9068
99.8054
99.9014
99.9476
99.956
99.8824
99.9256
99.2586
99.5307
99.9417
99.9807
99.899
99.9546
99.8295
99.9476
99.9043
99.5566
99.8132
99.9103
99.5902
99.8966
99.564
99.9029
99.9012
99.924
99.2816
99.7203
99.9627
99.7451
99.8078
99.917
99.9438
99.4286
99.9484
99.1454
99.9431
99.8272
99.9651
99.9488
99.724
99.9085
99.6156
99.9436
99.9148
99.7865
99.9212
99.798
99.5052
99.9485
99.6138
99.7868
99.8763
99.8401
99.934
99.9203
99.9558
99.8892
99.7597
99.9024
99.7124
99.9587
99.7382
99.8199
99.9493
99.8758
99.9235
99.7272
99.7502
99.8698
99.3656
99.9452
99.9078
99.8156
99.8459
99.6219
99.8615
99.8874
99.9059
99.7669
99.9684
99.6
99.9038
99.9417
99.968
99.8007
99.6864
99.1891
99.6844
99.4933
99.8887
99.5755
99.9634
99.5949
99.9568
99.7922
99.8241
99.8906
99.2499
99.8692
99.9314
99.9607
99.9492
99.8292
99.9797
99.6777
99.9414
99.935
99.4138
99.9617
99.9132
99.748
99.9518
98.879
99.7502
99.9098
99.8927
99.7317
99.8926
99.7409
99.9395
99.6191
99.6324
99.9448
99.594
99.7096
99.9457
99.7677
99.8227
99.8136
99.888
98.8591
99.9169
99.7598
99.9357
98.7838
99.9375
99.9673
99.7503
99.9316
99.6061
99.8917
99.9583
99.5568
99.9308
99.4123
99.8799
99.724
99.709
99.9363
99.9804
99.3232
99.6073
99.5992
99.9135
99.8623
99.9297
99.9305
99.6921
99.9262
99.9417
99.9504
99.9141
99.9098
99.7517
99.9079
99.1584
99.9544
99.8039
99.1831
99.9408
99.6755
99.9746
99.6224
99.9759
99.8975
99.6525
99.9411
99.9378
99.9422
99.7825
99.8338
99.3911
99.7435
99.8939
99.7911
99.9554
99.7526
99.5456
99.9519
99.674
99.8918
99.8029
99.9295
99.914
99.9538
99.4062
99.9021
99.9196
99.6633
99.878
99.6276
99.9001
99.893
99.4299
99.8417
99.6123
99.7071
99.8991
99.9581
99.9185
99.9061
99.6502
99.7451
99.9348
99.9555
99.8443
99.8696
99.9576
99.9643
99.8677
99.9117
99.7465
99.9592
99.9415
99.6592
99.593
99.9581
99.3125
99.9299
99.8225
98.8927
99.8777
99.8766
98.0489
99.9252
99.3625
99.9189
99.9443
99.8759
99.9389
99.9457
99.8967
99.9317
99.378
99.8956
99.9446
99.9612
99.7841
99.9343
99.836
99.9472
99.8772
99.9549
99.894
99.9453
99.5886
99.848
99.8713
99.6245
99.6399
99.9154
99.6025
99.9044
99.8378
99.6787
99.9788
99.9793
99.9085
99.9342
99.706
99.7656
99.741
99.636
99.8823
99.8543
99.8872
99.5213
99.9691
99.2678
99.7209
99.9006
99.9504
99.8908
99.7782
99.9191
99.9326
99.9416
99.9202
99.8594
99.9244
99.9456
99.7885
99.6305
99.9585
99.8821
99.6175
99.9159
99.966
99.8678
99.9509
99.7898
99.9308
99.7486
99.894
99.8874
99.8702
99.4117
99.5177
99.4311
99.9042
99.3198
99.8048
99.967
99.9111
99.6929
99.8082
99.9285
99.3348
99.8158
99.8582
99.8221
99.8801
99.2794
99.9493
99.7942
99.9202
99.8263
99.9162
99.3934
99.3714
99.8611
99.9438
99.9247
99.6949
99.7934
99.9381
99.8966
99.8871
99.8694
99.9135
99.2899
99.7371
99.9208
99.9701
99.8984
99.822
99.7588
99.7551
99.4565
99.9004
99.696
99.3203
99.8908
99.3049
99.9155
99.9324
99.3261
99.9244
99.8312
99.6343
99.6262
99.6366
99.8769
99.4848
99.8648
99.9454
99.7524
99.9084
98.7876
99.7272
99.7935
99.9291
99.5929
99.8695
99.9262
99.8393
99.9068
99.3928
99.9418
99.3005
99.4092
99.9263
99.9344
99.6324
99.498
99.9801
99.9494
99.7464
99.7833
99.6299
99.9397
99.5837
99.7956
99.8638
99.9052
99.7702
99.9184
99.911
99.8254
99.7575
99.9356
99.9516
99.9522
99.9153
99.6512
99.9614
99.911
99.7903
99.4496
99.7864
99.1419
99.7732
99.9743
99.635
99.8613
99.5232
99.7052
99.8966
99.8052
99.7466
99.9006
99.6848
99.9391
99.9771
99.8476
99.872
99.9192
99.9362
99.8898
99.9245
99.9253
99.777
99.9389
99.5963
99.8013
99.9528
99.9092
99.8599
99.9282
99.5126
99.6328
99.9386
99.5608
99.9354
99.6537
99.0657
99.9333
99.6801
99.9588
99.9117
99.5488
99.0809
99.9793
99.9507
99.719
99.9042
99.9173
99.9719
99.6399
99.9677
99.903
99.9257
99.8944
99.9641
99.926
99.9562
99.8952
99.9648
99.9328
99.1776
99.7725
99.9417
99.9519
99.426
99.8802
99.65
99.7694
99.8714
99.6981
99.92
99.7405
99.9308
99.7236
99.7675
99.2307
99.9654
99.8841
99.8527
99.9217
99.7989
99.8725
99.8156
99.9001
99.3181
99.8953
95.4688
99.9102
99.9071
99.9183
99.9733
99.4277
99.9246
99.9106
99.954
99.7292
99.855
99.9536
99.9431
99.8615
99.933
99.7667
99.8719
99.9493
99.9098
99.8678
99.8823
99.8613
99.8616
99.9249
99.7123
99.5179
99.807
99.7852
99.9471
99.8288
99.7017
99.9325
99.9486
99.8936
99.7006
99.8226
99.8866
99.8791
99.4078
99.9269
99.5693
99.6539
99.8511
99.8731
99.5533
99.9345
99.6158
99.8952
99.609
99.9107
99.9099
99.893
99.812
99.9383
99.7989
99.8205
99.8282
99.8813
99.9305
99.9
99.5583
99.9254
99.9325
99.9282
99.9427
99.7058
99.7797
99.8981
99.9348
99.9093
99.9035
99.8396
99.6794
99.9315
99.9415
99.9534
99.9732
99.8969
99.7038
99.4118
99.7096
99.8794
99.9034
99.8806
99.286
99.9136
99.9161
99.8907
99.8938
99.5707
99.5447
99.9112
99.9595
99.9209
99.7619
99.7317
99.8782
99.6562
99.8971
99.8875
99.4369
99.7144
99.9104
99.3234
99.9127
99.959
99.9438
99.9142
99.4604
99.8921
99.8719
99.9562
99.9036
99.5739
99.9
99.949
99.9335
99.8661
99.855
99.9625
99.9463
99.2268
99.9498
99.7255
99.8173
99.7139
99.9247
99.9453
99.7987
99.8796
99.797
99.4694
99.8532
99.7915
99.8535
99.8726
99.9558
99.7317
99.9415
99.7863
99.399
99.3938
99.8871
99.9189
99.964
99.4541
99.4425
99.3337
99.913
99.9163
99.9277
99.8831
99.9213
99.9414
99.9655
99.8904
99.967
99.7998
99.8816
99.841
99.9101
99.9452
99.8697
99.9513
99.9497
99.9008
99.533
99.9245
99.6105
99.7742
99.8226
99.9578
99.7504
99.9604
99.6903
99.3603
99.9693
99.9317
99.9453
99.8717
99.9201
99.9433
99.8977
99.8226
99.8216
99.9302
99.9415
99.9315
99.5153
99.9046
99.9432
99.9402
99.9015
99.948
99.7596
99.9504
99.915
99.9136
99.8504
99.3711
99.7899
99.9193
99.638
99.8871
99.9579
99.9234
99.9287
99.9602
99.9144
99.7924
99.9336
99.8972
99.9407
99.7233
99.8787
99.7515
99.9056
99.6183
99.9273
99.9111
99.8886
99.9311
99.9186
99.9253
99.6422
99.8564
99.826
99.8811
99.6859
99.9403
99.9347
99.9418
99.916
99.909
99.8944
99.9511
99.5871
99.6387
99.3411
99.8553
99.9134
99.9149
99.8057
99.8762
99.9441
99.9274
99.8122
99.7694
99.6144
99.2348
99.8873
99.9252
99.9213
99.9568
99.9225
99.9735
99.9369
99.9066
99.8317
99.3079
99.9668
99.6369
99.7571
99.6316
99.8859
99.9427
99.5565
99.9325
99.8892
99.5668
99.4674
99.9403
99.9172
99.9632
99.722
99.8939
99.8942
99.2685
99.9745
99.8392
99.8893
99.938
99.9343
98.0669
99.976
99.9148
99.9377
99.7714
99.8196
99.9382
99.5574
99.953
99.9324
99.9794
99.6802
99.1946
99.7576
99.9513
99.8464
99.8754
99.9775
99.9083
99.8981
99.9039
99.6548
99.875
99.5801
99.9307
99.924
99.9726
99.8532
99.7664
99.8502
99.8671
99.3816
99.567
99.8865
99.9184
99.6166
99.3835
99.3649
99.9153
99.9141
99.6335
99.9484
99.9693
99.993
99.7652
99.9417
99.9595
99.9428
99.7662
99.8742
99.9258
99.8252
99.6885
99.7167
99.9519
99.3597
99.941
99.9107
99.8882
99.9598
99.8705
99.9367
99.8857
99.884
99.3733
99.8937
99.9239
99.4483
99.9075
99.6847
99.8008
99.7848
99.8751
99.9279
99.6881
99.7316
99.7551
99.7747
99.9485
99.6399
99.4267
99.9365
99.6821
99.2976
99.944
99.7791
99.9057
99.7611
99.837
99.3279
99.7292
99.9534
99.7204
99.9502
99.8948
99.8941
99.9267
99.789
99.9311
99.4857
99.8576
99.9107
99.7392
99.9636
99.9706
99.835
99.9104
99.9492
99.55
99.8753
99.9264
99.9251
98.7712
99.9435
99.7687
99.8914
99.9384
99.6271
99.9116
99.8865
99.9132
99.7756
99.7267
99.8501
99.8954
99.9723
99.9142
99.9215
99.8563
99.9306
99.786
99.9103
99.8458
99.7533
99.949
99.8282
99.3593
99.6257
99.7139
99.6946
99.8506
99.9441
99.1987
99.9239
99.42
99.8739
99.9376
99.9522
99.8623
99.9603
99.6857
99.9429
99.7911
99.9358
99.3045
99.9102
99.9296
99.7682
99.5393
99.911
99.918
99.9364
99.8978
99.9193
99.6061
99.897
99.6191
99.8725
99.8721
99.5696
99.7665
99.9118
99.8987
99.1898
99.9189
99.8706
99.3896
99.932
99.986
99.7823
99.8271
99.6714
99.916
99.9012
99.9264
99.6527
99.8631
99.9414
99.9749
99.944
99.9215
99.6903
99.7291
99.6052
99.3764
99.9299
99.9066
99.9456
99.5993
99.9262
99.9577
99.8969
99.7925
99.6306
98.0553
99.4873
99.7519
99.8795
99.7844
99.8367
99.9319
99.9127
99.9308
99.1499
99.8466
99.0465
99.4555
99.9596
99.3083
99.956
99.9315
99.8018
99.9313
99.9249
99.9353
99.8932
99.8999
99.8619
99.9637
99.4379
99.9597
99.9468
99.9565
99.9551
99.7752
99.9152
99.9814
99.9568
99.7401
99.9699
99.8966
99.9385
99.851
99.1844
99.8849
99.9382
99.9658
99.9812
99.7849
99.7676
99.8012
99.9508
99.8795
99.9441
99.9398
99.9401
99.7734
99.9397
99.731
99.3699
99.9446
99.8853
99.9243
99.9404
99.9501
99.8897
99.8951
99.7804
99.9626
99.8947
99.9516
99.4426
99.472
99.72
99.9363
99.9599
99.9821
99.9512
99.9061
99.9023
99.9491
99.9139
98.8062
99.7855
99.7423
99.3745
99.8323
99.9251
99.933
99.8779
99.9065
99.8887
99.2541
99.8848
99.6604
99.9916
99.92
99.9509
99.7747
99.9509
99.7381
99.9196
99.786
99.9048
99.961
99.9373
98.0856
99.764
99.887
99.9511
99.564
99.9768
99.1076
99.3144
99.4707
99.7932
99.7416
99.9484
99.8724
99.9438
99.9688
99.9016
99.8831
99.8464
99.8584
99.6416
99.8857
99.9653
99.9318
99.9249
99.9422
99.7564
99.9473
99.8662
99.9356
99.9412
99.8949
99.4673
99.9267
99.9697
99.9199
99.9014
99.9207
99.952
99.5679
99.9443
99.9274
99.9644
99.7999
99.9329
99.8512
99.9294
99.7768
99.8147
99.9484
99.9111
99.3376
94.5612
99.8155
99.8836
99.9615
99.8578
99.7454
99.8892
99.5963
99.9671
99.5965
99.9677
99.9286
99.877
99.7513
99.6542
99.9439
99.8635
99.897
99.9022
99.9081
99.9101
99.8751
99.9057
99.37
99.6945
99.826
99.6323
99.5307
99.9263
99.8934
99.93
99.9177
99.4365
99.8413
99.865
99.9522
99.9142
99.8889
99.9426
99.8134
99.9215
99.9381
99.4593
99.8984
99.6205
99.8202
99.9055
99.2964
99.885
99.904
99.8646
99.935
99.9196
99.9355
99.7652
99.9549
99.9048
99.5423
99.4351
99.9809
99.9251
99.9102
99.8735
99.9147
99.9001
99.9261
99.8779
99.7687
99.9583
99.8611
99.9375
99.837
99.8911
99.9027
98.9061
99.8897
99.7672
99.8222
99.9136
99.9094
99.9496
99.896
99.9085
99.9157
99.9383
99.9011
99.7747
99.9335
99.9457
99.9563
99.946
99.8695
99.7659
99.3325
99.8882
99.9208
99.8279
99.9015
99.8934
99.8588
99.9093
99.9246
99.8303
99.9086
99.8643
99.9585
99.8895
99.8698
99.7954
99.9636
99.9162
99.7592
98.8186
99.8526
99.9347
99.5942
99.6189
99.9295
99.6334
99.9515
99.9019
99.892
99.4153
99.9044
99.9332
99.8727
99.9438
99.9086
99.7607
99.9068
99.9101
99.8829
99.9065
99.8025
99.9033
99.8782
99.1767
99.8904
99.9512
99.7865
99.919
99.8846
99.7536
99.8227
99.8097
99.6481
99.8766
99.9745
99.8978
99.9318
99.6529
99.9416
99.8984
99.9178
99.9601
99.9322
99.7734
99.7873
99.9055
99.9138
99.7975
99.8904
99.8598
99.92
99.9364
99.9043
99.8304
99.9358
99.4993
99.8795
99.6987
99.4759
99.9063
99.7412
99.7466
99.7712
99.9387
99.9615
99.7105
99.9011
99.8971
99.9326
99.9554
99.3279
99.7751
99.895
99.9447
99.9578
99.8939
99.236
99.6532
99.9275
99.9564
99.9279
99.8323
99.4606
99.8608
99.7678
99.7233
99.8762
99.9162
99.1393
99.6584
99.9467
99.8286
99.786
99.9178
99.4361
99.9342
99.7781
99.6467
99.8397
99.8729
99.897
99.9487
99.9135
99.917
99.9177
99.7836
99.9369
99.9052
99.9078
99.89
99.5472
99.8128
99.542
99.9136
99.1675
99.4564
99.9266
99.9271
99.7962
99.9536
99.8411
99.9497
99.9363
99.9283
99.9264
99.8187
99.9533
99.7828
99.9137
99.5606
99.5224
99.8684
99.8698
99.8052
99.4757
99.9399
99.7819
99.869
99.8496
99.7355
99.9149
99.8914
99.9027
99.7492
99.9531
99.8251
99.9224
99.8857
99.625
99.8338
99.8917
99.8909
99.9273
99.5497
99.9534
99.8891
99.9007
99.9547
99.9394
99.3417
99.9678
99.9633
99.9214
99.7835
99.8752
99.9107
99.7365
99.855
99.818
99.3611
99.9625
99.9731
99.8727
99.1674
99.9255
99.8624
99.9136
99.955
99.3475
99.5684
99.8091
99.8318
99.3614
99.96
99.9469
99.8664
99.948
99.8985
99.9067
99.9325
99.9098
99.6445
99.8102
99.9148
99.9582
99.948
99.9463
99.5359
99.899
99.5823
99.9137
99.9719
99.7221
99.7565
95.4155
99.5356
99.6304
99.8886
99.965
99.8232
99.9395
99.7839
99.9066
99.9668
99.9497
99.8092
99.907
99.5965
99.3517
99.9
99.7594
99.9306
99.969
99.9537
99.8621
99.8572
99.3709
99.8955
99.7947
99.8537
99.7217
99.8415
99.9519
98.092
99.9016
99.9
99.9507
99.9085
99.8841
99.904
99.8889
99.9181
99.9419
99.6346
99.8754
99.4526
99.7784
99.939
99.9288
99.8646
99.74
99.9074
99.9128
99.9616
99.9321
99.7543
99.9526
99.3372
99.756
99.9615
99.8309
99.7986
99.8652
99.7497
99.795
99.921
99.6508
99.82
99.9681
99.8215
99.8857
99.9696
99.9035
99.8408
99.8237
99.3189
99.9199
99.7446
99.9258
99.8049
99.9245
99.7939
99.9266
99.934
99.8995
99.7731
99.6127
99.9202
99.9342
99.7718
99.8114
99.9393
99.9156
99.8591
99.9275
99.9235
99.9732
99.8955
99.9211
99.725
99.9288
99.6379
99.6773
99.8293
99.4252
99.9563
99.8195
99.9637
99.781
99.9163
99.912
99.9669
99.6628
99.9621
99.9128
99.9096
99.8166
99.4346
99.53
99.8771
99.95
99.9575
99.9005
99.8588
99.8959
99.7819
99.7676
99.5867
99.9228
99.7474
99.9565
99.8496
99.8958
99.9307
99.7976
99.7323
99.8558
99.9517
99.651
99.9044
99.862
99.9121
99.9605
99.8422
99.8562
99.9237
99.7989
99.8709
99.7458
99.6319
99.7621
99.8091
99.7485
99.9574
98.0143
99.8852
99.9295
99.1126
99.7471
99.8712
99.9324
99.9382
99.9482
99.3455
99.6119
99.7931
99.7738
99.9021
99.831
99.811
99.9438
99.2757
99.817
94.714
99.7458
99.9586
99.9604
99.9351
99.9314
99.385
99.7967
99.9589
99.8971
99.9647
99.5188
99.9171
95.5734
99.9174
99.9526
99.9315
99.5843
99.8833
99.9549
99.9639
99.6026
99.9107
99.6323
99.9497
99.7844
99.8601
99.888
99.932
99.8756
99.8894
99.9701
99.8334
99.948
99.8256
99.9072
99.9717
99.9485
99.9138
99.46
99.9019
99.9654
99.8962
99.6875
99.9493
99.9234
99.7667
99.892
99.91
99.9615
97.813
99.7388
99.9798
99.8554
99.756
99.402
99.9403
99.9581
99.8988
99.403
99.9386
99.8996
99.5992
94.5083
99.9386
99.886
99.7208
99.9364
99.4778
99.689
99.8323
99.8847
99.9299
99.924
99.9314
99.851
99.1372
99.9018
99.8699
99.5928
99.865
99.9568
99.8116
99.922
99.9127
99.9251
99.8104
99.8359
99.6643
99.8934
99.9488
99.7761
99.3872
95.5156
99.9121
98.2904
99.7038
98.8026
99.6556
99.9215
99.8433
99.8724
99.9472
99.8878
99.9315
99.9108
98.9773
99.9373
99.8425
99.9227
99.8609
99.9014
99.5837
99.862
99.9101
99.9127
99.9191
99.9418
99.904
99.9512
99.9455
99.56
99.9083
99.714
99.8274
99.9515
99.9607
99.8695
99.7132
99.9687
94.6286
99.9243
99.7552
99.9253
99.9584
99.883
99.7823
99.7287
99.3914
99.7908
99.8265
99.8851
99.9156
99.9501
99.8038
99.9182
99.3854
99.8776
99.9533
99.8914
99.6307
99.7713
99.959
99.7712
99.8147
99.9109
99.7521
99.823
99.1808
99.9666
99.766
99.8777
99.8598
99.3954
99.9263
99.8341
99.9479
99.8257
99.7561
99.9369
99.9319
99.2478
99.1855
99.8012
99.8963
99.9578
99.2366
99.9501
99.9069
99.8801
99.9369
99.9102
99.9296
99.9214
99.8451
99.9368
99.9348
99.8083
99.8462
99.8856
99.9614
99.6893
99.863
99.7716
99.8968
99.3894
99.9143
99.4436
99.3657
99.9105
99.8968
99.9417
99.8316
99.9742
99.9389
99.7974
99.9018
99.8809
99.6657
99.985
99.8642
99.48
99.6516
99.88
99.9734
99.8198
99.9268
99.6574
99.9047
99.9267
99.9333
99.89
99.9618
99.7038
99.8682
99.8634
99.9437
99.9172
99.8203
99.6043
99.9407
99.9052
99.5972
99.867
99.9126
99.8877
99.8946
99.5045
99.9726
99.9567
99.9807
99.9424
99.6145
99.3062
99.5029
99.89
99.7852
99.8728
99.858
99.9413
99.9284
99.9054
99.7243
99.7677
99.9519
99.7357
99.93
99.8849
99.7026
99.5674
99.7615
99.9017
99.9212
99.956
99.9204
99.6181
99.8727
99.622
99.9588
99.9095
99.7675
99.831
99.8679
99.866
99.9227
99.9837
99.6635
99.8705
99.1499
99.7517
99.9676
99.9267
99.9478
99.9581
99.8041
99.7488
98.2782
99.9466
99.1418
99.9009
99.8921
99.914
99.8727
99.9427
99.8002
99.9167
99.2866
99.9545
99.8367
99.8775
99.4866
99.9732
99.9413
99.9347
99.8707
99.8488
99.9738
99.9017
99.9067
99.9694
99.6792
99.9642
99.5559
99.9218
99.8867
99.9681
99.9199
99.9128
99.9622
99.8279
99.8845
99.9337
99.9713
99.8626
99.967
99.87
99.3433
99.9414
99.8639
99.8745
99.8018
99.3189
99.7252
99.8713
99.8865
99.974
99.4033
99.9416
99.9605
99.8864
99.8052
99.9731
99.9711
99.9444
99.7739
99.3524
99.9599
99.8065
99.9387
99.9231
99.8994
99.9242
99.2328
99.9198
99.9674
99.9123
99.6096
99.938
99.7084
98.8062
99.8066
99.9245
99.9589
99.9156
99.9175
99.9163
99.8517
99.7357
99.9598
99.9214
99.8586
99.9377
99.9296
99.5971
99.8651
99.9125
99.9363
99.6855
99.922
99.9559
99.9037
99.8523
99.9005
99.8669
99.804
99.9373
99.901
99.6994
99.8604
99.7582
99.7367
99.8919
99.583
99.9278
99.6187
99.9052
99.9169
99.9158
99.832
99.6907
99.893
99.9004
99.9532
99.3258
99.6479
99.8409
99.7739
99.9507
99.8685
99.8772
99.6489
98.7823
99.9554
99.6778
99.8252
99.9034
99.3424
99.7522
99.4621
99.9324
99.3472
99.9869
99.6545
99.9475
99.7705
99.888
99.3847
99.7937
99.932
99.9444
99.916
99.8336
99.6444
99.9506
99.8954
99.6405
99.9467
99.6628
99.2238
99.7956
99.3521
99.3889
99.9173
99.5997
99.6796
99.3835
99.9758
99.8597
99.5471
99.9591
99.9068
94.1543
99.9355
99.8935
99.8316
98.7507
99.3276
94.2084
99.9408
99.8755
99.956
99.9076
99.8774
99.9034
99.9229
99.7891
99.8922
99.8462
99.8658
99.9174
99.7426
99.9516
99.919
99.9585
99.8054
99.8624
99.8627
99.9694
99.7968
99.952
99.9124
99.8446
99.7555
99.7902
99.8911
99.3328
99.9591
99.8777
99.8886
99.8565
99.9703
99.6818
99.8989
99.9315
99.9149
99.9177
99.8661
99.9298
99.9231
99.9496
99.9375
99.8416
99.9912
99.876
99.8018
99.6286
99.8934
99.9646
99.8313
99.5811
99.9021
99.9887
99.7706
99.7663
99.3003
99.7903
99.8988
99.9179
99.3968
99.8931
98.8214
99.8944
99.1123
99.6613
99.9788
99.8197
99.8801
99.8073
99.9095
99.8627
99.9763
99.2321
99.9138
99.8691
99.9552
99.9014
99.9684
99.8976
99.9256
99.7955
99.7814
99.9367
99.9093
99.9472
99.9269
99.3343
99.936
99.9582
99.6689
99.95
99.061
99.6282
99.9297
99.9189
99.9334
99.8116
99.8703
99.9716
99.9159
99.8857
99.9497
99.8846
99.923
99.9
99.8485
99.8054
99.8981
99.9186
99.6913
99.9346
99.9139
99.8423
99.9324
99.9428
99.8666
99.3145
99.9516
99.8978
99.9172
99.9278
99.9088
99.9449
99.8878
99.7582
99.9276
99.3409
99.7984
99.9329
99.9256
99.341
99.3184
99.9885
99.9235
99.604
99.2437
99.937
99.9126
99.8019
99.9237
99.4182
99.9536
99.9065
99.3648
99.944
99.9639
99.8822
99.902
99.8069
99.4226
99.9308
99.8224
99.7725
99.5943
99.9172
99.9186
99.9128
99.9359
99.9547
99.5457
99.9509
99.6963
99.9334
99.9807
99.9216
99.9479
99.5392
99.6563
99.346
99.6961
99.8035
99.9207
99.446
99.9756
99.8692
99.9414
99.843
99.2691
99.8188
99.3518
99.9212
99.3464
99.9224
99.784
99.4179
99.6062
99.4492
99.7992
99.9234
99.8643
99.8945
99.8912
99.9693
99.8721
99.9272
99.9375
99.7941
99.4156
99.902
99.8983
99.3259
99.2827
99.6885
99.9224
98.8285
99.9122
99.8459
99.9585
99.8844
99.9339
99.9524
99.9591
99.5198
99.854
99.8327
99.7323
99.8841
99.9387
99.9487
99.9501
99.9182
99.8915
99.3685
99.8703
99.9294
99.5592
99.9066
99.92
99.9408
99.911
99.3834
99.9464
99.8343
99.9089
99.9308
99.7434
99.8702
99.8942
99.9047
99.8102
99.9436
99.9107
99.9026
99.9259
99.9216
99.8001
99.9065
99.9048
99.8945
99.9429
99.9406
99.9383
99.484
99.9188
99.6734
99.626
99.9306
99.9035
99.9254
99.7637
99.8726
99.9367
99.7522
99.9555
99.6851
99.8929
99.8743
99.7739
99.8532
99.9233
99.7852
99.9584
99.9631
99.815
99.826
99.937
99.725
99.8251
99.9161
99.9234
99.9403
99.9254
99.504
99.659
99.896
99.9876
99.9804
99.904
99.9547
99.4204
99.9247
99.8658
99.865
99.9041
99.9576
99.9736
99.8984
99.8148
99.4082
99.6405
99.8964
99.919
99.8401
99.9466
99.8785
99.9363
99.4738
99.723
99.9099
99.575
99.9474
99.8046
99.1381
99.9362
99.9284
99.95
99.8919
99.9159
99.8234
99.9155
99.7619
99.922
99.8913
99.8272
99.8933
99.9172
99.9587
99.6137
99.9625
99.9221
99.6959
99.8744
99.7883
99.7492
99.9128
99.9377
99.8984
99.9436
99.9779
99.7849
99.8894
99.805
99.4573
99.9855
99.9258
99.8993
99.9502
99.8289
99.8904
99.9546
99.917
99.868
99.8938
99.1875
99.928
99.9507
99.9446
99.9639
99.9192
99.8382
99.8048
99.7986
99.9405
99.9613
99.9566
99.8906
99.8442
99.927
99.9462
99.6103
99.7399
99.7747
99.9253
95.3339
99.681
99.9258
99.9782
99.9518
99.9142
99.963
99.8268
99.351
99.8954
99.5773
99.9208
99.9409
99.7776
99.941
99.8527
99.9093
99.6229
99.8955
99.9639
99.7705
99.9527
99.7586
99.4558
99.8946
99.7942
99.9361
99.9143
99.9188
99.8445
99.9606
99.9686
99.975
99.8436
99.5314
99.8994
99.9397
99.7769
99.6907
99.8929
99.8828
99.6598
99.9634
99.9149
99.5691
99.7337
99.4462
99.8684
99.8148
99.7116
99.9465
99.409
99.915
99.8994
94.4873
99.9105
99.5741
99.9782
99.9756
99.9506
99.9245
99.9007
99.9498
99.8041
99.8405
99.8177
99.7282
99.956
99.8975
99.88
99.545
99.9231
99.7797
99.9363
99.651
99.7302
99.9643
99.9117
99.953
99.7468
99.8013
99.8634
99.9219
99.9287
99.9549
99.9035
99.875
99.8646
99.5117
99.8005
99.7955
99.9268
99.9117
99.9641
99.8765
99.9177
99.9347
99.9342
99.5275
99.4125
99.8215
99.8203
99.9041
99.949
99.8969
99.9893
99.9435
99.9035
99.9028
99.6323
99.9504
99.9514
99.8701
99.4532
99.9229
99.6378
99.9487
99.4121
99.9723
99.9628
99.8697
99.7926
99.1012
