99.8977
99.9747
99.6163
99.8281
99.8027
99.9187
99.7254
99.8138
99.9595
99.9166
99.8846
99.32
97.7285
99.882
99.7463
99.9549
99.9118
97.7908
99.9413
99.8491
99.917
99.9192
99.3713
99.8939
99.9617
99.8784
99.8791
99.9744
99.8838
99.9542
99.9637
99.9371
99.5783
99.8528
99.6231
99.8188
99.9352
99.8579
99.9436
99.8931
99.8811
99.9471
99.8837
99.3229
99.1393
99.6607
99.8778
99.7928
99.5783
97.9424
99.904
99.6975
99.7997
99.8814
99.8879
99.9288
99.9094
99.9089
99.7663
99.9534
99.352
99.1535
99.9532
99.9196
99.1175
97.7099
99.8967
99.8194
99.7675
99.8731
99.5925
99.959
99.9055
99.864
99.9031
99.4142
99.2854
99.8354
99.9352
99.9574
99.6109
99.3712
99.6297
99.1028
99.3379
99.7054
99.8839
99.004
99.962
99.6312
99.578
99.7806
99.9333
99.7209
99.9159
99.6728
99.8418
99.9383
99.7312
99.8107
99.9935
99.863
99.9348
99.889
99.8579
99.9212
99.4504
99.9302
99.9265
99.8961
99.9428
99.33
99.7189
99.882
99.3144
99.8228
99.9376
98.904
99.8587
99.8342
99.0858
99.9187
99.9376
99.9003
99.6997
99.9078
99.6388
99.7529
99.8612
99.6796
99.8284
99.8748
99.56
99.6833
99.882
99.8569
99.6587
99.906
99.9474
99.8971
99.7581
99.6142
99.9464
99.782
99.3441
99.9188
99.8506
99.8617
99.8946
99.9057
99.8095
99.9685
99.8062
99.9342
99.6241
99.9879
99.8623
99.9804
99.7027
99.8093
99.9459
99.8775
99.9142
99.856
99.9117
99.473
99.8986
99.666
99.905
99.9174
99.9459
99.9116
99.9422
99.8854
99.7472
99.8812
99.7068
99.9285
99.6039
99.8654
99.9307
99.7323
99.7332
99.9165
99.804
99.7384
99.9448
99.5668
99.9384
99.9739
99.9292
99.9415
99.8911
99.5664
99.9638
99.9549
99.8927
99.9384
99.3108
99.5967
99.8103
99.9308
99.7411
99.6736
99.4302
99.931
99.9289
99.9699
99.9405
99.8599
99.9525
99.7932
99.8601
99.8541
99.4972
99.3662
99.6096
99.9134
99.8823
99.694
99.9053
99.8916
99.7089
99.8848
99.8883
99.7918
99.7859
99.3449
99.786
99.9239
99.9498
99.7248
99.8236
99.8684
99.8424
99.922
99.9652
99.8083
99.7455
99.1584
99.6316
99.709
99.661
99.958
99.9502
99.938
99.9024
99.893
99.6554
99.7777
99.9473
99.9269
99.9347
99.8118
99.9364
99.647
99.8797
99.7379
99.6818
99.3926
99.9355
99.9426
99.5573
99.9744
99.8995
99.5407
99.9454
99.3437
99.9704
99.9674
99.9296
99.9588
99.8054
99.5345
99.9189
99.5619
99.9045
99.7833
99.8596
98.7496
99.8874
99.9481
99.8416
99.9692
99.9347
99.7621
99.9419
99.5966
99.8668
99.9341
99.7895
99.8995
99.4345
99.8158
99.5752
99.9788
99.3368
99.9276
99.8676
99.9321
99.8828
99.8198
99.3314
99.8126
99.7371
99.8628
99.9555
99.2515
99.6857
99.9632
99.834
99.9315
99.8647
99.8268
99.8999
99.9168
99.9817
99.8863
99.925
99.7079
99.7605
99.5819
99.8389
99.9327
99.6955
99.9327
99.8949
99.9151
99.8137
99.6305
99.8358
99.8422
99.9479
99.3942
99.9637
99.8696
99.4236
99.941
99.267
99.9278
99.9585
99.8952
99.9353
99.8938
99.6389
99.8005
99.9391
99.9216
99.9775
99.9557
99.8702
99.3439
99.8094
99.9251
97.7584
99.8783
99.3062
99.946
99.9631
99.8012
99.8245
99.7174
99.8529
99.4252
99.915
99.9724
99.9418
99.9286
99.3472
99.1084
99.6121
99.9341
99.6635
99.6891
99.8927
99.8774
99.8795
99.8927
99.3595
99.8032
99.7903
99.4719
99.6051
99.756
99.9385
99.8776
99.966
99.9364
99.8945
99.3934
99.6019
99.6379
99.9351
99.9422
99.9344
99.8808
99.9082
99.9322
99.9151
99.6014
99.8179
99.8725
99.2414
99.7917
99.6459
99.5934
99.733
99.9511
99.6998
99.5988
99.8647
99.9415
99.9362
99.9084
99.9507
99.9102
99.7005
99.9655
99.9127
99.3809
99.863
99.7905
99.7808
99.623
99.9275
99.9233
99.9514
99.7412
99.5948
99.8931
99.9577
99.8979
99.9749
99.9302
99.3548
99.9916
99.8409
99.8272
99.8954
99.9771
99.5915
99.5055
99.7946
99.6393
99.9016
99.9388
99.4296
99.3765
99.8776
99.9269
99.9518
99.2822
99.9437
99.3281
99.9209
99.8723
99.877
99.9546
99.8426
99.9217
99.7498
99.8977
99.8859
99.938
99.9068
99.9837
99.7287
99.9242
99.9774
99.9598
99.8382
99.937
99.9584
99.9317
99.9466
99.6093
99.9373
99.5206
99.9143
99.3608
99.9854
99.842
99.8952
99.8775
98.9163
99.9477
99.7349
99.7021
99.9624
99.9657
99.95
99.8707
99.5469
99.9589
99.909
99.6813
99.8517
99.5315
99.738
99.9178
99.9055
99.9495
99.8344
99.9361
99.9091
99.6271
99.9075
99.9323
99.5591
99.8715
99.8946
99.2589
99.9106
97.78
99.9003
99.9398
99.9074
99.9346
99.1844
99.925
99.1365
99.9313
99.8244
99.8946
99.9432
99.9639
99.7759
99.9567
99.9618
99.9647
99.92
99.4316
99.68
99.71
99.6797
99.9396
99.4945
99.9501
99.9374
99.6642
99.9181
99.8486
99.9067
99.9071
99.5745
99.9307
99.7858
99.9099
99.9062
99.9214
99.8864
99.2665
99.5997
99.9464
99.725
99.5261
99.9348
99.9529
99.8989
99.8827
99.6888
99.8963
99.5659
99.7367
99.9143
99.7522
97.6971
99.8036
99.3827
99.8096
99.9276
99.8148
99.9408
99.284
99.8626
99.6747
99.9283
99.9324
99.6302
99.2527
99.3292
99.9431
99.8945
99.9466
99.5855
99.2529
99.7999
99.931
99.7311
99.9663
99.516
99.9707
99.7754
99.8802
99.6799
97.793
99.7726
99.8878
99.9254
99.9295
99.8892
99.728
99.5798
99.9214
99.7738
99.8251
99.7653
99.341
99.9423
98.8464
99.8778
99.8357
99.7928
99.9514
99.9356
99.6957
99.8791
99.8289
99.7297
99.923
99.9421
99.9565
99.7588
99.8756
99.8532
99.9028
99.9315
99.8077
99.8955
99.9363
99.9718
99.4933
99.9163
99.7664
99.9725
99.698
99.7756
99.9158
99.95
99.864
99.9263
99.941
99.9044
99.6399
99.7937
99.9619
99.8968
99.9237
99.9328
99.8016
99.475
99.7294
99.6555
99.911
99.8845
99.7142
99.3527
99.9465
99.9649
99.8679
99.92
99.9317
99.9059
99.751
99.9761
99.8675
99.476
99.3697
99.5437
99.8169
99.8101
99.9023
99.3963
99.9581
99.8774
99.9273
98.905
99.7863
99.8557
99.9141
99.8635
99.9597
99.5577
99.9579
99.9511
99.7682
99.9297
99.5462
99.1448
97.837
99.6754
99.9609
99.5936
99.9041
99.8141
99.9208
99.9451
97.8615
99.905
99.8242
99.8914
99.9719
99.3104
99.6111
99.943
99.7809
99.9177
99.6606
99.7691
99.8452
99.3727
99.8989
99.9147
99.9157
99.9136
99.8189
99.9242
99.8031
99.9106
99.9401
99.7982
99.7231
99.9648
99.9693
99.78
99.9422
99.9451
99.8813
99.9151
99.854
99.2435
99.9175
99.5924
99.9347
99.6511
99.7769
99.9439
99.5841
99.8587
99.8456
99.7136
99.8756
99.8824
99.9729
99.7512
99.6941
99.1059
99.9744
99.6383
99.8383
99.8784
99.9547
99.8751
99.4868
99.9361
99.9516
99.3945
99.4399
99.9212
99.8818
99.9315
99.9161
99.819
99.8919
99.9001
99.1432
99.892
99.7946
97.8419
99.9137
99.9702
99.4388
99.3777
99.9276
99.8993
99.8196
99.9189
99.9081
99.2052
99.4818
99.7243
99.2877
99.7724
99.7897
99.7042
99.8506
99.9068
99.9206
99.5369
99.9661
99.9548
99.6742
99.9128
99.9238
99.6621
99.9566
99.8886
99.812
99.8091
99.9531
99.8931
99.9016
99.9462
99.6532
99.4381
99.9067
99.3487
99.2573
99.9038
99.8671
99.2205
99.8554
99.9578
99.4112
99.8861
99.8791
99.2774
97.8204
99.886
99.9746
99.8405
99.8282
99.9368
99.8158
99.9485
99.7731
99.7374
99.7446
99.9657
99.5757
99.876
99.8097
99.8949
99.618
99.9205
99.7918
99.9306
99.9756
99.94
99.9493
99.3483
99.9282
99.9314
99.8963
99.74
99.9404
99.7966
99.9657
99.8967
99.9514
99.4924
99.8865
99.8812
99.92
99.8692
99.6909
99.682
99.8403
99.7938
99.8932
99.8924
99.7679
99.685
99.9039
99.7733
99.9291
99.9511
99.924
99.702
99.3057
99.942
99.4408
99.913
99.6535
99.9857
99.5234
99.9037
99.435
99.9654
99.9263
99.7382
99.9553
99.6969
97.8566
99.9654
99.9065
99.8621
99.9224
99.9378
99.9052
99.7588
99.834
99.8749
99.4731
99.9021
99.9035
99.9472
99.638
99.2966
99.9374
99.8128
99.8415
99.9607
99.2415
99.909
99.9612
99.9081
99.9496
99.9472
99.6552
99.8519
99.9526
99.9165
99.8887
99.8983
99.9578
99.3123
99.7851
99.8187
99.1322
99.9643
99.8949
99.9456
99.8598
99.5006
99.9462
99.9543
99.9083
99.7823
99.896
99.8636
98.9221
99.6598
99.7037
99.9208
99.751
99.8342
99.9131
99.9123
99.9709
99.9754
97.809
99.4992
99.9696
99.6414
99.9555
99.916
99.8986
99.7469
99.5022
99.6211
99.9396
99.9158
99.3649
99.8895
99.8385
99.8015
99.8164
99.863
99.9519
99.8015
99.8207
99.9017
99.9027
99.9463
99.9208
99.47
99.4175
99.4427
99.6309
99.8484
99.8738
99.9221
99.9455
99.9466
99.9462
99.81
99.9362
99.8554
99.9435
99.691
99.5349
99.9395
99.873
99.9346
99.9476
99.8901
99.3129
99.5974
99.2462
99.9302
99.943
99.8352
99.8491
99.3676
99.2624
99.5039
99.7526
99.8727
99.9444
99.8809
99.7001
99.9352
99.9505
99.9453
99.9524
99.7068
99.7757
99.7778
99.884
99.8475
99.8881
99.7712
99.115
99.9508
99.9075
99.4863
99.7024
99.908
99.4565
99.9622
99.8845
99.8439
99.7829
99.5914
99.9611
99.9066
99.8374
99.6617
99.9563
99.7657
99.5511
99.8712
99.6562
99.6488
99.7886
99.7397
99.9667
99.3543
99.4558
99.5637
99.8203
99.921
99.7174
99.9298
99.9231
99.9238
99.0703
99.9361
99.7551
99.9666
99.9646
99.8913
99.294
99.9252
99.8612
99.521
99.7455
99.9626
99.9
99.4401
99.9483
99.9273
99.9595
99.9429
99.9514
99.8116
99.4029
99.7983
99.7567
99.8419
99.4812
99.7988
99.9184
99.7922
99.4112
99.6744
99.8216
99.7375
99.6234
99.951
99.7956
99.6671
99.9184
99.3244
99.5354
99.8096
99.6052
99.7233
99.8693
99.9061
99.5969
99.9252
99.8987
99.9095
99.639
99.9227
99.8983
99.9711
99.9764
99.9111
99.9203
99.9729
97.6626
99.969
99.6109
99.1708
99.6052
99.3385
99.9196
99.8683
99.9259
99.8543
99.9668
99.1435
99.894
99.6131
99.925
99.9532
99.9209
99.8071
99.888
99.9052
99.8633
99.9013
99.9773
99.9126
99.8374
99.9381
99.649
99.3458
99.7383
99.6797
99.7578
98.8511
99.8952
99.9153
99.9235
99.8588
99.914
99.9414
99.9186
99.6532
99.8898
99.9257
99.9268
99.9185
99.9237
99.8926
99.6398
99.836
99.9505
99.9593
99.6111
99.645
99.8785
99.9559
99.9193
99.9173
99.9527
99.3398
99.9427
99.851
99.4214
99.9174
99.5684
99.7557
99.9028
99.7553
99.8197
99.3578
99.9441
99.4475
99.9385
99.4741
99.6448
99.8215
99.8271
99.7297
99.8239
99.622
99.7968
99.9312
99.9349
99.9171
99.1751
99.3379
99.9777
99.956
99.7511
99.9437
99.9463
99.9085
99.9217
99.9415
99.978
99.9445
99.858
99.6491
99.8801
99.8031
99.9223
99.9448
99.9329
99.9329
99.9226
99.6785
99.7561
99.88
99.9187
99.9293
99.9392
99.1028
99.4401
99.7979
99.9391
99.9646
99.8867
99.929
99.9188
99.8946
99.941
99.9237
99.8658
99.9338
99.915
99.8678
99.8635
97.7209
99.4559
99.7812
99.8264
99.9506
99.8714
99.8493
99.9557
99.9412
99.8782
99.4048
99.9432
99.9576
99.8803
99.9177
99.9521
99.9521
99.8532
99.8982
99.9368
99.2386
99.9033
99.636
99.9114
99.942
99.8765
99.9468
99.8057
99.8903
99.9178
99.8685
99.8612
99.952
99.8568
99.7292
99.8737
99.9222
99.9659
99.9594
99.9801
99.7994
99.9309
99.695
99.6617
99.8739
99.8136
99.9604
99.9403
99.8755
99.7676
99.9858
99.9344
99.8727
99.9238
99.8525
99.825
99.9685
99.9278
99.9614
99.8534
99.9254
99.9574
99.8167
99.7166
99.9374
99.8827
98.8495
99.9594
99.9845
99.8623
99.8958
99.1167
99.9325
99.9596
99.9045
99.9387
99.6277
99.329
99.5372
99.8201
99.8739
99.929
99.8927
99.7602
99.9553
99.7613
99.6027
99.9429
99.8794
99.682
99.8965
99.9045
99.9557
99.7857
99.9418
99.8987
99.9301
99.8232
99.9647
99.9487
99.2665
99.7274
99.8702
99.5958
99.6447
99.8159
99.938
99.6081
99.8995
99.9374
98.8779
99.7797
99.8941
99.8219
99.9394
99.7936
99.837
98.8793
99.9523
99.9658
99.9508
99.9209
99.8146
99.9309
99.7892
99.8687
99.8681
99.2023
99.8132
99.9457
99.9637
99.961
99.9018
99.942
99.9017
99.8772
99.8734
99.763
99.8783
99.8885
99.9296
99.6044
99.86
99.9542
99.9421
99.1831
99.9102
99.8706
99.939
99.9072
99.9142
99.908
99.3382
99.5958
99.9692
99.9446
99.8339
99.5065
99.8437
99.6322
99.9594
99.9085
99.6039
99.5795
99.9275
99.4937
99.962
99.3347
99.8466
99.9264
99.74
99.9338
99.4799
99.5746
99.8875
99.7581
99.9006
99.6428
99.8811
99.9535
99.9614
99.6071
99.674
99.8987
99.9482
99.9409
99.9427
99.8958
99.928
99.8887
99.9434
99.7544
99.9704
99.9389
99.9194
99.9062
99.7927
99.9285
99.9312
99.5024
99.9451
99.9672
99.9526
99.9704
99.8652
99.956
99.6829
99.9373
99.9254
99.6345
99.9076
99.6913
99.8748
99.9014
99.8027
99.9
99.9183
99.956
99.8951
99.8559
99.9569
99.3287
99.9038
99.2884
99.8941
99.9468
99.6955
99.8799
99.7655
97.691
99.9207
99.6863
99.9746
99.7677
99.8975
99.9158
99.9086
99.2581
99.9511
99.7615
99.8054
99.1334
99.7914
99.8522
99.881
99.9794
99.8179
99.9346
99.7508
99.3374
99.8809
99.384
99.852
99.3567
99.9232
99.79
99.7336
99.9422
99.7999
99.907
99.7685
99.8722
99.9204
99.8963
99.6392
99.945
99.8107
99.9239
99.9636
99.9824
99.9427
99.9603
99.2836
99.9125
99.867
99.9758
99.8946
99.9051
99.9492
99.4648
99.9082
99.2695
99.9191
99.8689
99.9233
99.9394
99.4659
99.8354
99.8983
99.9366
98
99.9104
99.1763
99.8564
99.1915
99.7426
99.8371
99.8694
99.897
99.6542
99.908
99.9484
99.9674
99.7511
99.793
99.8003
99.9438
99.6375
99.9654
99.6802
99.9055
99.3394
99.9252
99.9257
99.9578
99.3433
99.9008
99.8664
99.5292
99.9206
99.9118
99.7651
99.7836
99.7863
99.9241
99.6857
99.5644
99.8563
99.7726
99.3349
99.3649
99.8465
99.9534
99.9096
99.7868
99.7871
99.9515
99.8496
99.6304
99.9345
99.9204
99.8119
99.5739
99.9124
99.9174
99.9277
99.7813
99.9456
99.8735
99.9441
99.6271
99.877
99.8735
99.8777
99.9147
99.9202
99.9288
99.8864
99.9356
99.8863
99.9372
99.9469
99.755
99.925
99.6532
99.8717
99.9608
99.7373
99.9544
99.9532
99.8895
99.9578
99.2938
99.8019
99.966
99.9335
99.9199
99.9131
99.8868
99.5922
99.9298
99.9264
99.8058
99.948
99.8541
99.9234
99.4623
99.6608
99.9166
99.8904
99.9292
99.9666
99.8204
99.878
99.6292
99.9708
99.9034
99.8093
99.2788
99.7641
99.9574
99.9186
99.9094
99.8926
99.9273
99.6948
99.814
99.3702
99.4667
99.936
99.8833
99.9058
99.9539
99.8541
99.8907
99.8349
99.175
99.9573
99.9202
99.9676
99.4982
99.5152
99.9319
99.9184
99.7861
99.3671
99.9159
99.8744
99.9401
99.9139
99.6156
99.5616
99.9209
99.8739
99.1348
99.389
99.9343
99.8912
99.4063
99.9115
99.9677
99.8605
99.9242
99.6641
99.9818
99.8321
99.9575
99.7593
99.9305
99.741
99.4512
99.7239
99.768
99.3028
99.9383
99.8809
99.3453
99.764
99.962
97.9866
99.7703
99.7317
99.89
99.6251
99.9905
99.9523
99.7878
99.8646
99.9636
99.9646
99.8498
99.9203
99.9424
99.824
99.9699
99.623
99.9483
99.9506
99.8306
99.9013
99.9325
99.7319
99.939
97.9032
99.8474
99.966
99.9431
99.7057
99.9355
99.4971
99.6132
99.9465
99.925
99.7687
99.8975
99.9342
99.8545
99.9396
98.7226
99.8766
99.6646
99.8314
99.7057
99.5622
99.9667
99.7689
99.869
99.9363
99.8576
99.8723
99.9547
99.9693
99.4034
99.7383
99.7748
99.8444
99.7775
99.4899
99.9443
99.2211
99.5899
99.8841
99.8723
99.5902
99.4032
99.9232
99.9271
99.9548
99.9495
99.9219
99.8568
99.9509
99.9526
99.9219
99.9704
99.8208
99.8086
99.7107
99.8785
99.8545
99.9088
99.8867
99.9667
99.8286
99.7019
99.9145
99.9624
99.9105
99.919
99.9305
99.8686
99.9226
99.9297
99.8995
99.4865
99.8806
99.9556
99.7461
99.9468
99.9144
99.9305
99.8663
99.9045
99.9002
99.9259
99.9023
99.9294
99.8106
99.317
99.647
99.6907
99.8863
99.6567
99.794
99.8152
99.9861
99.1107
99.9368
99.7863
99.9213
99.4485
99.9399
99.9537
99.945
99.9525
99.9058
99.7406
99.8621
99.9152
99.8945
99.9098
99.7658
99.8718
99.818
99.7686
97.8313
99.8708
99.4537
99.3824
99.911
99.6569
99.703
99.7616
99.9434
99.7239
99.9907
99.956
99.9005
99.3724
99.8935
99.9218
99.6
99.8138
99.887
99.9111
99.6947
99.9739
99.3862
99.2859
99.9078
99.3824
99.9402
99.9228
99.4121
99.937
99.8136
99.8116
99.8958
99.9178
99.5941
99.9436
99.8597
99.8823
99.9087
99.9338
99.7003
99.8927
99.9665
99.9066
99.6028
99.7717
99.6856
99.9252
99.8414
99.9262
99.8128
99.671
99.5887
99.7582
99.9297
99.9346
99.7994
99.9345
99.6935
99.8164
99.7138
99.4723
97.9578
99.901
99.9661
99.7641
99.9583
99.7876
99.9781
99.733
99.6681
99.9597
99.8244
99.9558
99.6086
99.9288
99.9546
99.9141
99.4874
99.6403
99.9157
99.8078
99.9508
99.8836
99.9184
97.8126
99.9569
99.8283
99.9012
99.5177
99.6194
99.9084
99.9186
99.8735
99.9869
99.4583
99.944
99.6107
99.754
99.7853
99.1987
99.9289
99.3587
99.6693
99.3279
99.9599
99.8938
99.8877
99.917
99.8793
99.6633
99.9464
99.9432
99.8912
99.9052
99.9235
99.4641
99.9269
99.9389
99.5574
99.4022
99.9152
99.9672
99.7128
99.7677
99.9021
99.5696
99.9002
99.8644
99.6789
99.9492
99.9473
99.3923
99.8008
99.7348
99.6491
99.9649
99.6556
99.5397
99.8791
99.9119
99.946
99.8405
99.5867
99.9264
97.7243
99.9417
99.3434
99.2905
99.8982
99.9614
99.8494
99.9408
99.9692
99.7291
99.8106
99.7704
99.7291
99.9104
99.8697
99.9256
99.8945
99.735
99.6241
99.5105
99.9446
99.9223
99.8967
99.9275
99.9081
99.8605
99.915
99.2177
99.7006
99.9474
99.971
99.8502
99.4941
99.4937
99.947
99.6334
99.909
99.7646
99.4189
99.762
99.8761
99.7237
99.7344
99.6729
99.9416
99.4258
99.4948
99.7874
99.9247
99.8698
99.7791
99.9758
99.8732
99.9314
99.9568
99.8484
99.7639
99.3814
99.904
99.86
99.8291
99.6785
99.7021
99.9729
99.9463
99.8606
99.8938
99.8458
99.8327
99.7345
99.9451
99.7831
99.9691
99.9185
99.8878
99.9465
99.8754
99.8952
99.929
99.9174
99.9394
99.7965
99.8373
99.8678
99.9272
99.6474
99.7175
99.9164
99.9179
99.869
99.9203
99.8467
99.3914
99.872
99.8904
99.8873
99.9024
99.9401
99.8726
99.8175
99.874
99.9217
99.8148
99.972
99.7203
99.9605
99.9269
99.5825
99.9332
99.5653
99.6258
99.9524
99.9234
99.7635
99.8978
99.5908
99.9199
99.9414
99.6088
99.9535
99.9875
99.7383
99.891
99.9435
99.5133
99.6106
99.7873
99.892
99.6299
99.3757
99.6205
99.8397
99.8535
99.4961
99.7748
99.7657
98.959
99.9461
99.3778
99.8294
99.856
99.9263
99.9241
99.9361
99.6745
99.9208
99.9328
99.8822
99.3694
99.9558
99.8973
99.9126
99.7794
99.6168
99.7604
99.9091
99.9364
99.9352
99.6473
99.7416
99.837
99.95
99.9615
99.9806
99.9015
99.9214
99.338
99.9213
99.2754
99.8927
99.889
99.9333
99.2597
99.9486
99.2775
99.923
99.9341
99.7575
99.8961
99.5324
99.8962
99.2494
99.9429
99.8484
99.8871
99.8851
99.9494
99.7749
99.7737
99.3993
99.9352
99.9852
99.89
99.8442
99.9203
99.9496
99.9154
99.8719
99.7453
99.9054
99.6287
99.8426
99.9323
99.9298
99.9464
99.7625
99.9155
99.965
99.9611
99.6093
99.8799
99.7563
99.75
99.8786
99.9481
99.7451
99.5194
99.169
99.5802
99.9415
99.8024
99.3376
99.9442
99.9161
99.9235
99.7651
99.9001
99.8435
99.8846
99.8797
99.9617
99.905
99.9365
99.9287
99.9547
99.7987
99.7815
99.8515
99.7538
99.9325
99.2956
99.9281
99.977
99.8881
99.9563
99.3763
99.7488
99.9599
99.9222
99.7602
99.9379
99.5956
99.9296
99.7851
99.5012
99.7382
99.9122
99.5384
99.9244
99.8098
99.9456
99.7694
99.9181
99.8374
99.8577
99.9475
99.9271
99.9094
99.4233
99.7086
99.8896
99.911
99.8215
99.9189
99.7792
99.9547
99.4274
99.9427
99.4826
99.7435
99.9013
99.4208
99.6251
99.6109
99.9543
99.6561
99.9743
99.8679
99.976
99.7648
99.897
99.7744
99.9105
99.9169
99.8445
99.9242
99.7076
99.7336
99.9184
99.9136
99.7528
99.7803
99.9714
99.5027
99.6873
99.9408
99.933
99.9747
99.9247
99.8308
99.8511
99.9109
99.5213
99.6124
99.8229
99.6135
99.1514
99.9066
99.8119
99.9744
99.9161
99.5684
99.9515
99.7097
99.2437
99.9309
99.9226
99.6186
99.9139
99.686
99.9009
99.9202
99.862
99.9664
99.6595
99.8554
99.5974
99.5918
99.8822
99.3673
99.9223
99.9371
99.7521
99.7626
99.9075
99.8715
99.2031
99.8194
99.9319
99.2823
99.8882
99.9041
99.7811
99.9347
99.771
99.9444
99.4081
98.6178
99.7686
99.9413
99.9596
99.8791
99.9375
99.9189
99.9531
99.8642
99.9575
99.8551
99.7163
99.6238
99.8165
99.8894
99.9507
99.9456
99.3776
99.8987
99.9106
99.9225
99.8119
99.9375
99.8998
99.7934
99.9422
99.9157
99.8115
99.8438
99.9468
99.9154
99.8942
99.9536
99.4554
99.926
99.9386
99.8665
99.2805
99.6125
99.6167
99.9123
99.5921
99.939
99.8529
99.9613
99.8869
99.9722
99.9879
99.8257
99.9329
99.9531
99.9085
99.8939
99.9199
99.841
99.9226
99.9643
99.8134
99.8907
99.7613
99.8833
99.9104
99.9273
99.8511
99.42
99.7778
99.4089
99.9312
99.89
99.9239
99.5353
99.9261
99.4512
99.5085
99.9231
99.4706
99.8398
99.5813
99.7986
99.7131
99.6341
99.4064
99.3744
99.9322
99.9353
99.6665
99.9681
99.9561
99.9475
99.9428
99.9365
99.8424
99.9354
99.8474
99.8903
99.923
99.7828
99.9246
99.8464
99.8333
99.9179
99.8968
99.9462
99.9481
99.7734
99.878
99.3111
99.945
99.8524
99.7685
99.8319
99.7899
99.6867
99.9204
99.5387
99.9118
99.4007
99.0763
99.9718
99.9181
99.8071
99.911
99.9525
99.3786
99.8349
99.9413
99.6621
99.9334
99.8268
99.8812
99.9027
99.9242
99.9664
99.8688
99.8911
99.9691
99.899
99.9401
99.8876
99.7651
99.9142
99.9065
99.7601
99.7703
99.5831
99.9233
99.6112
99.9537
99.6779
99.7601
99.7409
99.8971
99.9495
99.9263
99.8843
99.7499
99.9733
99.9422
99.9296
99.8299
99.5897
99.9505
99.9556
99.9212
99.3141
99.7781
99.9482
99.8875
99.9212
99.0883
99.4138
99.9225
99.4648
99.6222
99.9192
99.878
99.9121
99.8915
99.8598
99.3593
99.8819
99.9334
99.9331
99.6525
99.8719
99.936
99.8655
99.9051
99.9158
99.8901
99.8902
99.7374
99.9764
99.9739
99.8972
99.8896
99.7012
99.9163
99.8595
99.8851
99.7288
99.9561
99.9387
99.8333
99.9171
99.6445
99.7907
99.9367
99.924
99.4834
99.941
99.9108
99.9291
99.9132
99.8534
99.8169
99.7191
99.9238
99.7426
99.6632
99.9157
99.5297
99.9245
99.3073
99.9057
99.7087
99.5669
99.9037
99.9701
99.9223
99.4858
99.9126
99.9049
99.3184
99.6917
99.6387
99.9177
99.9713
99.8978
99.9026
99.338
99.931
99.6111
99.6131
99.9469
99.8182
99.934
99.9399
99.9075
99.9387
99.7954
99.8265
99.7373
99.9489
99.9837
99.443
99.9171
99.8793
99.6613
99.8996
99.9571
99.271
99.9349
99.9194
99.5583
99.7545
99.6502
99.6122
99.7588
99.4416
99.7331
99.9204
99.9696
99.9235
99.7215
99.7664
99.8116
99.9425
99.9356
99.671
99.7589
99.7058
99.9523
99.8984
99.4448
99.6891
99.7529
99.7782
99.9048
99.932
99.7811
99.449
99.8179
99.804
99.9102
99.7994
99.9879
99.9676
99.909
99.9326
99.9602
99.9483
99.6863
99.8893
99.9411
99.9547
99.5938
99.9419
99.4202
99.9424
99.9578
99.9186
99.9125
99.2479
99.2031
99.7211
99.8855
99.9054
99.6657
99.8784
99.3415
99.8902
99.4069
99.9636
99.9063
99.916
99.4144
99.843
99.9329
99.9138
99.8923
99.8711
99.899
99.6568
99.7735
99.8931
99.7589
99.6028
99.9328
99.9164
99.8928
99.7943
99.7729
99.8839
99.9177
99.8277
99.4988
99.5829
99.6435
99.9161
99.9413
99.7177
99.7913
99.5883
99.9034
99.9429
99.4407
99.779
99.7692
99.9496
99.9146
99.813
99.8252
99.9404
99.8376
99.891
99.9371
99.883
99.966
99.9161
99.9265
99.3521
99.902
99.9385
99.1343
99.9576
99.9097
99.8696
99.7855
99.4208
99.8659
99.9412
99.9477
99.895
99.9486
99.553
99.9186
99.9052
99.9067
99.7476
99.9321
99.9208
99.936
99.9512
99.9402
99.8805
99.9213
99.9491
99.8326
99.7953
99.8844
99.8109
99.9169
99.8004
99.8694
99.7544
99.9537
99.9389
99.961
99.9544
99.9618
99.9325
99.8894
99.9107
99.8411
99.9234
99.7636
99.8993
99.9465
99.8996
99.3002
99.9147
99.7761
99.9756
99.8763
99.0611
99.6394
99.9186
99.3463
99.8162
99.9322
99.9697
99.8482
99.8652
99.9637
99.909
99.8548
99.8879
99.9472
99.9222
99.8851
99.8981
99.916
99.924
99.8182
99.4877
99.9474
99.1642
99.8566
99.9256
99.9347
97.9246
99.9387
99.8558
99.9134
99.9466
99.6545
99.9113
99.8574
99.4131
99.8467
99.9267
99.9696
99.9273
99.8529
99.8833
99.0362
99.3343
99.907
99.9049
99.6577
99.6608
99.7032
99.9202
99.3633
99.8063
99.8477
99.9168
99.6812
99.8868
99.7126
99.9534
99.6697
99.3945
99.8241
99.871
99.7748
99.9041
99.8375
99.9241
99.8396
99.9053
99.925
99.9192
99.6439
99.9197
99.7279
99.8547
99.9581
99.8943
99.6433
99.9628
99.9463
99.8899
99.8929
99.8163
99.9559
99.8293
99.8284
99.9397
99.9445
99.8152
99.7664
99.6955
99.7281
99.8084
99.7834
99.6264
99.8512
99.9163
99.9443
99.9285
99.8799
99.1667
99.4355
99.9059
99.8904
99.7282
99.3248
99.7946
99.9121
99.8967
99.9322
99.8563
99.8786
99.9459
99.8889
99.9023
99.9043
99.9214
99.8427
99.8905
99.8454
99.3833
99.92
99.8557
99.5505
99.8233
99.941
99.3176
99.9726
99.6359
99.5359
99.8517
99.8865
99.922
99.8109
99.9239
99.5486
99.8386
99.9011
99.5269
99.9366
99.9551
99.8208
99.8011
99.8762
99.9173
99.9131
99.9404
99.4153
99.7008
99.8763
99.5411
99.8179
99.9402
99.9398
99.9469
99.8391
99.8487
99.4857
99.9161
99.7335
99.7621
99.911
99.9541
99.81
99.7925
99.8682
99.9264
99.9231
99.4435
99.9402
99.5197
99.9583
99.8191
99.8795
99.9337
99.9474
99.7691
99.8939
99.946
99.3303
99.9139
99.9435
99.9503
99.8439
99.8063
99.7248
99.7993
99.9647
99.9744
99.9028
99.7556
97.8722
99.9706
99.9706
99.9463
99.5355
99.9497
99.153
99.7671
99.7987
99.7534
99.892
99.3938
98.0039
99.6376
99.8958
99.8781
99.8953
99.9065
99.7458
99.474
99.9089
99.8376
99.924
99.9073
99.2868
99.9045
99.8844
99.829
99.928
99.8863
99.9053
99.7475
99.9404
99.7605
99.9713
99.9231
99.9728
99.0906
99.7965
99.935
99.7983
99.7012
99.9206
99.8643
99.8951
99.7962
99.9383
99.9056
99.9037
99.9194
99.8763
99.8558
99.9007
99.6672
99.7031
99.9344
99.9316
99.9493
99.9443
99.9524
99.8327
99.8807
99.834
99.7817
99.7219
99.9281
99.4791
99.9144
99.3803
99.8647
99.9478
99.7299
99.889
99.7843
99.959
99.6241
99.7879
99.8159
99.9256
99.9271
99.8374
99.9093
99.8775
99.8784
99.9411
99.9265
99.917
99.5338
99.492
99.7739
99.9516
99.8494
99.9514
99.5964
99.8993
99.7079
99.6657
99.9673
98.7496
99.8191
99.67
99.7615
99.97
99.8023
99.9052
99.7654
99.7391
99.8239
99.868
99.9028
99.7968
99.3423
99.9175
99.8779
99.8077
99.8271
99.8622
99.8815
99.9045
99.7646
99.9167
99.9127
99.6677
99.3078
99.9128
99.8579
99.7808
99.3411
99.9447
99.9427
99.8065
99.8804
99.8371
99.6262
99.9203
99.9675
99.5555
99.965
99.7719
99.873
99.9583
99.8824
99.6874
99.3719
99.9366
99.9503
99.9104
99.917
99.7609
99.8745
99.9013
99.9237
99.7856
99.9358
99.9408
99.902
99.7152
99.7957
99.848
99.8383
99.7874
99.7195
99.7512
99.9517
99.8489
99.9537
99.9494
99.2803
99.8081
99.7711
99.8965
99.8061
99.7594
99.5931
99.2774
99.891
99.5769
99.9174
99.6115
99.9117
99.9116
99.951
99.8174
99.9564
99.815
99.6778
99.9357
99.4182
99.5069
99.92
99.7545
97.7099
99.8446
99.8239
99.7974
99.9495
99.8067
99.9801
99.8681
99.8883
99.9668
99.9254
99.5992
99.6117
99.8708
99.9468
99.8502
99.9321
99.89
99.2514
99.9046
99.902
99.7844
99.8086
99.9489
99.8083
99.1177
99.5034
99.9056
99.6056
99.918
99.7272
99.935
97.983
99.3265
99.8444
99.7618
99.4921
99.9138
99.7653
99.4524
99.0843
99.5427
97.949
99.9463
99.9087
99.4452
99.9037
99.9166
99.804
99.8012
99.7649
99.9497
99.7458
98.8701
99.9242
99.9187
99.8768
99.7426
99.7791
99.9528
99.9065
99.6095
99.9475
99.9163
99.2791
99.5743
99.5951
99.7819
99.4167
99.8682
99.9176
99.7063
99.9757
99.883
99.8797
99.5179
99.8571
99.8862
99.9301
99.9505
99.8906
99.8751
99.8933
99.6204
99.9263
99.9539
99.2993
99.6488
99.5861
99.8281
99.9545
99.7743
99.5614
99.6141
99.8727
99.9178
99.7702
99.8878
99.8715
99.8527
99.9367
99.9408
99.782
99.6264
99.9517
99.9645
99.8862
99.9604
99.346
99.772
99.4141
99.4213
99.5565
99.8051
99.9322
99.7984
99.9704
99.709
99.8182
99.7139
99.889
99.8953
99.9673
99.9687
99.9618
99.9634
99.7905
99.8736
99.9823
99.9318
99.8645
99.8836
99.7813
99.3097
99.9214
99.8857
99.9078
99.6133
99.8265
99.3382
99.9244
99.953
99.9555
99.8956
99.2116
99.9378
99.5671
99.8787
99.9543
99.9645
99.9779
99.5217
99.8378
99.9542
99.8323
99.5505
99.9687
99.7114
99.4105
99.6027
99.7406
99.9763
99.9501
99.8567
99.8884
99.6891
99.8959
99.8792
99.6397
97.8856
99.3038
99.9024
99.7914
99.3517
99.8531
99.8411
99.5924
99.8892
99.8561
99.9091
99.9352
99.8908
99.8723
99.9028
99.8991
99.7827
99.5642
99.9229
99.9256
99.908
99.8922
99.7329
99.9342
99.8921
99.8426
99.9211
99.9813
99.9347
99.8745
99.2993
99.8877
99.33
99.914
99.8646
99.8256
99.8891
99.8791
99.9287
99.9198
99.8523
99.516
99.9207
99.9026
99.3299
99.5518
99.9513
99.9312
99.8779
99.743
99.7175
99.9116
99.894
99.9722
99.7914
99.9238
99.9478
99.7564
99.9467
99.1
99.8211
99.8764
99.768
99.9748
99.9037
99.7271
99.9149
99.9183
99.8997
99.8239
99.2558
99.7042
99.9202
99.7605
99.8247
99.9279
99.7789
99.9083
99.8823
99.9351
99.4615
99.9255
99.9205
99.8175
99.9435
99.8886
99.9538
99.9567
99.9608
99.8291
99.9302
99.3233
99.6988
99.7929
99.9327
99.6991
99.9539
99.9157
99.896
99.7683
99.8917
99.9824
99.9288
99.6816
99.5691
99.9233
99.8137
99.4207
99.9709
99.4152
99.754
99.9081
99.5887
99.9169
99.9519
99.9636
99.2804
99.8871
99.9403
99.8852
99.896
99.3603
99.7232
99.9469
99.7746
99.9659
99.517
99.8437
99.8755
99.9455
99.9413
99.8889
99.7825
99.9338
99.9071
99.907
99.3895
99.6455
99.4916
99.6569
99.9498
99.3066
99.8789
99.8186
99.864
99.3989
99.9315
99.865
99.9539
99.9804
99.8857
99.7662
99.575
99.901
99.8103
99.9213
99.953
99.8975
99.5616
99.9342
99.8096
99.9395
99.9062
99.7044
99.8866
99.7082
99.6782
99.564
99.7819
99.9202
99.7981
99.9096
99.124
99.6914
99.9224
99.9433
99.2671
99.9135
99.6788
99.9239
99.9535
99.9178
99.9524
99.9614
99.7572
99.9217
99.7569
99.951
99.8782
99.7624
99.7257
99.1066
99.9165
99.8964
97.9509
99.7963
99.2217
99.603
99.8686
99.3749
99.8489
99.9062
99.9621
99.1828
99.914
99.9535
99.7802
99.94
99.9308
99.3983
99.9573
99.7289
99.9227
99.9445
99.8776
99.9178
99.4448
99.8972
99.9332
99.9368
99.9419
99.9497
99.5976
99.785
99.7124
99.4249
99.91
99.9508
99.8814
99.8867
99.683
97.7897
99.9467
99.8807
99.3914
99.7103
99.8655
97.6591
99.6232
99.9505
99.8838
99.952
99.3003
99.9097
99.8132
99.8717
99.7856
99.794
99.9235
99.7966
99.8089
99.92
99.8181
99.7831
99.9453
99.7026
99.9366
99.7826
99.9365
99.8935
97.802
99.9638
99.9206
99.863
99.9001
99.9571
99.8777
99.8987
99.7359
99.9114
99.9329
99.5491
99.9074
99.6595
97.8549
99.204
99.9254
99.9339
99.913
99.7316
99.4436
99.9513
99.7166
99.7797
99.7783
99.7618
99.9901
99.9388
99.9471
99.8215
99.7863
99.9455
99.8574
99.9147
99.9165
99.7041
99.6923
99.5505
99.8983
99.939
99.7588
99.9313
99.9177
99.9052
99.7471
99.874
99.9339
99.9249
99.9325
99.3607
97.9191
99.8321
99.8155
99.781
99.4721
99.9469
99.5068
99.5588
99.8528
99.8616
99.7807
99.9515
99.8483
99.9159
99.9015
99.9434
99.5788
99.938
99.8845
99.2832
99.9892
99.9401
99.2892
99.9382
99.605
99.9632
99.6076
99.3472
99.8464
99.8136
99.8625
99.7944
99.8663
99.6941
99.659
99.8392
99.9468
99.7504
99.9397
99.8755
99.9038
99.7965
99.9438
99.8751
99.9081
99.8506
99.8291
99.9492
99.8866
99.871
99.8571
99.8982
99.7956
99.7802
99.6917
99.6653
99.9443
99.4279
99.9234
99.6253
99.8092
99.8844
99.8116
99.7741
99.9008
99.7861
99.6108
99.8216
99.9436
99.8916
99.9019
99.7188
99.7045
99.8952
99.7641
99.8589
99.8829
99.4296
99.6521
99.6401
99.8403
99.9113
99.9032
99.7331
99.8968
99.9183
99.6246
99.2127
99.66
99.9293
99.7655
99.9
99.8867
99.9376
99.8896
99.8641
99.7397
99.9049
99.3536
99.941
99.9059
99.8573
99.516
99.9038
99.3885
99.8025
99.8736
99.6913
99.7219
99.8577
99.9219
99.92
99.7569
99.8353
99.957
99.8945
99.9496
99.8943
99.9043
99.7906
99.6021
99.8504
99.7238
99.747
99.8517
99.9361
99.3947
99.927
99.8824
99.9427
99.9531
99.7459
99.6156
99.887
99.9437
99.8476
99.9336
99.9258
99.4715
99.8809
99.8858
99.7771
99.8947
99.9002
99.846
99.9021
99.8682
99.9275
99.7789
99.8997
99.9215
99.9331
99.9416
99.8351
99.3685
99.8496
99.9307
99.9488
99.9391
99.9466
99.9144
99.8618
99.8949
99.7928
99.4156
99.7151
99.8404
99.9565
99.9433
99.9424
99.9352
99.3175
99.9609
99.868
99.9264
99.9089
99.912
99.8735
99.9602
99.9915
99.9073
99.893
99.948
99.5323
99.7979
99.9247
99.9292
99.8997
99.9789
99.9441
99.8622
99.9359
98.6378
97.9563
99.7713
99.7248
99.9775
99.5837
99.8604
99.7082
99.9563
99.6767
99.654
99.7886
99.2829
99.8399
99.7728
99.4141
99.4776
99.5265
99.8939
99.8632
99.7497
99.852
99.3832
99.8506
99.8718
99.8079
99.7105
99.9381
99.921
99.9107
99.6937
99.6341
99.7561
99.9414
99.9184
99.7937
99.9386
99.8923
99.8727
99.9322
99.9632
99.9178
99.8732
99.6071
99.9325
99.8544
99.8696
99.5812
99.939
99.6199
99.323
99.7096
99.7268
99.8211
99.9267
99.8825
99.9728
99.9196
99.7652
99.9413
99.9571
99.6689
99.9657
99.2923
99.9181
99.768
99.9023
99.9549
99.9739
99.9037
99.8438
99.9146
99.9383
99.9416
99.9679
99.9332
99.7686
99.6744
99.8512
99.7401
99.7054
99.9714
99.5364
99.6087
99.5465
99.9592
99.5937
99.7062
99.6446
99.9818
99.8959
99.9027
99.8549
99.8915
99.9399
99.8882
99.7104
99.6617
99.276
99.9079
99.5854
99.4182
99.9252
99.8236
99.5906
99.8696
99.8914
99.7116
99.966
99.8991
99.8805
99.5282
99.9415
99.9162
99.9351
99.8998
99.8098
99.9767
99.9475
99.7467
99.4403
99.9739
99.9252
99.9451
99.8534
99.5501
99.9328
99.9199
99.8842
99.9409
99.9756
99.9537
99.9144
99.2754
99.8369
99.8206
99.6585
99.6152
99.9725
99.8229
99.6189
99.9211
99.9041
99.4461
99.5703
99.7554
99.9671
99.9212
99.9312
99.9566
99.5794
99.9361
99.9087
99.9314
99.8191
99.9284
99.7357
99.2081
99.8849
99.904
99.9526
99.9005
99.9473
99.8564
99.7863
99.3439
99.9039
99.743
99.6937
99.9068
99.896
99.8865
99.9702
99.7814
99.9234
99.9449
99.7767
99.9255
99.845
99.914
99.9357
99.9522
99.8362
99.9152
99.7775
99.9028
99.9528
99.9513
99.6794
99.8676
99.6506
99.9127
99.9046
99.9634
99.8541
99.9141
99.9469
99.838
99.9043
99.5227
99.3808
99.7363
99.887
99.8214
99.8564
99.6676
99.6166
99.4341
99.731
99.9024
99.9355
99.483
99.7391
99.4457
99.9638
99.9128
99.9666
99.9041
99.7568
99.5147
99.836
99.8547
99.7222
99.8277
99.541
99.9356
99.9165
99.754
99.8725
99.7506
99.9008
99.8801
99.9251
99.9226
99.5658
99.92
99.9498
99.9368
99.2942
99.8047
99.8006
99.9331
99.9194
99.8269
99.6887
99.9437
99.7385
99.9198
99.406
99.9565
99.8222
99.7421
99.9038
99.9557
99.9427
99.9193
99.7434
99.9543
97.8054
99.9334
99.9567
99.8297
99.9467
99.8795
99.9435
99.9222
99.9381
99.9149
97.8237
99.8399
99.9062
99.6189
99.8179
99.9141
99.7874
99.9284
99.692
99.885
99.8677
99.3077
99.9321
99.9074
99.9777
99.3266
99.9297
99.9052
99.8924
99.7721
99.9322
99.931
99.7692
99.9402
99.8837
99.935
99.9188
99.3473
99.9303
99.9157
99.2843
99.7545
99.9718
99.8491
99.8763
99.8955
99.9571
99.7848
99.9581
99.4702
99.948
99.8146
99.9292
99.3328
99.8629
99.9529
99.3129
99.8906
99.4904
97.7737
99.9304
99.9405
99.5606
99.9609
99.6826
99.9418
99.639
99.5194
99.9387
99.9694
99.869
99.9187
99.7854
99.8906
99.5773
99.884
99.8941
99.797
99.7686
99.9498
97.8232
99.8496
99.9158
99.9437
99.9344
99.4798
99.4121
99.3684
99.9676
99.2896
99.9608
99.9284
99.7859
99.9273
99.1783
99.8614
99.2013
99.3329
99.92
99.9724
99.8979
97.7783
99.359
99.9686
99.4277
99.9758
99.8509
99.9016
99.3602
99.611
99.9685
99.9132
99.9238
99.851
99.6562
99.8819
99.9123
99.6182
99.8676
99.927
99.9078
99.9375
99.8968
99.6571
99.965
99.862
99.8686
99.5915
99.9329
99.9707
99.9313
99.8627
99.5501
99.9604
99.9366
99.8329
99.8659
99.7879
98.6907
99.818
99.8634
99.9033
99.9623
99.9215
99.9418
99.8846
99.9512
99.9032
99.8978
99.9093
99.9243
99.9405
99.7217
99.9672
99.9415
99.8753
99.8991
99.6767
99.9234
99.8869
97.7968
99.9566
99.9065
99.8952
99.9384
99.8354
99.8928
99.9581
99.8868
99.8847
99.9139
99.925
99.8537
99.7022
99.8677
99.8851
99.9257
99.834
99.6109
99.9143
99.6636
99.9052
99.9453
99.9456
99.9585
99.9082
99.9576
99.5436
99.7719
99.9278
99.9407
99.9458
99.9517
97.9124
99.8986
99.8794
99.9479
99.6262
99.5092
99.9318
99.9569
99.826
99.6851
99.9162
99.9406
99.546
99.6559
99.9421
99.7414
99.6354
99.9739
99.8626
99.8646
99.9477
99.8418
99.6058
99.7918
99.9461
99.3614
99.9264
99.7634
99.8368
99.7331
99.7792
99.5787
99.9412
99.6606
99.9552
99.9073
99.9627
99.9434
99.5535
99.9431
99.9543
99.7909
99.9229
99.8433
99.4088
99.7435
99.3909
99.8661
99.6919
99.4403
99.8736
99.888
99.8928
99.9049
99.9402
99.8387
99.5189
99.976
99.359
99.9266
99.4799
99.9317
99.743
99.7573
99.9023
99.9498
99.9364
99.9858
99.435
99.2417
99.9454
99.8444
99.3984
99.9872
99.9488
99.8972
99.4552
99.9111
99.9471
99.3741
99.8596
99.8896
99.9537
99.3092
99.9285
99.9217
99.6376
99.8913
99.764
99.9463
99.2248
99.6074
99.9456
99.9458
99.911
99.9761
99.9061
99.9138
99.9607
99.6672
99.7673
99.6893
99.9743
98.6811
99.9738
99.8714
99.9289
99.1787
99.8664
99.8987
99.1827
99.924
99.8996
99.8337
99.7854
99.7108
99.5447
99.7713
99.9147
99.9427
99.9411
99.8913
99.832
99.8203
99.6229
99.8931
99.9107
99.8606
99.6508
99.6065
99.7311
99.858
99.9795
99.8936
99.9725
99.8449
99.3649
99.8875
99.4772
99.9662
99.9327
99.9011
99.8944
99.9773
99.3127
99.905
99.9226
99.4184
99.9801
99.9195
99.9418
99.8969
99.3174
99.9459
99.9045
99.9386
99.2777
99.9586
99.907
99.6359
99.7977
99.9046
99.9248
99.8146
99.2962
99.6468
99.9187
99.8802
99.6864
99.8731
99.8332
99.9504
99.9832
99.9137
99.9297
99.8679
99.9137
99.9071
99.9866
99.8187
99.5971
99.8926
99.9201
99.9626
99.9421
99.9266
99.8945
99.8294
99.9041
99.8687
99.9304
99.7978
99.9181
99.7684
99.7748
99.5428
99.9072
99.7019
99.9156
99.9308
99.3144
99.9391
99.892
99.6673
99.9328
99.8866
99.8854
99.9109
99.2935
99.7915
99.9024
99.6619
99.9862
99.9339
99.8693
99.7707
99.6959
99.9106
99.8648
99.8069
99.2907
99.9305
99.3522
99.9308
99.8813
99.8443
99.7829
99.9046
99.9367
99.9179
99.9593
99.8982
99.9144
99.9466
99.5409
99.8971
99.9669
99.9276
99.9612
99.8824
99.939
99.891
99.9325
99.9084
99.9469
99.1697
99.9552
99.9143
99.9242
99.8742
99.8365
99.9453
99.921
99.6897
99.8381
99.8317
99.9639
99.8943
99.7466
99.9574
99.5639
99.5526
99.8717
99.1814
99.6386
99.8743
99.9538
99.9082
99.2277
99.9143
99.2675
99.9585
99.6382
99.9125
99.7553
99.9052
99.863
99.4715
99.8977
97.8616
99.8848
99.9802
99.857
99.4062
99.7331
99.1679
99.8877
99.588
99.616
99.7895
99.9741
99.945
99.523
99.9159
99.9404
99.9295
99.9402
99.8713
99.8928
99.4461
99.9145
99.9513
99.9755
99.8949
99.7658
99.9069
99.8958
99.6988
99.836
99.773
99.814
99.9496
99.8758
99.9167
99.8476
99.6149
99.9357
99.9653
99.4871
99.283
99.4307
99.892
99.8611
99.8613
99.9326
99.8823
99.9077
99.9188
99.8713
99.9533
99.9517
99.956
99.7915
99.5588
99.8879
99.7782
99.7344
99.5794
99.7865
99.5805
99.8381
99.9494
99.4595
99.6648
99.8737
99.7948
99.5278
99.7818
99.9227
99.6855
99.9216
99.9162
99.9163
99.9383
99.8732
99.9535
99.6063
99.9316
99.8523
99.9089
99.7335
99.7779
99.2698
99.963
99.635
99.1035
99.4941
99.8506
99.9454
99.9663
99.7489
99.8354
99.3924
99.832
99.5336
99.8826
99.6686
99.1393
99.9675
99.9136
99.9517
99.7933
99.764
99.7953
99.9355
99.5364
99.774
99.873
99.8988
99.6077
99.675
99.8715
99.7877
99.9387
99.7736
99.9312
99.9305
99.8241
99.9112
99.9463
99.8976
99.7176
99.9145
99.9343
99.9216
99.9121
99.9212
99.6458
99.9758
99.9635
99.8948
99.9541
99.9023
99.6653
99.9162
99.7198
99.8902
99.8859
99.733
99.937
99.9401
99.6156
99.2241
99.9211
99.3717
99.9581
99.9029
99.8824
99.8867
99.9066
99.8929
99.9678
99.5296
99.4276
99.9678
99.6908
99.9288
99.9518
99.9072
99.9372
99.9392
99.7493
99.8995
99.8919
99.9277
98.9221
99.9326
99.9108
99.9139
99.8068
99.593
99.7971
99.3172
99.4854
99.9218
99.8965
99.9117
99.7821
99.8605
99.9929
99.8835
99.8604
99.7181
99.947
99.9058
99.6511
99.8076
99.8991
99.9579
99.5032
99.9289
99.9094
99.7616
99.8604
99.8483
99.938
99.9018
99.9202
99.8849
99.7431
99.9034
99.4461
99.8826
99.9391
99.416
99.9338
99.9609
99.9207
99.9361
99.6665
99.7566
99.9623
99.9465
99.7852
99.8864
99.9578
99.9229
99.8927
98.9117
99.907
99.5029
97.7209
99.2629
99.9035
99.9307
99.9093
99.8884
99.862
99.2982
99.8769
99.9203
99.842
99.9249
99.981
99.4763
99.91
99.9018
99.967
99.889
99.8818
99.8828
99.3824
99.8715
99.9367
99.8198
99.6084
99.9763
99.9205
99.9544
99.7292
99.8431
99.9091
99.9049
97.8947
99.6429
99.8485
99.8849
99.916
99.6762
99.768
99.8974
99.9289
99.1844
99.9532
99.8648
99.7651
99.7657
99.8708
99.8757
99.9386
99.5629
99.9873
99.9625
99.8723
99.7765
99.8573
99.8859
99.9126
99.9547
99.9477
99.8964
99.9646
99.9128
99.0371
99.9618
99.9653
99.9448
99.9692
99.9066
99.9243
99.8946
99.8832
99.9301
99.925
99.9477
99.9515
99.7725
99.9406
99.8081
99.9225
99.7802
99.9294
99.7697
99.7966
99.8951
99.3505
99.7867
99.5588
99.9527
99.8462
99.8015
99.9492
99.8794
99.1147
99.922
99.9372
99.8974
99.9014
99.9391
99.868
99.8097
99.8574
99.9162
99.9162
99.9446
99.924
99.3187
99.8978
99.893
99.6504
99.9548
99.912
99.7211
99.6947
99.6473
99.8898
99.9455
99.9284
99.7508
99.248
99.9651
99.7896
99.4558
99.9211
99.7895
99.9313
99.7847
99.8362
99.962
99.9206
99.9369
99.8644
99.9433
99.926
99.9108
99.8537
99.9552
99.8962
99.4512
99.9417
99.9145
99.956
99.7657
99.3319
99.6614
99.9092
99.8398
99.9486
99.0436
99.8531
99.7962
99.9511
99.8748
99.9355
99.8658
99.6701
99.9365
99.974
99.66
99.9236
99.9319
99.9292
99.9532
99.9076
99.8086
99.9098
99.9391
99.894
99.5461
99.9065
99.9078
99.9218
99.9717
99.4197
99.8884
99.9066
99.1961
99.6637
99.7356
99.957
99.6388
99.8442
99.8752
99.9397
99.9299
99.8686
99.9005
99.9405
99.8809
99.6788
99.5099
99.8356
99.948
99.7037
99.9553
99.3479
99.877
99.8708
99.5854
99.9444
99.8126
99.8972
99.8019
99.359
99.6578
99.3466
99.7533
99.296
99.8533
99.9183
99.879
99.9147
99.9484
99.6606
99.2505
99.8569
99.9517
99.8724
99.8447
97.8313
99.718
99.4235
99.9582
99.1223
99.6713
99.8662
99.8802
99.1656
99.8956
99.8385
99.5704
99.9532
99.872
99.9563
99.6515
99.956
99.9445
99.9436
99.379
99.7212
99.9222
99.9402
99.9261
99.9551
99.897
99.785
99.9326
99.8976
99.7877
99.762
99.9226
99.8967
99.3515
99.9502
99.7868
99.6852
99.9246
99.4768
99.8534
99.8805
99.9325
99.9141
99.3252
99.8219
99.8283
99.8795
99.6673
99.8805
99.912
99.7441
99.3689
99.7796
99.9
99.6743
99.8729
99.9775
99.6341
99.8303
99.8923
99.5523
99.9145
99.8356
99.9358
99.9558
99.9149
99.9394
99.7633
99.5765
99.8088
99.6215
99.7838
99.9423
99.927
99.1547
99.9355
99.854
99.9587
99.3892
99.3863
99.8664
99.8863
99.9155
99.3084
99.9465
99.9435
99.8766
99.9692
99.7292
99.8876
99.8958
99.9302
99.9127
99.6322
99.9574
99.9009
99.851
99.9402
99.6132
99.9661
99.9311
99.8994
99.7373
99.8469
98.9907
99.7143
99.9574
99.9125
99.8895
99.7796
99.6671
99.8589
99.546
99.9089
99.9181
99.7625
99.6014
99.8925
99.947
99.872
99.4413
99.9071
99.9587
99.7514
99.7006
97.9494
99.7603
99.8744
99.9622
99.9163
99.799
99.8751
99.927
99.9462
99.9347
99.7101
99.495
99.9229
99.9027
99.7992
99.9254
99.9365
99.8592
99.9271
99.9412
99.9119
99.8019
99.7703
99.9208
99.9634
99.4617
99.0387
97.7655
99.7776
99.8666
99.0882
99.9336
99.886
99.9058
99.9429
99.905
99.8769
99.9136
99.6279
99.6565
99.9343
99.8684
99.9611
99.9216
99.9252
99.7938
99.9533
99.9651
99.9257
99.8922
99.9444
99.8466
99.9515
99.9443
99.8284
99.8639
99.4976
99.8034
99.7908
99.5664
99.8483
99.961
99.6096
99.9176
99.9321
99.8249
99.7548
99.9722
99.6541
99.9597
99.838
99.9124
99.9178
98.946
99.4513
99.5845
99.8606
99.8535
99.7092
99.439
99.7746
99.5289
99.6354
99.8716
99.9263
99.6851
99.9402
99.9278
99.951
99.8987
99.8503
99.1365
99.9202
99.8342
99.8905
99.8847
99.9638
99.8809
99.8362
99.929
99.8743
99.9255
99.8821
99.9643
99.634
99.4502
99.8988
99.8815
99.9117
99.7616
99.8306
99.3963
99.8596
99.958
99.534
99.9075
99.9808
99.9074
99.8626
99.8573
99.9544
99.896
99.9408
99.93
99.333
99.8354
99.9535
99.8907
99.8456
99.9367
99.8748
99.7926
99.6072
99.9574
99.7125
99.7689
99.8937
99.3746
99.948
99.9231
99.9793
99.7495
99.8992
99.9374
99.914
99.7035
99.9328
99.3787
99.9383
97.777
99.6785
99.8943
99.9202
99.9242
99.8129
99.9528
99.9182
99.968
99.398
99.9289
99.9334
99.8702
99.7798
99.5522
99.8785
99.6475
99.9391
99.2243
99.8993
99.844
99.8581
99.9033
99.9101
99.9837
99.8242
99.9058
99.938
99.6959
99.956
99.8797
99.8093
99.9623
99.7292
99.9454
99.9338
99.8435
99.2541
99.5417
99.9181
99.3637
99.6012
99.9121
99.8796
99.9253
99.6594
99.7003
99.8271
99.7946
99.3095
99.761
99.8647
99.8948
99.5102
99.5925
99.5896
99.906
99.9662
99.9137
99.8022
99.6801
99.3221
99.7779
99.9243
99.935
99.3854
99.9582
99.8444
99.9432
99.8884
97.8161
99.2697
99.9112
99.2419
99.8656
99.4747
99.4687
99.9475
99.8847
99.8514
99.9449
99.8917
99.2877
99.6369
99.6541
99.9364
99.9078
99.7863
99.6798
98.7749
99.8108
99.9062
99.3235
99.7341
99.9498
99.9015
99.9028
99.8842
99.9306
99.9586
99.4918
99.9452
99.9264
99.933
99.8994
99.7863
99.8949
99.876
99.8921
99.9393
99.5739
99.9317
99.827
99.9289
99.6059
99.86
99.83
99.8006
99.9447
99.9728
99.9397
99.9505
99.9025
99.9213
99.9298
99.8909
99.7097
99.5905
99.9302
99.785
99.7718
99.935
99.9184
99.899
99.7961
99.8614
99.7245
99.9612
99.8008
99.832
99.6057
99.7412
99.9602
99.7779
99.5764
99.8239
99.9148
99.8851
99.9233
99.6433
99.9423
99.8159
99.4202
99.6387
99.8612
99.7855
99.913
99.8751
99.6739
99.905
99.9799
99.949
99.8342
99.8504
99.9484
99.9179
99.9193
99.0937
99.9479
99.8825
99.9286
99.8019
99.6103
99.924
99.92
99.7873
99.9549
99.6958
99.9727
99.8704
99.7263
99.8267
99.9203
99.9409
99.3834
99.4442
99.931
99.961
99.5821
99.8606
99.855
99.1602
99.9682
99.8593
99.7365
99.8814
99.5475
99.9116
99.9421
99.8869
99.3979
99.9301
99.5156
99.5461
99.9206
99.8863
99.8115
99.8725
99.9561
99.8184
99.9299
99.9234
99.7591
99.3824
99.9359
99.6844
99.3572
99.8514
99.9062
99.9259
99.8637
99.7999
99.9702
99.924
99.8156
99.8969
99.939
99.9011
99.4617
99.9429
99.9132
99.9144
99.8179
99.7439
99.803
99.9695
99.9344
99.8731
99.926
99.214
99.8994
99.9323
99.9066
99.846
99.8948
99.9301
99.6502
99.9017
99.681
99.8695
99.7797
99.8406
99.9299
99.908
99.9281
99.9753
99.5927
99.7874
99.9021
99.9332
99.8833
99.3496
99.9391
99.6543
99.0942
97.7219
99.8995
99.9647
99.4591
99.9444
99.8726
99.8792
99.8149
99.9286
99.881
99.5847
99.6395
99.8208
99.828
99.8736
99.7705
99.846
99.9552
99.8765
99.9278
99.8491
99.9308
99.5466
99.6911
99.3571
99.8913
99.6128
99.2582
99.8414
99.604
99.8082
99.5371
99.8642
99.9155
99.5916
99.9755
99.563
99.8808
99.88
99.8297
99.905
99.6159
99.7331
99.9573
99.7536
99.8801
99.7403
99.7151
99.969
99.9263
99.9001
99.9076
99.8579
99.9726
99.4264
99.955
99.6552
99.9291
99.6394
99.9233
99.8992
99.8536
99.8445
99.9388
99.7734
99.5956
99.433
99.8215
99.8325
99.7456
99.6517
99.8679
99.7867
99.7686
99.8568
99.6938
99.2758
99.8098
99.3377
99.8794
99.9502
99.962
99.805
99.8829
99.7072
99.2978
99.9287
99.7759
99.9081
99.9031
99.8009
99.831
99.9316
99.7132
99.6806
99.9115
99.8147
99.917
99.8607
99.9078
99.9268
99.9384
99.9543
99.8428
99.9372
99.8495
99.9553
99.8948
99.6392
99.9564
99.9689
99.2112
99.6153
99.814
99.8927
99.8793
99.9424
99.9467
99.8381
99.9238
99.9563
99.3753
99.7553
99.8271
99.887
99.746
99.7648
97.8824
99.4708
99.9293
99.6101
99.8369
99.5563
99.9668
99.9046
99.7616
99.8679
99.8965
99.3745
99.9011
99.9097
99.9606
99.9501
99.883
99.8977
99.3456
99.9597
97.8199
99.778
99.892
99.9251
99.9803
99.9302
99.9619
99.9615
99.8647
99.7667
99.8455
99.9426
99.9291
99.7376
99.3034
99.9026
99.8828
99.9831
99.9115
99.9601
99.5626
99.9133
98.9804
99.6045
97.8458
99.8004
99.8839
99.8636
99.9165
99.9011
99.9433
99.9601
99.9491
99.882
99.9323
99.7072
99.9564
99.7561
99.3085
98.8918
99.9295
99.6462
99.8955
99.9446
99.8194
99.9335
99.7336
99.4269
99.9403
99.8126
99.9487
99.2671
99.7472
99.9542
99.221
99.9198
99.9563
99.9246
99.877
99.488
99.8126
99.5027
99.8688
99.8581
99.7616
99.9319
99.5222
99.8841
99.7268
99.7452
99.8017
99.8763
99.9
99.9252
99.884
99.9198
99.918
99.9697
99.7053
99.8903
99.8118
99.9465
99.9542
99.4377
99.9164
99.8601
99.9576
99.9387
99.4719
99.9197
99.6463
99.9513
99.8861
99.0489
99.9096
99.871
99.9479
97.8498
99.9485
99.9452
99.9555
99.6497
99.9328
99.2907
99.8556
99.8824
99.977
99.2327
99.6747
99.2558
99.8138
99.7085
99.2632
99.9389
99.8476
99.7834
99.905
99.9263
99.8882
99.4074
99.839
99.9285
99.7734
99.9288
99.9541
99.9789
99.6788
99.5931
99.7528
99.8321
99.937
99.8882
99.8752
99.8004
99.9368
99.508
99.6119
99.9364
99.8895
99.8993
99.9163
99.5352
99.6795
99.9311
97.8884
99.7092
99.5096
99.9311
99.8059
99.4972
99.921
99.7245
99.8853
99.7692
99.8762
99.9541
99.9254
99.8082
99.4628
99.6224
99.9233
99.9289
99.937
99.4149
99.8881
99.8091
99.9068
99.4916
99.9036
99.9434
99.905
99.9182
99.916
99.908
99.934
99.8994
99.9592
99.9344
99.901
99.3654
99.9281
99.959
99.9216
99.9523
99.8989
99.9268
99.6664
99.7964
99.9238
99.4349
99.8042
99.8814
99.8003
99.1974
99.8534
99.9434
99.9125
99.9691
99.9521
99.9213
99.9684
99.9263
99.4527
99.913
99.9271
99.8898
99.6293
99.6458
99.8966
99.3148
99.9479
99.8769
99.3117
99.8777
99.9566
99.9537
99.7867
99.7773
99.7413
99.9814
99.9262
99.9261
99.9554
99.94
99.9219
99.4703
99.9247
97.9219
99.9425
99.9526
97.781
99.9106
99.975
99.901
99.9408
99.9449
99.7562
99.9488
99.906
99.9544
99.8974
99.9586
99.8827
99.7132
99.3942
99.9226
99.9617
99.654
99.5804
99.913
99.9261
99.3414
99.9248
99.9411
99.9209
99.9336
99.3374
99.9147
99.786
99.9132
99.9027
99.9245
99.8088
99.8171
99.5024
99.8833
99.5841
99.9207
99.9205
97.8251
99.8009
99.5689
99.925
99.835
99.583
99.9364
99.8771
99.959
99.9748
99.9499
99.2869
99.9448
99.8724
99.8849
99.8971
99.9477
99.7668
99.9176
99.8958
99.9432
99.7342
99.9112
99.844
99.9238
99.8212
99.1965
99.8723
99.838
99.4405
99.9594
99.7149
99.8693
99.6334
99.9476
99.7137
99.9049
99.3929
99.7444
99.9333
99.9759
99.8002
99.8659
99.7656
99.9107
99.5325
99.855
99.6078
99.6783
99.9094
99.9666
99.7914
99.8976
99.9575
99.9023
99.9449
99.494
99.9229
99.9203
99.9757
99.8613
99.9439
99.8818
99.611
99.9367
99.8509
99.4189
99.7877
99.4678
99.1247
99.8752
99.7302
99.8267
99.9051
99.8966
99.928
99.9622
99.8303
99.9154
99.8845
99.8763
99.5298
99.9173
99.9593
99.8246
99.872
99.5983
99.9636
99.9447
99.3719
99.9643
99.845
99.8797
99.8517
99.9576
99.8499
99.884
99.6189
99.9431
99.8383
99.9554
99.9201
99.8365
99.8865
99.6475
99.5039
99.8979
99.9659
99.6225
99.7279
99.8779
99.9073
99.7198
99.9062
99.6823
99.6261
99.9267
99.8075
99.9173
99.9388
99.7832
99.9195
99.9074
99.8173
99.7584
99.8298
99.6521
99.8719
99.9178
99.9466
99.8736
99.9477
99.9321
99.7645
99.7259
99.8854
99.9431
99.9597
99.8913
99.9429
99.8216
99.5373
99.8918
99.3914
99.5174
99.9268
99.8793
99.7764
99.8828
99.707
99.7858
99.9198
99.3481
99.849
99.9513
99.952
99.8725
99.6995
99.8861
99.906
99.9668
99.7683
99.9065
99.8872
99.3287
99.9212
99.4062
99.9188
99.2468
99.5956
99.9169
99.7679
99.9034
99.9612
99.923
99.9121
99.9813
99.5553
99.6247
99.6914
99.8812
99.7305
99.175
99.8389
99.8969
99.9197
99.5516
99.959
99.9261
99.8439
99.9063
99.6543
99.8941
99.6177
99.8918
99.8976
99.9586
99.8042
99.6226
99.4303
99.9639
99.9281
99.549
99.8222
99.8838
99.9623
99.9084
99.8048
99.9426
99.9038
99.8656
99.893
99.819
99.6917
99.9523
99.9701
99.8771
99.8981
99.8606
99.502
99.9433
99.9418
99.9454
99.8735
99.9001
99.7849
99.9132
99.6366
99.9532
99.5049
99.6457
99.9553
99.8427
99.9252
99.9354
99.8598
99.741
99.886
99.8977
99.9663
99.8742
99.5547
99.8469
99.8734
99.9765
99.9441
99.8658
99.9515
99.6105
99.7906
99.9194
99.95
99.7712
99.9203
99.5942
99.8691
99.9249
99.8382
99.8998
99.8858
97.9027
97.696
99.3915
99.5836
99.9247
99.8564
99.7439
99.885
99.9113
99.9749
99.7299
99.9375
99.8302
99.5297
99.8774
99.9415
99.9168
99.943
99.8755
99.8064
99.8855
99.8979
99.9024
99.9092
99.961
99.8891
99.9234
99.8529
99.9026
99.9444
99.8826
99.8842
99.8425
99.97
99.9417
99.4593
99.9047
99.9426
97.8974
99.7336
99.9431
99.9021
99.9733
99.7965
99.8912
99.8491
99.9474
99.7679
99.9518
99.9599
99.649
99.9109
99.9404
99.9099
99.6855
99.7911
99.9392
99.9415
99.9188
99.8939
99.8665
99.8879
99.5114
99.8251
99.9237
99.7254
99.9551
99.8917
99.8393
99.9768
99.7679
99.9288
97.994
99.8865
99.9609
99.9067
99.7868
99.8995
99.7992
99.8935
99.9465
99.6879
99.8541
99.9442
99.9382
99.5578
99.8272
99.9294
99.9114
99.3511
99.7318
99.9598
99.6972
99.8977
99.8909
99.7028
99.9543
99.7826
99.8044
99.7815
99.7109
99.9107
99.9069
99.6868
99.9323
99.9023
99.7782
99.8977
99.8819
99.353
99.9417
99.9488
99.5304
99.9063
99.8915
99.8088
99.6066
99.6325
99.9121
99.9302
99.7389
99.6968
99.6101
99.9131
99.7936
99.9547
99.3822
99.9408
99.8992
99.929
99.8556
99.8616
99.8679
99.7177
99.9328
99.922
99.6181
99.5004
99.4226
99.5771
99.3966
99.7684
99.6962
99.871
99.8606
99.7731
99.7363
99.9707
99.9033
99.8823
99.7509
99.8948
99.2648
99.8478
99.9004
99.5982
99.923
99.8684
99.9468
99.9484
99.7822
99.8936
99.9279
99.9876
99.9442
99.8291
99.9501
99.9256
99.6102
99.5475
99.6195
99.9191
99.8945
99.832
99.9164
99.9262
99.6889
99.6621
99.9435
99.7845
99.9315
99.8461
99.9561
99.6784
99.9173
99.8593
99.4335
99.8805
99.9019
99.896
99.9232
99.9066
99.7152
99.9427
99.8568
99.8958
99.9446
99.9312
99.8993
99.942
99.8375
99.9236
99.9549
99.9491
99.8432
99.9003
99.9387
99.4845
99.8967
99.3091
99.7317
99.8423
99.7934
99.6695
99.9411
99.8186
99.7837
99.6234
99.792
99.3425
99.9676
99.8069
99.5194
99.9835
99.4487
99.6847
99.9639
99.9381
99.304
99.6042
99.9457
99.7547
99.4379
99.7989
99.9842
99.8873
99.9089
99.9011
99.8982
99.7917
99.9374
99.8867
99.9636
99.8843
99.5977
99.9309
99.9161
99.7591
99.9543
99.9183
99.8962
99.6565
99.9255
99.7586
99.8167
99.7858
99.9227
99.8318
99.8099
99.9099
99.8214
99.9521
99.9581
99.4735
99.9035
99.6599
99.6611
99.5669
99.8208
99.9784
99.8426
99.8905
99.6697
99.9108
99.9492
99.8036
97.9183
99.894
99.2541
99.9044
99.8881
99.882
99.7917
99.7729
99.3324
99.76
99.8292
99.9612
99.7832
99.941
99.8316
99.5608
99.2785
99.9449
99.9162
99.4373
99.9341
99.7725
99.986
99.9061
99.9484
99.8826
99.9657
99.1875
99.3307
99.9262
99.9133
99.9183
99.9502
99.8808
99.7617
99.9301
99.9189
99.9383
99.5445
99.7697
99.9526
99.8647
99.725
99.2916
99.3943
99.664
99.5156
99.8912
99.9146
99.6863
99.9402
99.9166
99.8886
99.7787
99.8883
99.8144
99.9219
99.922
99.8802
99.9017
99.8327
99.7342
99.8711
99.9381
99.9095
99.7489
99.4414
99.8941
99.9594
99.429
99.8745
99.9022
99.9303
99.7733
99.7804
99.2487
99.6323
99.9249
99.3363
99.7827
99.9538
99.5983
99.8284
99.9099
99.9158
99.9678
99.8986
99.9039
99.9091
99.5468
99.8431
99.8867
99.9004
99.9771
99.9489
99.8276
99.5327
99.8259
99.9226
99.9119
99.9016
99.1158
99.8837
99.8592
99.8572
99.5494
99.5297
99.9516
99.629
99.688
99.709
99.796
99.9597
99.9488
99.839
99.5174
99.7922
99.8155
99.0196
99.9307
99.3029
99.9154
99.7982
99.9529
99.8488
99.8072
99.5568
99.9382
99.8527
99.728
99.8478
99.6395
99.9438
99.9315
99.9467
99.935
99.8531
99.818
99.6605
99.7865
99.9358
99.9418
99.7618
99.375
99.9167
99.8794
99.8592
99.6107
99.6788
99.7616
99.8709
99.9242
99.9373
99.8309
99.8385
99.9008
99.1363
99.8983
99.5189
99.8187
99.4816
99.7279
99.8173
99.9264
99.9203
99.8271
99.8049
99.9225
99.9719
99.658
99.941
99.9629
99.9038
98.8298
99.9336
99.8987
99.5708
99.7442
99.4899
99.7318
99.4444
99.9108
99.1961
99.5189
99.9302
99.9556
99.9355
99.9415
99.2905
99.5695
99.9514
99.9185
99.9606
99.9799
99.8752
99.8902
99.8324
99.7668
99.879
99.1514
99.9377
99.9254
99.9
99.7132
99.8444
99.9514
99.7042
99.9462
99.9068
99.8974
99.8461
99.8372
99.8444
99.8865
99.9275
99.8878
99.8874
99.4848
99.6408
99.7655
99.8292
99.8035
99.7764
99.8444
99.6777
99.8779
99.7494
99.7449
99.9301
99.9015
99.7574
99.7041
99.7778
99.8793
99.9349
97.7593
99.6655
99.9342
99.2631
99.9838
99.3789
99.9556
99.9761
99.9059
99.4982
99.9537
99.7896
99.7579
99.317
99.8062
99.7153
99.9739
99.9295
99.9561
99.9329
99.5569
99.9403
99.8264
99.9323
99.9173
99.8252
99.9464
99.9514
99.9761
99.4593
99.909
99.9304
99.7486
99.9054
99.7265
99.8342
99.9483
99.9529
99.9211
99.9137
99.6907
99.4174
99.7784
99.7665
99.9142
99.9759
99.9342
99.7026
99.5782
99.6049
99.5659
99.948
99.8614
99.8847
99.3156
99.5557
99.9255
99.9883
99.9581
99.9459
99.8225
99.9551
99.8986
99.7089
99.9787
99.8076
99.8678
99.9364
99.8288
99.9301
99.9493
99.8915
99.5997
99.8993
99.9403
99.9616
99.8196
99.4521
99.9065
99.9267
99.5568
99.9048
99.9311
99.8774
99.7638
99.9224
99.9294
99.6503
99.6938
99.9536
99.7658
99.9771
99.8222
99.8798
99.7329
99.6503
99.9274
99.5943
99.9143
99.9548
99.9284
99.8991
99.6076
99.7649
99.9329
99.9473
99.4181
99.9154
99.9391
99.9273
99.9349
99.8855
99.9455
99.7887
99.764
99.9394
99.6394
99.3252
99.7903
99.7756
99.8144
99.8491
99.8885
99.8946
99.921
99.1959
97.8587
99.8141
99.9339
99.8701
99.9231
99.9463
99.8185
99.9501
99.8619
99.8984
99.9207
99.9136
99.7289
99.8362
99.8091
99.7782
99.418
99.8936
99.5962
99.9079
99.5596
99.9468
99.9025
99.9606
99.917
99.4641
99.8075
99.9077
99.9337
99.8574
99.9011
99.6754
99.2665
99.6664
99.5483
99.9107
99.9057
99.9008
99.8871
99.5456
99.6465
99.8815
99.9153
99.8186
99.5667
99.7916
99.9653
99.9331
99.9532
99.3397
99.8678
99.8194
99.6018
99.9307
99.916
99.3788
99.9077
99.9116
99.4026
99.5765
99.929
99.8956
99.939
99.6502
99.8852
99.9394
97.9902
99.9666
99.8886
99.8203
99.9073
99.7044
99.7926
99.9166
99.8862
99.8823
99.886
99.9106
99.6286
99.9361
99.908
99.9249
99.8348
99.7194
99.7701
99.7645
99.7696
99.8441
99.7768
99.4215
99.9624
99.9578
99.9499
99.7555
99.914
99.7194
99.5681
99.9572
99.9524
99.7184
99.9137
99.8149
99.702
99.687
99.9566
99.5473
99.7322
99.615
99.9253
97.9377
99.4854
99.7676
99.9278
99.3572
99.5795
99.9313
99.9021
99.9839
99.2261
99.9074
99.897
99.753
99.2702
99.6877
99.8537
99.8833
99.9769
97.8362
99.8926
99.8686
99.9517
99.9414
99.9024
99.8712
99.9295
99.2088
99.2069
99.9351
99.9126
99.899
99.3899
99.9317
99.9409
99.9
99.7005
99.3688
99.8791
99.9688
99.9504
99.9264
99.4174
99.8978
99.9205
99.9354
99.8477
99.8355
99.7997
99.9572
99.817
99.9477
99.9132
99.4835
99.887
99.9142
99.9207
99.9374
99.9452
99.9342
99.8774
99.2785
99.8656
99.9187
99.7979
99.7957
99.3259
99.1644
99.7264
99.7901
99.8919
99.7861
99.7846
99.9098
99.8722
99.5677
99.7185
99.854
97.7546
99.9281
99.9342
99.8297
99.7778
99.9521
99.9209
99.9299
99.7908
99.6253
99.9555
99.2471
99.5616
99.9435
99.7333
99.8496
99.9301
99.8848
99.8591
99.8642
98.6907
99.93
99.9202
99.882
99.9339
99.5087
99.8065
99.7605
99.7509
99.7946
99.8026
99.918
99.7417
99.9716
99.9329
99.9266
98.9629
99.6264
99.8617
99.9517
99.9189
99.7514
99.8852
99.9008
99.8821
99.8117
99.9341
99.9466
99.9391
99.6998
99.4759
99.8061
99.9438
99.9239
99.3175
99.9437
99.6046
99.9586
99.9391
99.9522
99.8035
99.9536
99.9554
99.8699
99.9151
99.9222
99.8477
99.9039
99.4502
99.6251
99.8855
99.8801
99.9165
99.6068
99.6249
99.5408
99.9179
99.888
99.8981
99.905
99.5693
99.7809
99.7048
99.9867
99.7294
99.9188
99.9669
99.921
99.9399
99.8736
99.8879
99.9171
99.8414
99.9485
99.6325
99.7041
99.9318
99.8636
99.8781
99.9532
99.9809
99.8964
99.6839
97.9261
99.847
99.9266
99.8891
99.9653
99.9711
99.6431
99.7906
99.9304
99.877
99.7797
99.9274
99.5736
99.9286
99.6808
99.9193
99.9355
99.6817
99.9555
99.4021
99.9467
97.7857
99.5357
99.9118
99.855
99.8024
99.8127
99.4579
99.8204
99.6463
99.9131
99.9137
99.7534
99.742
99.9204
99.2568
99.9494
99.9441
99.4859
99.7134
99.928
99.8627
99.4196
99.9257
99.891
99.756
99.2703
99.9241
99.4188
99.949
99.7576
99.654
99.953
99.9106
99.858
99.9456
99.8534
99.9256
99.8943
99.5211
99.247
99.3251
99.9335
99.9364
99.6793
99.8176
99.8999
99.8573
99.907
99.9191
99.9104
99.7797
99.7397
99.5102
99.9211
99.7274
99.645
99.8119
99.7544
99.8915
99.3325
99.8579
99.3343
99.8742
98.981
99.9636
99.6335
99.9339
99.8493
99.8235
99.7478
99.5816
99.9466
99.5203
99.9596
99.914
99.4088
99.9219
99.4103
99.7873
99.8986
99.779
99.8561
99.8809
99.9443
99.7118
99.6273
99.9467
99.5387
97.8161
99.6179
99.9493
99.8498
99.6911
99.9316
99.8992
99.3062
99.9296
99.8738
99.871
99.9118
99.9192
99.4539
99.1283
99.743
99.7323
99.925
99.9182
99.9543
99.4243
99.4493
99.9341
99.9584
99.8399
99.9444
99.9291
99.9111
99.919
99.7386
99.9407
99.9506
99.9584
99.9386
99.9213
99.8577
99.9329
99.8969
99.869
99.3248
99.9014
99.5459
99.8216
99.2646
99.6292
99.9837
99.9652
99.7838
99.9055
99.7931
99.7656
99.9277
99.5716
99.9419
99.9209
99.9333
99.8339
99.9174
99.7468
99.7205
99.9651
99.9321
99.8972
99.3896
99.5303
99.7865
99.5522
99.8579
99.8903
99.9367
99.9524
99.7365
99.9199
99.9384
99.9234
99.3798
99.9647
99.8692
99.9254
99.6947
99.8442
99.7983
99.8382
99.7485
99.9298
99.2693
99.928
99.8657
99.75
99.7312
99.9575
99.9092
99.9316
99.7909
99.9214
99.8396
99.9552
99.8469
99.7823
99.6129
99.9035
99.8989
99.5995
99.7633
99.4028
99.1586
99.9234
99.9409
99.9367
97.9626
99.946
97.9117
99.8977
99.5716
99.9634
99.49
99.906
99.6726
99.9282
99.9024
99.9511
99.88
99.497
99.9534
99.9058
99.9784
99.9238
99.9362
99.905
99.813
99.5689
99.745
99.9011
99.819
99.917
99.7157
99.9362
99.9219
99.5807
99.5594
99.927
99.7615
99.9513
99.8761
99.9047
99.2328
99.6458
99.8837
99.9255
99.9542
99.9525
99.8599
99.8881
99.8108
99.8968
99.1703
99.2181
99.6109
99.861
99.7257
99.8347
99.9503
99.8717
99.8907
99.9386
99.8982
99.5547
99.9233
99.9383
99.9308
99.9381
99.7863
99.3141
99.9419
99.575
99.7058
99.9665
99.8204
99.9512
99.9466
99.8778
99.9363
99.9199
99.9481
99.7649
99.9734
99.9581
99.9112
99.7956
99.9384
99.8445
99.8321
97.7877
99.965
99.9511
99.7777
99.8862
99.4228
99.9501
99.8125
99.9423
99.8789
99.9173
99.8977
99.7788
99.8855
99.8429
99.6864
99.9063
99.702
99.7523
99.8892
99.9497
99.9022
99.7572
99.989
99.9747
99.901
99.3026
99.98
99.8527
99.8847
99.881
99.3453
99.9453
99.9291
99.4414
99.6239
99.9312
99.9215
99.8221
99.9508
99.8741
99.9145
99.9435
97.8573
99.9311
99.896
99.8126
99.6667
99.95
99.9506
99.9585
99.9013
99.933
99.895
99.8986
99.9036
99.9018
99.8504
99.9512
99.8647
99.8919
99.7403
99.9375
99.5512
99.5245
99.8988
99.9371
99.8249
99.6938
99.5649
99.8097
99.9445
99.9138
99.9697
99.9391
99.9311
99.6255
99.9522
99.8856
99.8381
99.9175
99.9676
99.2808
99.8861
99.5936
99.9118
99.9313
99.92
99.8394
99.8918
99.9175
99.9144
99.8549
99.9215
99.7874
99.1836
99.9581
99.6444
99.9301
99.9452
99.6939
99.8296
99.9293
99.9122
99.9547
99.953
99.8393
99.2827
99.8289
99.8276
99.8922
99.9367
99.7789
99.9492
99.872
99.9349
99.1704
99.856
99.958
99.8688
99.9492
99.9242
99.893
99.959
99.5703
99.812
99.9056
99.8147
99.9192
99.6246
97.8508
99.7719
99.9184
99.6301
99.8999
99.9274
99.8515
99.8129
98.8544
99.7406
99.7599
99.9465
99.7
99.9357
99.9352
99.922
99.4139
99.9259
99.5905
99.6437
99.1402
99.7897
99.9702
99.9586
99.9077
99.8448
99.9739
99.789
99.7157
98.8116
99.9589
99.5265
99.8939
99.9304
99.8953
99.5191
99.952
99.9149
99.9198
99.6162
99.9123
99.9033
99.7631
99.9248
99.9142
99.9278
99.8204
99.9134
99.8948
99.9395
99.9348
99.9066
99.8284
99.9205
99.3181
99.7882
99.8785
99.9124
98.6743
99.9768
99.8125
99.9396
99.316
99.9519
99.8436
99.9187
99.9309
99.882
99.8474
99.9219
99.8091
99.3732
99.9148
99.8617
99.8491
99.973
99.326
99.8085
99.9103
99.9299
99.8905
99.9343
99.8889
99.9351
99.9477
99.8062
99.8717
99.2732
99.9156
99.9541
99.9226
99.8691
99.7535
99.5937
99.8611
99.8729
99.8488
99.8706
99.7083
99.9219
99.6467
99.2915
99.7091
97.887
99.4597
99.8886
99.9378
99.7678
99.8618
99.9539
99.9277
99.9627
99.9832
99.5297
99.9335
99.9727
99.5988
99.8837
99.3709
99.4045
99.7049
99.9103
99.7382
99.9439
99.9483
99.4976
99.8299
99.9487
99.9362
99.4893
99.8574
99.7927
99.9512
99.8662
99.9361
99.8986
99.8205
99.7646
99.9767
99.9398
99.7722
99.9271
99.5973
99.8963
99.9214
99.9323
99.659
99.8904
99.9638
99.9295
99.8772
99.3297
99.8935
99.8861
99.1635
99.6064
99.9171
99.9131
99.8496
99.9535
99.9678
99.9203
99.8142
99.7042
99.8405
99.7694
99.9325
99.7674
99.3698
99.9138
99.7911
99.9361
99.8623
99.9299
99.9293
99.8852
99.9251
99.7841
99.575
99.8403
99.971
99.7443
99.8017
99.9516
99.8745
99.946
99.1913
99.759
99.9241
99.925
99.9346
99.9705
99.9534
99.8587
99.9504
99.9014
99.8386
99.8011
99.9435
99.583
99.334
99.5908
99.6149
99.941
99.6884
99.9302
99.3283
99.917
99.6348
99.8035
99.9019
99.3351
99.9361
99.942
99.5158
99.2198
97.7821
99.4665
99.409
99.687
99.9434
99.9485
99.6792
99.868
99.5816
99.9354
99.9326
99.9137
99.9334
99.4998
97.9001
99.9153
99.6464
99.9288
99.6318
99.9296
99.6742
99.8466
99.7564
99.6939
99.8061
99.8911
99.757
99.863
99.738
99.7843
99.9228
99.8513
99.8697
99.9547
99.1776
99.8938
99.931
99.9235
99.9661
99.2777
99.7155
99.5974
99.9446
99.9376
99.2979
99.9313
99.7412
99.931
99.8771
98.8214
99.938
99.9041
99.9561
99.9507
99.9067
99.3695
99.8907
99.8469
99.9282
99.3268
99.9219
99.896
99.9606
99.6196
99.8713
99.8326
99.8805
99.9136
99.956
97.75
99.8141
99.7231
99.6392
99.9408
99.9442
99.9408
99.9092
98.6953
99.9201
99.9209
99.6458
99.7583
99.9206
99.9285
99.9349
99.5193
99.9665
99.7667
99.9342
99.9217
99.9421
99.9067
99.875
99.9325
99.9727
99.7863
99.8665
99.2438
99.8828
99.7687
99.8554
99.8403
99.9222
99.9888
99.9303
99.9205
99.9005
99.9749
99.9636
99.9206
99.9494
99.9178
99.8291
99.9695
99.9378
99.8244
99.9628
99.7922
99.9491
99.5912
99.8133
99.9296
99.9268
97.7272
99.9223
99.7602
99.9405
99.4384
99.966
99.9458
99.862
99.9314
99.739
99.8802
99.8735
99.8171
99.9142
99.7132
99.9262
99.8013
99.6805
99.955
99.977
99.6849
99.7483
99.9536
99.5427
99.7772
99.8731
99.9411
99.64
99.9622
99.89
99.9252
99.8763
99.6206
99.4194
99.9394
99.3005
99.8293
99.8062
99.9391
99.4817
99.267
99.8351
99.9342
99.7907
99.0089
99.4451
99.8096
99.9
99.9073
99.8493
99.8161
99.8489
99.7853
99.9329
99.9175
99.8104
99.9319
99.5361
99.73
99.8352
99.8251
99.9682
99.948
99.8121
99.9811
99.9663
99.9101
99.4063
99.9025
99.9006
99.9544
99.7542
99.8233
99.5875
99.7091
99.6374
99.9324
99.9524
99.7831
99.8922
99.9467
99.8224
99.9056
99.2671
99.8605
99.9251
99.9408
99.9085
99.7602
99.9454
99.9125
99.9314
99.9333
99.9102
99.9519
99.3165
99.3299
99.4335
99.8722
99.9079
99.9428
99.043
99.929
99.7896
99.9488
99.7352
99.922
99.9491
99.9616
99.9396
99.8342
99.9519
99.8333
99.8754
99.4166
99.9242
99.9402
99.9376
99.9073
99.82
99.8285
99.9153
99.8051
99.9052
99.5782
99.9495
99.9227
99.9498
99.763
99.7448
99.7878
97.8616
99.7896
99.9578
99.6033
99.8756
99.9685
99.8911
99.8941
99.8721
99.9031
99.9373
99.926
99.8115
99.8354
99.9104
99.8805
99.7815
99.9232
99.8734
99.9809
99.9362
99.6813
99.9096
99.8035
99.8957
99.5141
99.9168
99.8307
99.2889
99.8511
99.3653
99.3968
99.8107
99.8799
99.6741
99.3825
99.7965
99.7983
99.8908
99.8558
99.7606
99.9287
99.7781
99.7575
99.8262
99.7893
99.9262
99.8951
99.5656
99.1183
99.9298
99.9612
99.9499
99.8054
99.9377
99.9316
99.8266
99.9161
99.3507
99.9611
99.8826
99.8474
99.9395
99.3759
99.8936
99.5957
99.8706
99.667
99.9233
99.8471
99.8178
99.957
99.7642
99.8029
99.9464
99.7815
99.9192
99.9808
99.8281
99.7933
99.9238
99.9116
99.883
99.8727
99.8914
99.1118
99.9474
99.9585
99.971
99.4155
99.8198
99.1357
99.8763
99.9415
99.9508
99.6949
99.9477
99.9581
99.9592
99.9035
99.8368
99.8629
99.9694
99.8788
99.8446
99.3707
99.9358
99.9167
99.9125
99.9307
99.8912
99.8854
99.8605
99.8616
99.6108
99.9233
99.9403
99.6146
99.4962
99.9164
99.9337
99.9426
99.892
99.8428
99.8052
99.7017
99.7986
99.6075
99.9767
99.8644
99.8761
99.8622
99.4569
99.8747
99.9189
99.2822
99.9035
99.9272
99.8541
99.4537
99.1247
99.8561
99.8218
99.9375
99.9614
99.9005
99.9242
99.6567
99.8332
99.8851
99.754
98.8646
99.5686
99.9415
99.9622
99.9292
97.8206
99.9697
99.8938
99.9097
99.7597
99.9475
99.9154
99.4225
99.7994
99.9008
99.7852
99.7748
99.923
99.9194
99.9372
99.9161
99.6599
99.8919
99.28
99.8959
99.8981
99.3072
99.9303
99.9142
99.5316
99.9403
99.9528
99.9462
99.9412
99.6763
99.8964
99.9176
99.9337
99.9642
97.7519
99.9105
97.8016
99.6271
99.9621
99.8876
99.5907
99.9535
99.9186
99.3031
99.7173
99.9189
99.626
99.4754
99.8621
99.9385
99.7806
99.1134
99.9462
99.8426
99.6106
99.9508
99.4892
98.9866
99.9582
99.7591
99.9212
99.9067
99.6506
99.1146
99.9605
99.9641
99.8718
99.94
99.8772
99.9326
99.9236
99.9155
99.9328
99.8345
99.9206
99.8877
99.9399
99.9111
99.4715
99.7296
99.9198
99.8555
99.8894
99.8814
99.9201
99.7037
99.9365
99.9694
99.9216
99.6636
99.8904
99.9012
99.8843
99.9526
99.9164
99.7085
99.9476
99.931
99.9553
99.6479
99.8625
99.938
99.932
99.9212
99.9403
99.6209
99.8586
99.9179
99.7545
99.957
99.3018
99.3724
99.6815
99.8087
99.921
99.8554
99.8678
99.794
99.9681
99.8541
99.9343
99.6676
99.8946
99.6717
99.7897
99.4191
99.9428
99.7784
99.9433
99.9467
99.9527
99.9343
99.755
99.9274
99.9696
99.9625
99.7876
99.9461
99.9379
99.8445
99.8451
99.6245
99.9325
99.9704
99.7973
99.8068
99.9357
99.9181
99.9074
99.9278
99.4219
99.9275
99.751
99.9675
99.7231
99.941
99.3069
99.745
99.6018
99.6907
99.7695
99.5991
99.9262
99.9084
99.8807
99.9679
99.7995
99.8788
99.9263
99.9027
99.8516
99.5187
99.9432
99.741
99.8052
99.6572
99.9206
98.7906
99.6823
99.9055
99.9208
99.85
99.8775
99.9223
99.9118
99.922
99.913
99.7667
99.9344
99.9706
99.9366
99.9425
99.8923
99.6917
99.7855
99.6095
99.9105
99.6858
99.8043
99.8752
99.8885
99.9478
99.899
99.9293
99.8841
99.5665
99.9029
99.9464
99.3281
99.957
99.8935
98.905
99.6458
99.7793
99.931
99.7351
99.5022
99.9539
99.6948
99.9435
99.8585
99.918
99.9128
99.3528
99.4181
99.8529
99.8797
99.9645
99.896
99.9764
99.7157
99.4484
98.7375
99.627
99.744
99.9233
99.9442
99.8594
99.8613
99.324
99.8931
99.9665
99.7777
99.9259
99.9713
99.74
99.9206
99.5974
99.8891
99.8106
99.9456
99.9485
99.9655
99.1666
99.9306
99.8181
99.3946
99.9436
99.7754
99.8878
99.7634
99.6021
99.9382
99.7891
99.9207
99.3857
98.832
99.6844
99.8864
99.8909
99.95
99.9322
99.9632
99.9645
99.7769
99.9418
99.331
97.9849
99.9514
99.9343
99.8643
99.8646
99.6953
99.9816
99.8669
99.6142
99.9278
99.8416
99.9015
99.9222
99.9174
99.9169
99.9111
99.9721
99.4063
99.9745
99.7469
99.9341
99.8765
99.74
99.6143
99.8654
99.9395
99.955
99.8836
99.9424
99.3498
99.9085
99.9307
99.4954
99.9109
99.9301
99.9418
99.6819
99.9762
99.842
99.8937
99.9754
99.4527
99.905
99.9288
99.7876
99.8937
99.8921
99.7573
99.7715
99.8591
99.943
99.9191
99.9812
99.8684
99.8875
99.8616
99.8799
99.8716
99.3697
99.3693
99.7563
97.9452
99.7791
99.9405
99.8281
99.75
99.9328
99.9297
99.7994
99.9292
99.4309
99.845
99.9065
99.5619
99.7779
99.9644
99.9229
99.6643
99.52
99.907
99.6036
99.9732
99.9435
99.8433
99.8599
99.8834
99.9134
99.6401
99.9376
99.7476
99.4488
99.6289
99.9403
99.9263
99.9243
99.6503
99.7066
99.8902
99.9452
99.6117
99.9261
99.5509
99.9259
99.9322
99.8656
99.8944
99.8841
99.9023
99.9383
99.9424
99.9076
99.7916
99.9186
99.8961
99.8655
99.1419
99.9548
99.9162
99.8261
99.6607
99.92
99.7678
99.9295
99.658
99.9157
99.9392
99.9056
99.6889
99.8851
99.9746
99.8696
99.8477
99.8344
99.6908
99.9375
99.9498
99.9294
99.4399
99.9091
99.9452
99.865
99.4428
99.8361
99.6307
99.4763
99.9472
99.9056
99.4955
99.8406
99.8651
99.9514
99.9351
99.7611
99.9037
99.8596
99.3664
99.7873
99.7065
99.8514
99.5804
99.9699
99.9697
99.878
99.7885
99.9273
99.8791
99.7796
99.8473
99.8896
99.9369
99.5109
99.9136
99.9155
99.9389
99.9078
99.9533
99.8489
99.895
99.9304
99.9486
99.9352
99.8346
99.8198
99.9333
99.5247
99.782
99.9854
99.8375
99.9273
99.7973
99.8916
99.886
99.6535
99.9289
99.9441
99.6609
99.3559
99.9076
99.8316
99.8707
99.2846
99.8992
99.4311
99.8287
99.7967
98.904
99.5919
99.8667
99.9128
99.9409
99.9212
99.8778
99.9418
99.8706
99.7769
99.9466
99.9413
99.2454
99.9454
99.9065
99.9134
99.7749
99.7272
99.8466
99.6156
99.9902
99.9401
99.9241
99.6492
99.9134
99.7797
99.9371
99.9694
99.9478
99.9416
99.8208
99.8817
99.2696
99.6257
99.9439
99.4812
99.9407
99.8184
99.8179
99.9293
99.6125
99.8362
99.45
97.9663
99.7517
99.6336
99.9331
99.7848
99.8991
99.6115
99.9445
99.7924
99.9109
99.9317
99.7451
99.9329
99.9098
99.7949
99.7957
99.8597
99.939
99.9395
99.7895
99.8927
99.5581
99.9403
99.7897
99.8847
99.9837
99.8065
99.666
99.4418
99.7587
99.5998
99.9162
99.8892
99.939
99.9466
99.9688
99.9107
99.9459
99.8763
99.908
99.9354
99.7269
99.6929
99.7718
99.9358
99.9457
99.9659
99.8002
99.9434
99.8796
99.8881
99.8289
99.9591
99.8409
99.445
99.981
99.9076
99.9272
99.915
99.3242
99.8029
99.7368
99.8869
99.8937
99.9064
99.9182
99.8782
99.7822
99.96
99.926
99.8959
99.9088
99.5332
99.8283
99.8394
99.9356
99.9449
99.9584
99.927
99.7631
99.9058
99.5948
99.8139
99.8969
99.7144
99.8847
99.9204
99.9434
99.7541
99.8971
99.9129
97.9401
99.8296
99.791
99.8892
99.9565
99.9297
99.7781
99.8593
99.9377
99.916
99.8696
99.5881
99.9249
99.9273
99.9493
99.3456
99.9412
99.9573
99.7845
99.9507
99.8665
99.5267
99.9083
99.3618
99.8811
99.9347
99.2458
99.2738
99.9641
99.6098
99.9318
99.9199
99.9479
99.9547
99.602
99.8865
99.9528
99.5563
99.9025
99.8622
99.4032
99.9334
99.7336
99.9365
99.8883
99.7947
99.9485
99.9533
99.911
99.8997
99.7727
99.8815
99.9492
99.9334
99.8892
97.9542
99.9261
99.8779
99.8677
99.9424
99.6102
99.9001
99.593
99.8649
99.6969
99.88
99.9133
99.9152
99.9415
99.7716
99.9161
99.8184
99.6903
99.5964
99.9626
99.6203
99.9357
99.9176
99.8259
99.6055
99.8857
99.8998
99.9426
99.7057
99.9071
99.2302
99.3219
99.9314
99.9459
99.9362
99.8876
99.9204
99.783
99.8864
99.6541
99.7772
99.0706
99.5908
99.9226
99.9465
99.91
99.8645
99.9456
99.9471
99.8856
99.6967
99.9459
99.8827
99.5601
99.7811
99.9416
99.9232
98.844
99.8387
99.9206
99.9382
99.9389
99.8476
99.616
99.8665
99.4499
99.9665
99.8566
99.3381
99.3374
99.3055
99.9235
99.9056
99.8563
99.8487
99.9265
99.8742
99.6291
99.9209
99.8712
99.9305
99.954
99.8406
99.6076
99.9402
99.7976
99.9162
99.8391
99.9223
97.8949
99.8651
99.8928
99.9107
99.8133
99.8546
99.9421
99.9365
99.9389
99.9528
99.8443
99.3049
99.9462
99.8362
99.6832
99.7874
99.9314
99.5049
99.8766
99.9101
99.9306
99.8313
99.9499
99.886
99.1945
99.9048
99.9371
99.5879
99.891
99.3814
99.8005
99.9273
99.76
99.7156
99.366
99.7219
99.9089
99.9291
99.8673
99.8615
99.7913
99.8236
99.8839
99.9344
99.9545
99.8838
99.518
99.8065
99.5521
99.5533
99.2217
99.6386
99.9373
99.9023
99.8965
99.3267
99.8775
99.8925
99.9227
99.895
99.8772
99.8542
99.7038
99.9009
99.7788
99.9031
99.2272
99.8695
99.9261
99.8809
99.9648
99.8804
99.9113
98.9986
99.9103
99.854
99.2514
99.7174
99.8387
99.9142
99.6046
99.9249
99.949
99.546
99.9674
99.4435
99.3368
99.8844
99.9739
99.9018
99.2314
99.7746
99.3889
99.5574
99.8641
99.8908
99.6056
99.2794
99.451
99.906
99.788
99.9272
99.803
99.8915
99.9485
99.8512
99.956
99.8423
99.801
99.3219
99.897
99.91
99.9344
99.9287
99.9247
99.9664
99.5983
99.8667
99.9096
99.3581
99.8029
99.7922
99.9516
99.7566
99.9304
99.9359
99.478
99.5114
97.9391
99.7548
99.9014
99.1803
99.9344
99.667
99.8972
99.9044
99.9678
99.4414
99.806
99.9662
99.8936
99.9281
99.9116
99.8462
99.9414
99.8536
99.6549
99.9549
99.8473
99.881
99.9214
99.8076
99.4795
99.8089
99.8154
99.9028
99.9278
99.879
99.947
99.9503
99.3372
99.7281
99.9806
99.924
99.9279
99.9008
99.3343
99.8778
99.8562
99.9043
99.9427
99.7448
97.9998
99.8459
99.9221
99.9487
99.8772
99.2525
99.9174
99.8535
99.788
99.9143
99.9569
99.8768
99.8892
99.9319
99.4312
99.8624
99.82
99.6525
99.9418
99.5854
99.6725
99.6082
99.9083
99.9464
97.9631
99.9667
99.9146
99.8988
99.6254
99.7317
99.7529
99.9848
99.32
99.7699
99.5724
99.9482
99.9534
99.8549
99.8783
99.9518
99.8518
99.9017
99.8056
99.6522
99.8111
99.9591
99.6464
99.9341
99.9245
99.7478
99.9434
99.7663
99.6485
99.8993
99.7876
99.9331
99.3497
99.7126
99.764
99.9547
99.9351
99.9276
99.9527
99.8914
99.9299
99.7803
99.9258
99.9429
99.9585
99.3528
99.7987
99.9528
99.9164
99.942
99.8735
99.8878
99.9332
99.932
99.9692
99.9694
99.9454
99.9121
99.8813
99.905
99.0729
99.9235
99.9124
99.7415
99.4678
99.3802
99.4557
99.9566
99.9809
99.9698
99.8934
99.895
99.8935
99.8717
99.8908
99.9327
99.693
99.8932
99.8481
99.9187
99.9592
99.7215
99.8492
99.936
99.7967
99.939
99.788
99.9477
99.7685
99.9833
99.7332
99.8758
99.3963
99.9509
99.5501
99.5843
99.9284
99.9115
99.8391
99.5885
99.9788
99.9385
99.9497
99.671
99.8069
99.9536
99.5104
99.9308
99.7825
99.8263
99.8488
99.9365
99.5175
99.8053
99.8422
99.8913
99.9412
99.9222
99.6626
99.7037
99.9788
99.9091
99.6111
99.8791
99.6248
99.1177
99.8942
99.8852
99.9277
99.7771
99.2933
99.9327
99.9576
99.9535
99.9202
99.903
99.7988
99.9117
99.668
99.6683
99.9354
99.8787
99.8295
99.8979
99.9504
99.8259
99.8881
99.7746
99.8923
99.9231
99.526
99.9673
99.9453
97.7857
99.7713
99.8375
99.9677
99.9459
99.9855
99.8729
99.7705
99.8673
99.8382
99.7967
99.9805
99.9172
99.923
99.8935
99.8808
99.9235
99.9225
97.851
99.9171
99.9356
99.8641
99.6107
99.859
99.6947
99.7042
99.8903
99.9532
99.9606
99.6122
99.488
99.9139
99.8288
99.3642
99.9676
99.8647
99.9329
99.703
99.9333
99.9551
99.6376
99.89
99.6994
99.9342
99.9281
99.8119
99.9534
99.9299
99.4448
99.712
99.8596
99.9154
99.7284
99.3127
97.7564
99.8514
99.4182
99.7768
99.8197
99.961
99.7454
99.9325
99.9171
99.9344
99.8577
99.9131
99.7654
99.8356
99.9616
99.6158
99.9492
99.8744
99.938
99.9112
98.8269
99.9831
99.5164
99.9526
99.8899
99.9319
99.9118
99.7872
99.8996
99.5661
99.9488
99.7382
99.9075
99.7494
99.946
99.9051
99.8131
99.9102
99.9765
99.439
99.9124
99.8239
99.7947
99.4395
99.8731
99.5821
99.9417
99.9627
99.6491
99.9538
99.9331
99.9366
99.9656
99.9636
99.8532
99.2843
99.9445
99.9347
99.876
99.9417
99.8059
99.9284
99.9451
99.9265
99.3996
99.7035
99.7621
99.6475
99.9229
99.5467
99.8745
99.9493
99.1983
99.8841
99.8816
99.9931
99.921
99.863
99.53
99.7568
99.9744
99.8518
99.9268
99.8832
99.9653
99.9234
99.962
99.7503
99.9307
97.9219
99.3207
99.8795
99.896
99.8383
99.7283
99.9727
99.9058
99.9387
99.6521
99.6629
99.6348
99.9764
99.9052
99.926
99.9229
99.9226
99.8982
99.9352
99.8078
99.8455
99.7824
99.5926
99.9376
99.9585
99.2372
99.9339
99.4274
99.6262
99.8468
99.9476
99.925
99.9321
99.9118
99.8999
98.8103
99.8799
99.9203
99.9124
99.0767
99.8932
99.9282
99.8991
99.9202
99.3394
99.942
99.9147
99.9149
99.8997
99.8634
99.7677
99.237
99.9245
99.8657
99.8794
99.8916
99.6535
99.5689
99.9421
99.7426
99.926
99.9259
99.9426
99.849
99.9846
99.8267
99.9272
99.9463
99.8835
99.437
99.9333
99.9197
99.9078
99.9268
99.927
99.896
99.9634
99.9091
99.8965
99.9401
99.6317
99.9515
99.9351
99.9142
99.9532
99.8977
99.9088
99.9219
99.9375
99.9213
99.4573
99.935
99.8683
99.8775
99.8442
99.7701
99.8081
99.9327
99.9522
99.8166
99.7475
99.9104
99.9283
99.9509
99.9775
99.9669
99.8738
99.5229
99.8097
99.5057
99.9286
99.9282
99.6183
99.9658
99.9595
99.9503
99.8784
99.979
99.9249
99.958
99.5954
99.95
99.8389
99.9378
99.7379
99.948
99.9369
99.677
99.9151
99.8792
99.9084
97.8002
99.8298
99.8096
99.9007
99.4875
99.8092
99.8337
99.8799
99.7403
99.8382
99.8213
99.8205
99.9727
99.4671
99.9635
99.8617
99.7815
99.9462
99.932
99.9485
99.9557
99.6805
99.951
99.4362
99.5089
99.9434
97.8566
99.8523
99.8617
99.8617
99.9398
99.9394
99.5885
99.9394
99.9722
99.9244
99.9367
99.9166
99.9654
99.8856
99.8123
99.8836
99.9117
99.9717
99.7997
99.5597
99.5492
99.6206
99.7526
99.9457
99.9412
99.9204
99.7791
99.5224
99.1954
99.9517
99.7653
99.8875
99.9554
99.2611
99.2257
99.9011
99.4809
99.9517
99.9246
99.8959
99.6643
99.8794
99.9604
99.3968
99.9013
99.9212
99.8768
97.705
99.8428
99.8913
99.7312
99.4025
99.8114
99.9267
99.7964
99.5214
99.9184
99.868
99.9141
99.9265
99.6308
99.9589
99.3799
99.9493
99.8928
99.8364
99.9764
99.7207
99.9166
99.9295
99.7568
99.9342
99.9003
99.614
99.7306
99.9389
99.3003
99.963
99.94
99.5968
99.9586
99.9309
99.89
99.9329
99.9213
99.8786
99.751
99.9742
99.9195
99.8179
99.9348
99.9115
99.956
99.7527
99.5359
99.6963
99.9249
99.9142
99.6385
99.6057
99.8219
99.8806
99.966
99.2211
99.9309
99.9431
99.7581
99.9504
97.853
99.861
99.9428
99.2012
99.8999
99.9009
99.8865
99.7655
99.9432
99.6681
99.7164
99.967
99.8472
99.8054
99.9678
99.8302
99.9478
99.364
99.4412
99.7813
99.9391
99.864
99.8613
99.317
99.6299
99.9153
99.8194
99.8873
99.8941
99.9474
99.7908
99.8199
99.9291
99.9138
99.8681
99.934
99.8571
98.9843
99.6426
99.8966
99.9273
99.2913
99.7982
99.9271
99.3927
99.9241
99.9193
99.8422
99.9788
99.8283
99.9427
99.4554
99.3778
99.827
99.8946
99.9582
99.8033
99.8254
99.5947
99.8939
99.8928
99.4317
99.858
99.9568
99.9287
99.8974
99.8713
99.5982
99.882
99.963
99.937
99.9446
99.9538
99.9151
99.8066
99.9509
99.4389
99.8233
99.9794
99.3265
99.9688
99.9353
99.9564
99.4196
99.922
99.9262
99.884
99.9447
99.4238
99.5566
99.4198
99.5275
99.8838
99.7298
99.9698
99.8937
99.6251
99.9305
99.9165
99.3033
99.713
99.8801
99.9147
99.625
99.6124
99.7518
99.9468
99.9332
99.9489
99.9298
99.3562
99.7401
99.7986
99.7247
99.422
99.9009
99.9129
99.8888
99.9625
99.6597
99.445
99.9001
99.9709
99.8884
99.9356
99.7639
99.8656
99.797
99.9573
99.9266
99.9103
99.8189
99.3572
99.8021
99.9394
99.909
99.6882
99.3175
99.7384
99.7044
99.8223
99.7952
99.581
99.7992
99.6524
99.7497
99.9065
99.9163
99.8906
99.9438
99.6083
99.5649
99.9186
99.7523
99.956
99.8909
99.9868
99.8441
99.9102
99.8901
99.9544
99.834
99.9204
99.5994
99.9572
99.9559
99.9296
99.8531
99.8878
99.8934
99.7884
99.637
99.9897
99.8507
99.912
99.922
99.8285
99.8756
99.8823
99.7858
99.9728
99.8885
99.8558
99.807
99.4644
99.9128
99.9063
99.9324
99.9217
99.9191
99.9161
99.305
99.3872
99.937
99.7324
99.1658
99.8862
99.8373
99.6897
99.8043
99.7952
99.6111
99.9534
99.6369
97.7051
99.7016
99.7553
99.8992
99.6815
99.4197
99.8027
99.9061
99.5997
99.9164
99.9318
99.7374
99.6245
99.9
99.9084
99.9456
99.9325
99.7643
99.7411
99.8904
99.5888
99.9154
99.8345
99.6396
99.9178
99.6853
99.9292
99.9202
99.7495
99.9309
99.9215
99.4237
99.9534
99.9102
99.9314
99.8989
99.971
99.6759
99.8974
99.9231
99.7993
99.3848
99.4147
99.9629
99.737
99.959
99.9267
99.7079
99.2293
99.8987
99.8414
99.3524
99.9175
99.8959
99.8137
99.961
99.6074
99.4438
99.8806
99.9095
97.7822
99.9412
99.9187
99.8947
99.9197
99.8635
99.9319
99.8761
99.7117
99.9598
99.9318
99.4519
99.9268
99.9543
99.645
99.9367
99.8974
99.7198
99.9784
99.9573
99.3618
99.6593
99.9561
99.8615
99.6185
99.9536
99.9118
99.2695
99.9481
99.8189
99.9079
99.8765
99.8967
99.8524
99.8839
99.8082
99.6532
99.6689
99.9794
99.9621
99.4846
99.907
99.9029
99.8013
99.9244
99.8616
99.7628
99.911
99.7548
99.8268
