99.7955
99.5726
99.889
99.9432
99.7511
99.9404
99.6361
99.883
99.9562
99.9635
99.9215
99.3375
99.8812
99.8324
99.9515
99.9491
99.9081
99.9453
99.8827
99.9849
99.7903
98.6253
99.9347
99.7975
99.976
99.8645
99.8262
99.9624
99.8175
99.8914
99.9543
99.869
99.974
99.7328
99.7773
99.9097
99.9012
99.9449
99.923
99.9747
99.9131
99.8939
99.9056
99.804
99.044
99.2753
99.8923
99.9256
99.896
99.9533
99.905
99.8913
99.9364
99.8475
99.9207
99.9245
99.9459
99.7893
99.9307
99.9397
99.8508
99.859
99.5248
99.8067
99.9566
99.8861
99.8858
99.6989
99.4198
99.9516
99.9524
99.8895
99.8381
99.9175
99.6809
99.6986
99.7895
99.8981
99.7687
99.9525
99.802
99.8815
99.9341
99.8654
98.597
99.908
99.8816
99.8529
99.9368
99.5924
99.9087
99.7426
99.3227
99.9366
99.9524
99.8465
99.924
99.8549
99.8858
99.8652
99.863
99.9183
99.6068
99.9235
99.8183
99.9049
99.9118
99.791
99.6798
99.9598
99.9262
99.8907
99.9805
99.9558
99.6072
99.9575
99.7052
99.6643
99.8965
99.871
99.9384
99.4774
99.8769
99.9709
99.4933
99.3234
99.9231
99.9109
99.9542
99.3905
99.9339
99.9296
99.9165
99.8923
99.9317
99.6953
99.6595
99.9589
99.925
99.856
99.844
99.7473
99.9723
99.5268
99.9077
99.9187
99.8064
99.904
99.4628
99.9041
99.8907
99.6152
99.9749
99.8064
99.8783
99.9116
99.7836
99.388
99.7002
99.3837
99.8973
99.9641
99.2386
99.933
99.9155
99.8229
99.6074
99.3582
99.9159
99.9091
99.907
99.8645
99.5784
99.6645
99.9266
99.973
99.9395
99.5997
99.6287
99.3111
99.8291
99.9408
99.7975
99.9479
99.9493
99.9498
99.9265
99.9538
99.5964
99.9189
99.4359
99.611
99.7554
99.8653
99.3647
99.9238
99.8634
99.8981
99.924
99.9282
99.8889
99.9343
99.9178
99.9395
99.8733
99.8363
99.9497
99.7814
99.6611
99.8673
99.9838
99.8335
99.9523
99.6491
99.7992
99.8358
99.7552
99.934
99.337
99.927
99.9045
99.3033
99.9635
99.9589
99.8936
99.4513
99.8068
99.9355
99.9319
99.8299
99.9181
99.9029
99.1667
99.9344
99.9284
99.8101
99.8934
99.9159
99.9186
99.9058
99.775
99.9501
99.8599
99.8669
99.9035
99.7597
99.9144
99.6476
99.3634
99.8984
99.9252
99.601
99.2833
99.9141
99.7391
99.9235
99.8496
99.2807
99.9472
99.8145
99.9482
99.6889
99.7534
99.8177
99.8677
99.8835
99.9042
99.9527
99.8967
99.9233
99.5798
99.9054
99.8983
99.3074
99.7584
99.1831
99.7187
99.9484
99.8451
99.4242
99.7346
99.4859
99.9329
99.9436
99.8895
99.9736
99.875
99.9531
99.8967
99.841
99.9208
99.9452
98.9907
99.9556
98.9393
99.4257
99.5581
99.8932
99.7771
99.9271
99.9006
99.8551
99.4307
99.3507
99.6299
99.876
99.9524
99.9162
99.8743
99.5034
99.8256
99.9091
99.9389
99.6492
99.9493
99.5602
99.9135
99.7092
99.7434
99.335
99.9145
99.9301
99.9528
99.7573
99.9469
99.8786
99.871
99.8795
99.8989
99.9503
99.7919
99.7472
99.9213
99.6478
99.8982
99.9441
99.7627
99.8368
99.95
99.9709
99.8776
99.8294
99.8951
99.9544
99.6981
99.5686
99.9539
99.3332
99.7747
99.8156
99.8803
99.6428
99.9214
99.8164
99.9208
99.9304
99.8323
99.9515
99.6933
99.9565
99.8998
99.6468
99.5609
99.7394
99.3593
99.9118
99.603
99.9598
99.8081
99.9185
99.7291
99.9325
99.8911
99.9777
99.9157
99.9008
99.8771
99.4123
99.9201
99.9291
99.9147
99.3774
99.4152
99.9037
99.9298
99.6397
99.975
99.6485
99.9023
99.5493
99.637
99.9799
99.9159
99.9492
99.8684
99.9468
99.5337
99.8981
99.9085
99.4798
99.4713
99.9335
99.8542
99.9338
99.9432
99.9432
99.9353
99.3151
99.6092
99.9373
99.1181
99.9501
99.7419
99.6161
99.3494
99.8902
99.9284
99.9172
99.9675
99.901
99.5127
99.9216
99.9374
99.9355
99.9231
99.7741
99.8631
99.9234
99.8767
99.9295
99.8613
99.8484
99.8846
99.6732
99.8687
99.9119
99.919
99.9771
99.8774
99.9152
99.9391
99.6444
99.9023
99.8827
99.9061
99.8734
99.9511
99.6584
99.5517
99.3369
99.4937
99.9657
99.636
99.9373
99.9223
99.9733
99.924
99.9364
99.6457
99.8689
99.5027
99.8027
98.8026
99.9521
99.9533
99.9185
99.5084
99.9065
99.8731
99.9397
99.7175
99.7212
99.9548
99.8421
99.918
99.9017
99.8796
99.3057
99.7758
99.9062
99.9
99.9138
99.8829
99.7997
99.1107
99.8824
99.9631
99.9357
99.3795
99.9544
99.7801
99.9255
99.9276
99.8241
99.9295
99.9146
99.7931
99.4387
99.9429
99.8857
99.9056
99.218
99.8987
99.9445
99.4268
99.8217
99.7498
99.8998
99.8844
99.9558
99.305
99.4613
99.9328
99.9588
99.9221
99.9226
99.4712
99.9405
99.7861
99.8529
99.9352
99.8893
99.6312
99.9325
99.6925
99.812
99.7336
99.742
99.6467
99.5778
99.9213
99.9427
99.7661
99.9621
99.8708
99.9398
99.9018
99.9573
99.9159
99.8419
99.8793
99.3502
99.9268
99.9609
99.9475
99.9479
99.7988
99.9306
99.8473
99.6206
99.9811
99.3396
99.8685
99.9603
99.6936
99.8877
99.9261
99.8169
99.5907
99.8598
99.9328
99.7689
99.8261
99.1459
99.7617
99.9473
99.8887
99.9412
99.4884
99.9255
99.7979
99.8748
99.8855
99.9159
99.8596
99.8733
99.727
99.8802
99.6279
99.8091
99.9345
99.1336
99.9323
99.882
99.8786
99.3825
99.5979
99.8359
99.7229
99.8529
99.8756
99.7329
99.8033
99.9265
99.717
99.9289
99.8556
99.927
99.884
99.9371
99.917
99.8019
99.9304
99.9566
99.9511
99.9416
99.7631
99.2735
99.8257
99.8793
99.8682
99.5506
99.6228
99.9555
99.9476
99.9012
99.9247
99.9243
99.2194
99.8133
99.9173
99.8177
99.3169
99.3695
99.3141
99.8623
99.9118
99.9234
99.8977
99.9002
99.9488
99.924
99.849
99.8702
99.9559
99.7883
99.9593
99.9408
99.9081
99.8993
99.6935
99.5427
99.9497
99.8201
99.8516
99.4248
99.9165
99.6042
99.9408
99.7853
99.8925
99.9414
99.8899
99.8647
99.4386
99.9428
99.9543
99.2843
99.8729
99.8531
99.9572
99.8682
99.7561
99.9604
99.554
99.8244
99.6145
99.9269
99.6209
99.7625
99.355
99.9098
99.9696
99.89
99.9774
99.5915
99.675
99.4519
99.8865
99.9025
99.9596
99.7903
99.7749
99.8838
99.676
99.918
99.7713
99.8129
99.7879
99.6208
99.5299
99.7814
99.9475
99.9041
99.8228
99.7721
99.9231
99.9021
99.9363
99.5901
99.958
99.4956
99.633
99.8831
99.2607
99.8596
99.7855
99.7998
99.9022
99.8998
99.789
99.9366
99.8673
99.87
99.8092
99.9135
99.9014
99.669
99.9053
99.9037
99.8753
99.8972
99.9002
99.7896
99.9591
99.9539
99.9367
99.8265
99.9285
99.951
99.4197
99.9001
99.9459
99.7821
99.9435
99.7501
99.9375
99.9487
99.9614
99.7937
99.9373
99.9174
99.2963
99.8253
99.9048
99.9591
99.9521
99.7752
99.9343
99.9121
99.9355
99.9269
99.3223
99.9092
99.6311
99.8955
99.9018
99.9054
99.8663
99.8997
99.2442
99.7478
99.8718
99.7348
99.9075
99.7651
99.9547
99.9216
99.9519
99.5128
99.9053
99.7606
99.8576
99.9104
99.659
99.8155
99.5696
99.7771
99.9626
99.8619
99.9182
99.1288
99.0833
99.1774
99.8536
99.8575
99.8367
99.882
99.937
99.9371
99.8558
99.9445
99.9356
99.7174
99.8247
99.9767
99.6197
99.9147
99.9191
99.9499
99.9344
99.9262
99.9831
99.2463
99.9487
99.8261
99.9496
99.884
99.9508
99.873
99.9233
99.9233
99.8591
99.89
99.7563
99.784
99.7464
99.9208
99.6238
99.6907
99.9096
99.8249
99.2834
99.9184
99.1629
99.9401
99.9504
99.9474
99.8268
99.9443
99.9645
99.9536
99.911
99.9651
99.7396
99.4014
99.969
99.8738
99.3162
99.9462
99.8469
99.9445
99.9276
99.756
99.9647
99.9358
99.912
99.7474
99.7981
99.874
99.9558
99.8979
99.7572
99.9717
99.9205
99.9073
99.7705
99.9208
99.8214
99.8917
99.9235
99.9334
99.871
99.4417
99.4285
99.9212
99.9089
99.9012
99.2945
99.9141
99.9108
99.6387
99.5105
99.8714
99.9237
99.8962
99.7561
99.9226
99.9279
99.9315
99.8231
99.853
99.9661
99.5936
99.883
99.9723
99.8323
99.8849
99.9407
99.9684
99.8867
99.6334
99.3919
99.4847
99.81
99.7667
99.9551
99.9502
99.9376
99.1323
99.9688
99.9133
99.5545
99.917
99.8826
99.8634
99.9056
99.1047
99.919
99.8788
99.9409
99.8316
99.9514
99.9722
99.8992
99.4605
99.8703
99.7601
99.8972
99.4341
99.9375
99.3476
99.7509
99.9212
99.9247
99.9668
99.9416
99.5112
99.856
99.922
99.8879
99.3778
99.9367
99.9117
99.7556
99.9071
99.9273
99.2212
99.92
99.899
99.8077
99.8272
99.9612
99.973
99.9584
99.7486
99.4674
99.9289
99.5904
99.9218
99.8634
99.9437
99.907
99.9609
99.7571
99.7835
99.7676
99.8884
99.8771
99.9226
99.8406
99.305
99.2659
99.9125
99.7116
99.9357
99.9461
99.9147
99.5773
99.9031
99.6304
99.9015
99.9418
99.7105
99.9356
99.1301
99.977
99.5689
99.9482
99.9529
99.9118
99.8392
99.9462
99.9151
99.9365
99.385
99.8387
99.9061
99.9716
99.9457
99.9479
99.8514
99.7967
99.9247
99.9479
99.6383
99.7967
99.8839
99.8982
99.9533
99.8735
99.8594
99.9199
99.5264
99.9743
99.9547
99.9335
99.8227
99.9051
99.8117
99.8867
99.84
99.6375
99.8629
99.7887
99.9495
99.8538
99.9738
99.9165
99.8813
99.8366
99.9094
99.274
99.7898
99.3503
99.3108
99.8308
99.5341
99.9757
99.9658
99.9434
99.6002
99.9459
99.9091
99.9039
99.7153
99.9119
99.9361
99.2937
99.8314
99.9571
99.872
99.9106
99.9758
99.8132
99.9151
99.3608
99.8788
99.9218
99.7925
99.899
99.9331
99.911
99.972
99.9227
99.4746
99.1809
99.7519
99.9176
99.7517
99.7379
99.9142
99.8969
99.4684
99.929
99.927
99.9636
99.9179
99.8436
99.6782
99.718
99.4126
99.9422
99.4225
99.8214
99.9427
99.8957
99.5826
99.9209
99.8144
99.802
99.6638
99.9043
99.8729
99.679
99.6184
99.8878
99.9151
99.4554
99.8904
99.8395
99.9262
99.9505
99.8463
99.9568
99.9499
99.9094
99.6954
99.943
99.9478
99.9677
99.9304
99.7962
99.9545
99.9525
99.9041
99.9443
99.5344
99.8086
99.9122
99.3625
99.9426
99.7953
99.51
99.8947
99.7636
99.5915
99.8752
99.872
99.9217
99.7194
99.9541
99.7262
99.8969
99.3494
99.9677
99.5697
99.9524
99.8971
99.7896
99.794
99.8407
99.8098
99.8348
99.9762
99.9034
99.8455
99.8298
99.9661
99.9028
99.9188
99.895
99.9429
99.5934
99.7051
99.9792
99.6325
99.9329
99.873
99.971
98.8367
99.93
99.9305
99.9189
99.8587
99.9363
99.9275
99.8012
99.8053
99.3786
99.5774
99.8688
99.8031
99.8276
99.9126
99.9352
99.9681
99.9585
99.3122
99.6806
99.2854
99.7656
99.6653
99.8993
99.9372
99.4545
99.3511
99.7779
99.4943
99.9361
99.9328
99.9179
99.9188
99.7465
99.8552
99.9246
99.812
99.2
99.6384
99.8804
99.9126
99.9087
99.9218
99.9719
99.6016
99.937
99.8711
99.9588
99.8784
99.7322
99.9417
99.66
99.9444
99.9757
99.9018
99.9305
99.9402
99.9262
99.7667
99.7152
99.8858
99.8223
99.7433
99.4481
99.9542
99.7728
99.9334
99.8809
99.6966
99.9411
99.9074
99.9531
99.7922
99.877
99.7555
99.9304
99.8223
99.7968
99.9327
99.893
99.8369
99.9112
99.9114
99.4088
99.8808
99.949
99.8956
99.095
99.9354
99.7787
99.9231
99.8523
99.9622
99.6302
99.9068
99.7157
99.6467
99.9606
99.9502
99.634
99.9527
99.6275
99.6455
99.2942
99.9178
99.7175
99.9442
99.8639
99.6241
99.9411
99.9302
99.9086
99.3331
99.637
99.9645
99.6784
99.3396
99.7757
99.8722
99.739
99.5161
99.3458
99.8904
99.9308
99.8074
99.8538
99.9065
99.8995
99.3495
99.9173
99.6703
99.8976
99.8945
99.8579
99.5977
99.9551
99.9116
99.9158
99.9444
99.3427
99.7119
99.6785
99.8409
99.7865
99.8025
99.9018
99.7433
99.6196
99.8971
99.9448
99.9364
99.9441
99.9275
99.9377
99.9015
99.9061
99.8291
99.9331
99.8048
99.9424
99.9322
99.9302
99.327
99.781
99.8091
99.9176
99.7051
99.9119
99.9304
99.9543
99.5273
99.8946
99.7996
99.9753
99.9517
99.8011
99.9333
99.9159
99.9443
99.6485
99.6292
99.9284
99.3578
99.9289
99.6315
99.891
99.8342
99.9632
99.8026
99.9423
99.9776
99.7987
99.0998
99.9257
99.9428
99.8968
99.7973
99.3098
99.9792
99.8871
99.7876
99.428
99.9304
99.7802
99.9484
99.682
99.9005
99.9293
99.928
99.3547
99.8433
99.8743
99.9171
99.864
99.8606
99.4075
99.9084
99.6381
99.6931
99.9162
99.8476
99.5186
99.9653
99.9153
99.3052
99.5233
99.9386
99.9476
99.4384
99.8998
99.5537
99.9065
99.873
99.9332
99.8121
99.1549
99.6247
99.8573
99.9026
99.812
99.9542
99.4446
99.8804
99.9652
99.8333
99.896
99.983
99.8817
99.6923
99.3066
99.9042
99.9055
99.9018
99.8381
99.7713
99.5978
99.6509
99.9638
99.8801
99.7542
99.9583
99.9383
99.7916
99.8389
99.9264
99.8956
99.901
99.9709
99.7289
99.8464
99.5792
99.8647
99.5547
99.3593
99.8922
99.8309
99.8917
99.7957
99.9255
99.516
99.871
99.8925
99.5481
99.8438
99.8249
99.6684
99.6156
99.6801
99.9132
99.7859
99.7098
99.724
99.9676
99.9476
99.9077
99.9214
99.9338
99.919
99.9765
99.9416
99.9225
99.9809
99.2993
99.9237
99.7631
99.9579
99.8993
99.6472
99.9452
99.9295
99.6754
99.8592
99.1656
99.9142
99.8869
99.9525
99.3725
99.9761
99.9571
99.9079
99.9565
99.9544
99.6572
99.96
99.8983
99.9004
99.691
99.9126
99.9455
99.7992
99.9163
99.9236
99.7477
99.9648
99.8206
99.9538
99.746
99.8246
99.3379
99.7513
99.861
99.299
99.8755
99.6685
99.9076
99.8738
99.8466
99.8464
99.9329
99.9209
99.879
99.8327
99.6595
99.965
99.9538
99.805
99.9279
99.7661
99.6641
99.947
99.9482
99.7212
99.6952
99.9539
99.8025
99.9319
99.4153
99.9308
99.9338
99.8355
98.7856
99.867
99.4078
99.9558
99.9398
99.885
99.9128
99.9008
98.8422
99.7712
99.8766
99.938
99.932
99.3079
99.9288
99.3335
99.9622
99.911
99.8111
99.6816
99.5582
99.958
99.9
99.9058
99.9606
99.4735
99.606
99.4365
99.8975
99.9094
99.9112
99.3997
99.9636
99.174
99.8379
99.9637
99.7994
99.9335
99.9251
99.771
99.9351
99.952
99.9061
99.9461
99.849
99.8831
99.8126
99.7501
99.9423
99.8105
99.9174
99.8681
99.8574
99.757
99.9144
99.9338
99.6865
99.9176
99.6584
99.8976
99.5836
99.7637
99.9532
99.8575
99.9379
99.4446
99.375
99.8203
99.9172
99.9241
99.9229
99.8307
99.854
99.942
99.4277
99.9488
99.8553
99.7907
99.3193
99.7792
99.8018
99.9039
99.9065
99.8839
99.9684
99.8556
99.9578
99.8605
99.9126
99.5279
99.8
99.8915
99.6212
99.9035
99.838
99.9027
99.9503
99.9446
99.8995
99.4138
99.7957
99.8157
99.5426
99.9035
99.8932
99.9453
99.7953
99.9668
99.915
99.7183
99.6272
99.7992
99.6975
99.9199
99.4603
99.8541
99.8763
99.9333
99.8092
99.9614
99.893
99.8079
99.9513
99.7348
99.9534
99.5479
99.8471
99.8939
99.8924
99.8493
99.1339
99.9584
99.9141
99.9205
99.84
99.8836
99.9211
99.9421
99.7349
99.6105
99.7187
99.888
99.9236
99.9285
99.8891
99.94
99.9382
99.7886
99.919
99.7065
99.6974
99.3351
99.91
99.4666
99.9485
99.9627
99.7934
99.8988
99.9684
99.7966
99.8607
99.921
99.9734
99.9289
99.622
99.9226
99.9449
99.781
99.8785
99.2386
99.8809
99.9434
99.4039
99.8229
99.9373
99.8716
99.9909
99.8935
99.2055
99.9604
99.5834
99.9407
99.2841
99.939
98.8407
99.8226
99.8901
99.9112
99.9674
99.9483
99.9353
99.9219
99.9558
99.9371
99.9005
99.8668
99.5859
99.4541
99.9396
99.9808
99.8877
99.9669
99.7287
99.322
99.7648
99.9493
99.7898
99.7369
99.9211
99.7877
99.9483
99.9333
99.8646
99.8996
99.8905
99.9507
99.901
99.8262
99.9055
99.8596
99.9296
99.7649
99.919
99.873
99.3938
99.7384
99.941
99.7963
99.8851
99.877
99.8376
99.4065
99.9931
99.8537
99.9227
99.5296
99.7199
99.9484
99.7803
99.8122
99.8592
99.6702
99.8699
99.9579
99.9554
99.8918
99.907
99.833
99.9297
99.8575
99.8911
99.893
99.8672
99.8824
99.7389
99.6223
99.7895
99.8799
99.9467
99.9126
99.9352
99.5916
99.218
99.8645
99.8968
99.453
99.951
99.8769
99.6301
99.9227
99.9335
99.9795
99.7559
99.8766
99.9627
99.691
99.9127
99.9019
99.9437
99.8549
99.8487
99.4257
99.9178
99.9511
99.4459
99.4844
99.942
99.8836
99.6181
99.3405
99.2574
99.9348
99.9236
99.912
99.8953
99.8945
99.8126
99.9717
99.8802
99.6651
99.9039
99.5685
99.9682
99.902
99.9319
99.2272
99.9001
99.9592
99.9175
99.8722
99.9617
99.9176
99.8813
99.8948
99.8161
99.9548
99.9463
99.7815
99.9399
99.5169
99.9072
99.9561
99.8657
99.8076
99.9238
99.2173
99.9297
99.9654
99.7983
99.3605
99.911
98.7443
99.856
99.7092
99.8965
99.6449
99.9494
99.8506
99.9432
99.9476
99.7502
99.858
99.9719
99.3916
99.9114
99.9108
99.9427
99.9755
99.9324
99.9593
99.9019
99.4354
99.9067
99.9291
99.9766
99.7582
99.9039
99.6386
99.9725
99.9499
99.9338
99.557
99.9706
99.8753
99.8676
99.9188
99.9106
99.9005
99.67
99.919
99.9649
99.8319
99.6029
99.9364
99.8625
99.5126
99.871
99.9682
99.8464
99.4149
99.9111
99.9244
99.9257
99.957
99.9707
99.9331
99.7689
99.6904
99.9323
99.8995
99.7165
99.9339
99.9523
99.9023
99.9672
99.9358
99.8272
99.9776
99.8509
99.9316
99.9612
99.8539
99.9315
99.8779
99.909
99.8981
98.7505
99.892
99.7439
99.9038
99.8928
99.8368
99.9103
99.3348
99.9501
99.9481
99.9644
99.8692
99.7567
99.9284
99.925
99.9868
99.8686
99.9126
99.9603
99.9121
99.864
99.9314
99.8723
99.9429
99.6607
99.5453
99.237
99.6444
99.8665
99.8699
99.9048
99.9156
99.8868
99.9446
99.7808
99.934
99.9097
99.8731
99.9063
99.8382
99.9582
99.9329
99.7698
99.3169
99.8705
99.946
99.9288
99.3862
99.6132
99.6099
99.8904
99.9557
99.7447
99.79
99.9512
99.9508
99.9561
99.6895
99.8976
99.8967
99.8879
99.8968
99.3882
99.908
99.8714
99.9051
99.9044
99.9407
99.9216
99.8381
99.9117
99.7839
99.9286
99.9018
99.8932
99.6081
99.9222
99.8706
99.8977
99.8763
99.9111
99.9466
99.8922
99.9715
99.943
99.8563
99.9173
99.6303
99.6992
99.3214
99.8213
99.9214
99.8412
99.8949
99.9023
99.3393
99.4093
99.9022
99.9487
99.3493
99.9519
99.6395
99.8474
98.889
99.9182
99.9347
99.7799
99.4379
99.8981
99.9381
99.7114
99.9046
99.8966
99.8021
99.9135
99.7423
99.6361
99.9713
99.9704
99.9256
99.9804
99.9025
99.744
99.6277
99.9438
99.7079
99.8569
99.3751
99.8688
99.8945
99.8037
99.5615
99.8652
99.6254
99.7643
99.922
99.9054
99.9403
99.9727
99.1769
99.8106
99.4065
99.5894
99.4495
99.9205
99.932
99.9275
99.1774
99.9457
99.7603
99.9104
99.6802
99.8054
99.9617
99.9064
99.5189
99.7559
99.7943
99.7748
99.7714
99.6358
99.9473
99.924
99.4438
99.8348
99.8127
99.9344
99.3541
99.9568
99.923
99.1424
99.9435
99.3752
99.9257
99.958
99.8844
99.9504
99.7614
99.8769
99.6076
99.9658
99.8909
99.7714
99.9346
99.9067
99.8404
99.9154
99.8853
99.5655
99.9119
99.8989
99.9251
99.931
99.5038
99.8768
99.8789
99.9148
99.3259
99.2304
99.9532
99.9404
99.8896
99.8891
99.4193
99.9645
99.9556
99.3592
99.9075
99.6773
99.7689
99.6913
99.7324
99.8692
99.9456
99.955
99.9373
99.9163
99.7571
99.8952
99.8941
99.9541
99.9589
99.8821
99.8544
99.884
99.8948
99.4815
99.9474
99.8846
99.5251
99.8043
99.921
99.9597
99.9266
99.7712
99.9364
99.9343
99.9293
99.8073
99.9133
99.8339
99.845
99.9126
99.9588
99.5123
99.8329
99.7181
99.6882
99.6845
99.9292
99.9064
99.2973
99.802
99.914
99.9201
99.9471
99.8876
99.9494
99.854
99.9074
99.4545
99.7787
99.9261
99.9706
99.6621
98.938
99.8227
99.7805
99.8724
99.9209
99.5669
99.8918
99.3925
99.444
99.9459
99.9501
99.2979
99.8752
99.3736
99.8805
99.9906
99.9466
99.7427
99.9288
99.8939
99.8541
99.8795
99.9696
99.8788
99.7787
99.8832
99.9595
99.9239
99.6946
99.876
99.7647
99.9777
99.5546
99.7965
99.8901
99.915
99.6608
99.7504
99.8857
99.7883
99.9191
99.793
99.9381
99.9088
99.9471
99.9418
99.9009
99.9211
99.3001
99.8866
99.9003
99.7311
99.6126
99.8919
99.9569
99.9035
99.4848
99.9601
99.9045
99.9456
99.8873
99.5295
99.9554
99.992
99.4458
99.9614
99.6255
99.9387
99.777
99.136
99.7753
99.5985
99.68
99.2596
99.9589
99.7828
99.9395
99.6177
99.9272
99.8794
99.9794
99.7169
99.9084
99.95
99.9361
99.7492
99.6238
99.7787
99.9794
99.0657
99.8839
99.9662
99.9064
99.5655
99.9061
99.7263
99.6022
99.8352
99.9218
99.759
99.7889
99.8346
99.8034
99.8798
99.6215
99.9221
99.9137
99.9388
99.9897
99.9485
99.4613
99.9534
99.9146
99.8936
99.9337
99.931
99.921
99.8428
99.5658
99.9714
99.8893
99.9256
99.6794
99.7498
99.7493
99.6952
99.876
99.9416
99.9139
99.5985
99.6778
99.5104
99.963
99.6176
99.9339
99.936
99.7499
99.7244
99.0829
99.9339
99.8459
99.9493
99.8638
99.6839
99.9413
99.9347
99.3154
99.9127
99.8937
99.9042
99.827
99.859
99.9588
99.893
99.8827
99.9221
99.8709
99.8916
99.7658
99.9626
99.9447
99.9361
99.246
99.8689
99.9601
99.9784
99.9151
99.9013
99.3123
99.6037
99.8608
99.9354
99.9203
99.5594
99.9667
99.9419
99.8959
99.9317
99.6323
99.9681
99.9332
99.8813
99.9311
99.8481
99.9083
99.7754
99.9413
99.7953
99.8435
99.9303
99.6972
99.6014
99.9556
99.6709
99.7985
99.9396
99.8937
99.6406
99.7488
99.915
99.8203
99.585
99.8281
99.8552
99.7875
99.9045
99.1316
99.9005
99.7383
99.9565
99.8874
99.8788
99.77
99.9284
99.9053
99.9359
99.3528
99.9315
99.7633
99.7563
99.9338
99.4204
99.9226
99.9465
99.8326
99.8955
99.6647
99.9424
99.9213
99.9378
99.7938
99.9508
99.4507
99.8965
99.9039
99.65
99.9714
99.8037
99.9365
99.9717
99.9321
99.4141
99.5129
99.9022
99.8545
99.7954
99.8735
99.81
99.765
99.9691
99.7891
99.933
99.9338
99.9067
99.99
99.7065
99.9461
99.9069
99.7663
99.9472
99.8683
99.8955
99.9662
99.6628
99.7973
99.5695
99.6413
99.603
99.9041
99.8022
99.951
99.6392
99.9588
99.9025
99.8208
99.8602
99.9432
99.5309
99.4906
99.9712
99.9781
99.8785
99.8842
99.659
99.9129
99.9689
99.359
99.8804
99.8091
99.9562
99.8808
99.9691
99.9098
99.9169
99.7937
99.9249
99.9085
99.8311
99.966
99.0918
99.8872
99.435
99.6608
99.6062
99.9195
99.94
99.7658
99.9415
99.7433
99.9551
99.5545
99.697
99.7021
99.9117
99.9433
99.9046
99.7793
99.8886
99.8657
99.2594
99.8979
99.0099
99.9265
99.9347
99.9198
99.6986
99.9239
99.6399
99.9606
99.7303
99.9132
99.89
99.9052
99.9702
99.887
99.5384
99.9374
99.9556
99.7044
99.7161
99.8908
99.9379
99.9501
99.6757
99.7634
99.8352
99.7487
99.8719
99.9385
99.7928
99.8529
99.907
99.9017
99.9715
99.952
99.8516
99.9197
99.8213
99.9351
99.8249
99.9418
99.8997
99.7417
99.6479
99.9431
99.8865
99.8492
99.9268
99.9319
99.9099
99.8948
99.0449
99.959
99.9562
99.8021
99.8356
99.5624
99.7082
99.9513
99.9246
99.4424
99.9118
99.5007
99.502
99.6778
99.9288
99.7653
99.9196
99.3726
99.8574
99.9196
99.9556
99.944
99.2275
99.6486
99.8998
99.6299
99.7834
99.921
99.9076
99.9041
99.8902
99.8178
99.8595
99.9119
99.7961
99.6792
99.9399
99.965
99.9521
99.9307
99.8807
99.9028
99.9319
99.8184
99.7652
99.6046
99.9344
99.9421
99.8982
99.9373
99.9214
99.9208
99.8839
99.2332
99.901
99.4908
99.8892
99.9568
99.8898
99.9062
99.8915
99.6949
99.7731
99.929
99.966
99.8792
99.917
99.9063
99.5238
99.8363
99.6726
99.8793
99.8172
99.8636
99.8928
99.9363
99.814
99.7231
99.9089
99.911
99.6171
99.9266
99.9
99.8359
99.9365
99.9457
99.8728
99.8114
99.9377
99.9481
99.8623
99.6469
99.8149
99.8245
99.9475
99.9242
99.5766
99.8303
99.9563
99.3125
99.9535
99.9418
99.7746
99.7806
99.7325
99.8978
99.4447
99.9072
99.89
99.8497
99.7645
99.0018
99.9474
99.7802
99.9098
99.3083
99.9288
99.9531
99.919
99.7209
99.9431
99.9245
99.6818
99.7123
99.8988
99.6104
99.8553
99.9249
99.9329
99.8286
99.9785
99.8832
99.9147
99.885
99.5881
99.7747
99.8012
99.9384
99.902
99.8829
99.8941
99.8563
99.9434
99.9426
99.2541
99.9012
99.932
99.7448
99.6136
99.7644
99.8422
99.9491
99.8699
99.9156
99.9725
99.8835
99.2689
99.9332
99.9203
99.9284
99.8684
99.9177
99.8688
99.8729
99.5802
99.8954
99.9647
99.6378
99.8464
99.9598
99.9211
99.7819
99.8738
99.9784
99.8575
99.946
99.8478
99.9435
99.4311
99.8167
99.1161
99.9707
99.8862
99.6075
99.945
99.9318
99.8369
99.8387
99.7641
99.9732
99.9473
99.8115
99.4049
99.6481
99.8447
99.9795
99.5993
99.934
99.9195
99.913
99.9568
99.8052
99.9855
99.5318
99.8019
99.6889
99.2342
99.8991
99.764
99.9808
99.3958
99.3551
99.9323
99.9345
99.2872
99.9234
99.8889
99.925
99.7901
99.9526
99.5955
99.8926
99.9539
99.8888
99.7242
99.9467
99.9204
99.97
99.9329
99.6563
99.819
99.9245
99.6435
99.9525
99.8863
99.8106
99.9343
99.6783
99.8765
99.4668
99.8725
99.5668
99.8976
99.3503
99.9096
99.9296
99.9157
99.7394
99.9858
99.7008
99.9185
99.8664
99.8983
99.825
99.6937
99.638
99.8781
99.8919
99.4329
99.9435
99.8935
99.7689
99.9429
99.174
99.908
99.7848
99.9219
99.9135
99.8252
99.7125
99.3527
99.9246
99.849
99.9547
99.4678
99.4608
99.933
99.903
99.2923
99.8979
99.6653
99.1017
99.2797
99.613
99.582
99.9084
99.6288
99.8944
99.9386
99.5888
99.837
99.7418
99.6864
99.9302
99.8953
99.7831
99.9368
99.9352
99.9091
99.433
99.8646
99.8968
99.8285
99.9348
99.3862
99.9576
99.9641
99.1336
99.939
99.8213
99.9501
99.341
99.9541
99.9029
99.335
99.8862
99.9141
99.9435
99.3834
99.7932
99.9035
99.9249
99.892
99.902
99.9696
99.7139
99.8092
99.9011
99.9424
99.9202
99.7638
99.9429
99.7496
99.9385
99.9252
99.9283
99.9055
99.6674
99.7984
99.5192
99.91
99.6813
99.8965
99.915
99.894
99.6497
99.8823
99.8987
99.3727
99.964
99.6208
99.9278
99.9677
99.5286
99.7548
99.8671
99.9678
99.9261
99.9706
99.5215
99.6233
99.9376
99.9305
99.7297
99.9369
99.7571
99.9315
99.8083
99.6615
99.9144
99.7878
99.8941
99.7793
99.9487
99.3593
99.8578
99.6485
99.8397
99.8762
99.9388
99.9494
99.6921
99.9329
99.8647
99.8609
99.9303
99.8477
99.9399
99.92
99.911
99.9535
99.4246
99.9444
99.743
99.9872
99.8867
99.5423
99.8668
99.6356
99.9246
99.9426
99.8925
99.9487
99.7826
99.9555
99.916
99.8418
99.5766
99.9231
99.9139
99.6397
99.9082
99.9219
99.8532
99.9656
99.9523
99.8823
99.8782
99.8727
99.7142
99.9428
99.9265
99.9081
99.6132
99.9367
99.8631
99.7085
99.8126
99.7766
99.9491
99.9609
99.9302
99.879
99.3334
99.944
99.9322
99.9067
99.2472
99.7764
99.9349
99.6738
99.7957
99.967
99.9585
99.1893
99.9559
99.5705
99.6022
99.6379
99.3091
99.9008
99.8372
99.9762
99.9585
99.944
99.8659
99.9456
99.7398
99.9272
99.9251
99.8085
99.9393
99.9032
99.8718
99.8842
99.9309
99.7982
99.8777
99.9125
99.899
99.8382
99.9523
99.8164
99.9044
99.3154
99.6722
99.3786
99.9705
99.7407
99.9501
99.3859
99.9379
99.3309
99.9068
99.3397
99.3086
99.6223
99.743
99.8898
99.9294
99.7523
99.7007
99.6357
99.8031
99.8684
99.6859
99.9045
99.6744
99.702
99.6448
99.9212
99.9273
99.9579
99.6647
99.923
99.8636
99.8653
99.9218
99.9178
99.9059
99.8369
99.8249
99.5947
99.1006
99.8225
99.8673
99.547
99.3303
99.7739
99.9513
99.9113
99.5881
99.7604
99.9068
99.6005
99.9014
99.6152
99.6715
99.8532
99.9001
99.7613
99.9614
99.3106
99.8926
99.899
99.9233
99.9382
99.9388
99.9195
99.7641
99.9558
99.2945
99.9247
99.8233
99.9285
99.7159
99.8439
99.9111
99.8886
99.9398
99.9004
99.9313
98.8047
99.6258
99.9384
99.1551
99.8847
99.9336
99.9539
99.7758
99.1251
99.9426
99.9512
99.9196
99.9419
99.924
99.8746
99.9596
99.8888
99.9212
99.7873
99.8871
99.8062
99.8836
99.8611
99.8739
99.9182
99.3608
99.9078
99.7118
99.9558
99.4699
99.9171
99.7731
99.9518
99.8024
99.9234
99.5748
99.9463
99.3903
99.9315
99.9362
99.4123
99.7213
99.9457
99.6976
99.9043
99.2753
99.8801
99.9042
99.9266
99.967
99.9641
99.8759
99.174
99.5211
99.911
99.8775
99.3596
99.8301
99.9667
99.4179
99.8119
99.7968
99.8146
99.3787
99.8716
99.9136
99.9458
99.9148
99.82
99.4812
99.9098
99.3392
99.8406
99.7515
99.8706
99.9449
99.429
99.7163
99.896
99.9017
99.5994
99.0196
99.9766
99.2079
99.8985
99.8818
99.5642
99.8648
99.364
99.8766
99.9001
99.8633
99.8822
99.7455
99.2582
99.5364
99.9334
99.5829
99.949
99.9321
99.972
99.955
99.7364
99.9216
99.8939
99.9363
99.9007
99.735
99.8952
99.3063
99.8982
99.9227
99.6046
99.8644
99.9277
99.4191
99.9361
99.9387
99.9278
99.9227
99.6556
99.9025
99.9474
99.6804
99.2806
99.8977
99.9386
99.9068
99.8215
99.9672
99.8553
99.6845
99.8836
99.9624
99.6031
99.9907
99.7712
99.9546
99.9149
99.935
99.9462
99.9407
99.9419
99.9656
99.7523
99.9216
99.2844
99.762
99.9227
99.9424
99.9325
99.9252
99.7814
99.9127
99.9669
99.8962
99.4435
99.7989
99.4038
99.8874
99.9143
99.8077
99.4101
99.9185
99.6094
99.9096
99.8419
99.9273
99.8928
99.8658
99.7053
99.9033
99.8091
99.7047
99.9538
99.9725
99.8657
99.3201
99.8691
99.4145
99.8825
99.8369
99.9697
99.9672
99.9168
99.7657
99.7784
99.8556
99.7561
99.4884
99.729
99.8573
99.9757
99.8713
99.2592
99.9034
99.9264
99.4941
99.8809
99.8898
99.9253
99.363
99.8893
99.9573
99.9136
99.9082
99.8772
99.9741
99.9805
99.9132
99.7753
99.9028
99.9081
99.9435
99.8292
99.7713
99.9514
99.9379
99.9384
99.9207
99.4833
99.9142
99.4253
99.9464
99.9483
99.6813
99.9459
99.4061
99.8772
99.2789
99.9679
99.9303
99.9472
99.9297
99.7466
99.8192
99.9669
99.972
99.8278
99.8996
99.1999
99.817
99.5163
99.8709
99.8878
99.9678
99.9255
99.6892
99.7964
99.9495
99.7419
99.9441
99.8667
99.8815
99.3369
99.9131
99.7801
99.7916
99.7405
99.3832
99.7932
99.7935
99.3918
99.7908
99.9526
99.9608
99.8329
99.8928
99.8042
99.9644
99.7169
99.915
99.7982
99.8857
99.7883
99.9042
99.8613
99.8551
99.8482
99.9176
99.738
99.3473
99.8633
99.9328
99.5665
99.8041
99.9775
99.9369
99.8551
99.3819
99.8785
99.2919
99.9293
99.8406
99.9696
99.8876
99.4667
99.9037
99.9267
99.984
99.8876
99.9154
99.7845
99.878
99.9503
99.9279
99.8575
99.8408
99.8066
99.9366
99.7249
99.9259
99.8415
99.9464
99.4736
99.8537
99.7398
99.329
99.9755
99.2332
99.9044
99.876
99.8646
99.7374
99.6492
99.9513
99.9721
99.1128
99.7609
99.8035
99.932
99.7915
99.5382
99.9331
99.6459
99.9491
99.6994
99.9647
99.8982
99.4802
99.6845
99.7474
99.7956
99.8641
99.9564
99.8233
99.7057
99.7354
99.6662
99.8862
99.7798
99.7869
99.7619
99.8984
99.9618
99.9435
99.8015
99.8778
99.7246
99.9127
99.8937
99.4838
99.936
99.6855
99.9465
99.8477
99.9216
99.2196
99.5869
99.4992
99.9067
99.7815
99.9185
99.9543
99.8656
99.9486
99.9216
99.8139
99.8508
99.9123
99.8944
99.9331
99.9114
99.8774
99.9613
99.2668
99.9193
99.7563
99.4107
99.9265
99.4268
99.6489
99.916
99.5512
99.7719
99.2966
99.8069
99.9542
99.9099
99.8788
99.8325
99.8783
99.9351
99.9374
99.9185
99.9149
99.933
99.9174
99.9137
99.9588
99.3231
98.8161
99.9544
99.911
99.7681
99.2325
99.5667
99.9382
99.9015
99.7753
99.9394
99.5945
99.8545
99.9351
99.9394
99.8009
99.5243
99.9176
99.9
99.9364
99.9529
99.9757
99.7884
99.787
99.7256
99.9195
99.9394
99.9156
99.9253
99.8656
99.9138
99.9345
99.8268
99.6051
99.7892
99.9568
99.7113
99.9307
99.7815
99.9225
99.7718
99.8795
99.3965
98.6928
99.897
99.5826
99.9125
99.3797
99.9126
99.9188
99.8639
99.8996
99.8809
99.9018
99.2668
99.9366
99.8225
99.8777
99.815
99.9453
99.7358
99.9217
99.7815
99.8888
99.9491
99.9348
99.9158
99.4047
99.9288
99.9334
99.4495
99.8334
99.8531
99.8426
99.8843
99.9596
99.8002
99.8295
99.9645
99.5359
99.5638
99.3497
99.9305
99.9539
99.8814
99.948
99.9324
99.3527
99.7467
99.8233
99.9249
99.9011
99.165
99.9021
99.9645
99.8919
99.7958
99.9776
99.8943
99.3262
99.9326
99.7775
99.653
99.9204
99.9465
99.945
99.8509
99.9385
99.7921
99.7612
99.9764
99.9746
99.4002
99.9724
99.8958
99.9013
99.9522
99.7978
99.9222
99.7765
99.9122
99.2478
99.3756
99.4621
99.9462
99.8795
99.9427
99.9062
99.9484
99.9481
99.8952
99.9792
99.6153
99.8021
99.9002
99.9058
99.9495
99.7747
99.8823
99.4488
99.8189
99.7952
99.9248
99.444
99.9127
99.924
99.8772
99.9299
99.7907
99.8574
99.8931
99.4024
99.9482
99.6777
99.892
99.567
99.9078
99.954
99.8937
99.7213
99.7207
99.9377
98.7552
99.7539
99.867
99.7983
99.939
99.933
99.8963
99.8414
99.9191
99.9508
99.719
99.901
99.746
99.7538
99.289
99.836
99.8722
99.9223
99.9449
99.9242
99.9536
99.8182
99.7238
99.9208
99.9455
99.886
99.3359
99.5385
99.8735
99.8206
99.9071
99.9402
99.8902
99.9551
99.9511
99.9467
99.7409
99.8734
99.9351
99.8893
99.2493
99.9607
99.8055
99.9291
99.4418
99.8915
99.9048
99.942
99.946
99.9422
99.9125
99.9441
99.9003
99.7913
99.716
99.9126
99.869
99.9289
99.9685
99.7047
99.5362
99.3911
99.7357
99.8916
99.7978
99.9437
99.8059
99.8856
99.9451
99.885
99.8862
99.8795
99.9514
99.578
99.8277
99.892
99.8164
99.1769
99.8349
99.4996
99.9607
99.9227
99.8851
99.8795
99.8688
99.7096
99.8832
99.9064
99.9387
99.8864
99.9217
99.8909
99.289
99.8961
99.9257
99.7825
99.9011
99.9435
99.9239
99.5472
99.762
99.9796
99.0807
99.9398
99.9715
99.9471
99.9046
99.9615
99.8833
99.9222
99.7241
99.9027
99.8609
99.9554
99.9725
99.923
99.8334
99.9442
99.9334
99.9373
99.701
99.857
99.6844
99.7198
99.8544
99.8535
99.502
99.5658
99.9316
99.9367
99.8954
99.9585
99.9055
99.964
99.9328
99.3714
98.904
99.9189
99.9408
99.7967
99.9535
99.5594
99.4818
99.6163
99.4112
99.8659
99.4559
99.8815
99.7242
99.8013
99.914
99.9111
99.7781
99.7918
99.9135
99.8541
99.9544
99.9429
99.8934
99.3672
99.7545
99.8238
99.8362
99.9518
99.6497
99.2375
99.917
99.9209
99.9294
99.7867
99.8966
99.358
99.9354
99.4554
99.8851
99.701
99.8966
99.9298
99.9712
99.9158
99.9596
99.948
99.988
99.9591
98.8489
99.632
99.8046
99.9442
99.9304
99.8358
99.8733
99.9321
99.9247
99.7582
99.7038
99.8605
99.9401
99.9017
99.4237
99.877
99.6347
99.9014
99.7907
99.9614
99.9012
99.8598
99.8936
99.9715
99.9355
98.8508
99.8747
99.9438
99.9101
99.9366
99.8935
99.5512
99.8013
99.9531
99.83
99.7987
99.8124
99.6367
99.9161
99.9272
99.912
99.8293
99.7511
99.8947
99.9547
99.8639
99.7779
99.426
99.8751
99.8512
99.9643
99.8922
99.6468
99.9264
99.1153
99.3546
99.8545
99.9704
99.9514
99.9472
99.6881
99.9396
99.9547
99.7812
99.8262
99.338
99.6009
99.9568
99.9247
99.9413
99.9629
99.598
99.8071
99.7963
99.9599
99.9727
99.9333
99.8712
99.9364
99.9082
99.7708
99.8942
99.9006
99.8823
99.8389
99.6585
99.9458
98.7838
99.8769
99.8742
99.9408
99.5831
99.9003
99.9777
99.946
99.9473
99.6648
99.924
99.864
99.9585
99.886
99.9562
99.7953
99.8863
99.8965
99.8397
99.9333
99.6903
99.7435
99.951
99.9228
99.9028
99.9354
99.7466
99.019
99.8159
99.4118
99.4331
99.934
99.9166
99.906
99.8952
99.5983
99.9617
99.6818
99.3763
99.2289
99.8926
99.9172
99.76
99.8816
99.9133
99.9574
99.7365
99.9285
99.9526
99.9475
99.9433
99.9753
99.925
99.9244
99.8066
99.922
99.9403
99.5158
99.8744
99.8109
99.8527
99.7175
99.9229
99.7032
99.8857
99.3536
99.897
99.9009
99.9453
99.7882
99.5937
99.9421
99.7798
99.9499
99.8718
99.9365
99.9348
99.9087
99.9227
99.7479
99.911
99.9663
99.5475
99.6069
99.926
99.9537
99.9108
99.4461
99.9235
99.9811
99.7894
99.9313
99.9608
99.9413
99.6995
99.8963
99.4194
99.964
99.6981
99.9284
99.4549
99.8524
99.9492
99.8504
99.9633
99.7648
99.9255
99.8765
99.9555
99.75
99.8262
99.9214
99.3825
99.9291
99.5454
99.9315
99.9381
99.9442
99.8973
99.6302
99.7867
99.426
99.9277
99.9051
99.9077
99.9267
99.3752
99.4658
99.7493
99.841
99.6197
99.7238
99.9433
99.8617
99.9281
99.8021
99.7074
99.9421
99.8493
99.912
99.1692
99.4121
99.5934
99.3466
99.5551
99.9076
99.9025
99.6567
99.9175
99.8658
99.863
99.7944
99.923
99.9129
99.9607
99.9092
99.9491
99.5843
99.5586
99.9339
99.8957
99.8328
99.7653
99.7804
99.7152
99.4008
99.893
99.7275
99.9088
99.8469
99.4567
99.3793
99.8799
99.9674
99.9207
99.9768
99.9503
99.9187
99.8243
99.5682
99.7867
99.9327
99.3813
99.9371
99.9508
99.0749
99.4629
99.3745
99.9019
99.7585
99.9133
99.9135
99.8732
99.9019
99.2798
99.7929
99.3705
99.8181
99.859
99.8773
99.7362
99.7671
99.5901
99.9534
99.9562
99.9566
99.9371
99.9128
99.9335
99.8608
99.7881
99.1769
99.6823
98.7541
99.9291
99.8878
99.8917
99.8232
99.7106
99.8395
99.917
99.9505
99.9513
99.9381
99.8754
99.7253
99.9222
99.0499
99.9418
99.2753
99.9028
99.9013
99.7018
99.908
99.6697
99.9614
99.899
99.5997
99.7907
99.2776
99.7718
99.958
99.924
99.9015
99.8583
99.6958
99.9695
99.7926
99.903
99.963
99.9836
99.9316
99.893
99.9019
99.9325
99.4408
99.9247
99.9268
99.9526
99.6033
99.8502
99.8645
99.8938
99.8158
99.9296
99.9863
99.659
99.683
99.862
99.9595
99.9364
99.6989
99.6652
99.8297
99.9139
99.9842
99.9365
99.8048
99.9232
99.8771
99.9049
99.9744
99.8936
99.9567
99.8505
99.9371
99.9069
99.7196
99.9387
99.7874
99.9622
99.7058
99.9632
99.916
99.9591
99.8591
99.9193
99.756
99.9508
99.9669
99.7218
99.9569
99.837
99.2766
99.5956
99.9057
99.9188
99.9265
99.8121
99.9491
99.7859
99.8334
99.93
99.9439
99.8749
99.6493
99.6803
99.4257
99.701
99.8806
99.9499
99.9586
99.6897
99.9514
99.772
99.8055
99.7715
99.7174
99.9051
99.9809
99.9111
99.7791
99.9694
99.3569
99.8407
99.9257
99.8838
99.9316
99.8736
99.9104
99.8977
99.9178
99.874
99.7175
99.3548
99.9771
99.9809
99.9192
99.3175
99.9605
99.5783
99.9567
99.8976
99.7025
99.8941
99.8976
99.9163
99.4026
99.6947
99.913
99.7888
99.7876
99.9641
99.7572
99.9466
99.9065
99.9343
99.4076
99.9232
99.7591
99.7377
99.9588
99.9733
99.7
99.906
99.6055
99.979
99.796
99.9631
99.7175
99.7628
99.9778
99.8877
99.9089
99.9469
99.8532
99.3603
99.9375
99.8757
99.961
99.8994
99.9493
99.8965
99.8734
99.7423
99.7876
99.872
99.5296
99.9223
99.9337
99.9727
99.3802
99.9019
99.5963
99.776
99.9484
99.9071
99.3051
99.9389
99.4707
99.9632
99.86
99.9532
99.7725
99.7176
99.3342
99.9246
99.91
99.9234
99.9734
99.3268
99.669
99.2892
99.9734
99.8974
99.911
99.9198
99.8765
99.5153
99.8758
99.7368
99.8937
99.9062
99.9104
99.9323
99.9521
99.8712
99.7498
99.7925
99.4249
99.9139
99.9339
99.1901
99.9266
99.5985
99.9105
99.7508
99.8713
99.9084
99.7509
99.2654
99.9718
99.8615
99.5361
99.9527
99.4679
99.8589
99.3458
99.7953
99.895
99.9003
99.9388
99.9714
99.9695
99.9903
99.691
99.816
99.8434
99.7657
99.9215
99.9001
99.7695
99.9312
99.4612
99.9114
99.8652
99.7856
98.9682
99.6047
99.9684
99.8181
99.9059
99.8016
99.9369
99.932
99.951
99.859
99.9238
99.9301
99.9443
99.9183
99.5559
99.913
99.7817
99.957
99.9424
99.7998
99.9334
99.7188
99.8886
99.6042
99.9151
99.9567
99.7198
99.9578
99.8723
99.7334
99.9275
99.8014
99.9277
99.9088
99.8447
99.7108
99.949
99.9232
99.876
99.9211
99.9722
99.9713
99.735
99.9603
99.8777
99.9082
99.2793
99.2925
99.9102
99.4462
99.8586
99.5909
99.9108
99.7097
99.8976
99.9208
99.9517
99.9351
99.8837
99.9547
99.9365
99.6605
99.8946
99.946
99.918
99.6903
99.9555
99.7144
99.9143
99.9228
99.9624
99.7798
99.891
99.9219
99.7764
99.3913
99.9149
99.4495
99.9412
99.8534
99.8807
99.9348
99.8568
99.8183
99.9236
98.9874
99.9364
99.9064
99.5713
99.9325
99.4085
99.9213
99.3238
99.6529
99.9486
99.8733
99.7877
99.8039
99.8716
99.9409
99.7507
99.9295
99.9395
99.7277
99.903
99.7443
99.9383
99.4171
99.975
99.9198
99.9317
99.9462
99.2541
99.6282
99.9679
99.9299
99.8497
99.8945
99.6564
99.8721
99.9053
99.8927
99.9633
99.8915
99.4887
99.923
99.968
99.7773
99.8932
99.947
99.8929
99.9697
99.904
99.796
99.7799
99.6395
99.8642
99.4798
99.8716
99.954
99.9147
99.8919
99.6937
99.8843
99.8125
99.9343
99.9299
99.968
99.9532
99.9351
99.9062
99.9384
99.5914
99.9434
99.9181
99.8441
99.9017
99.334
99.836
99.9251
99.9272
99.9408
99.9755
99.934
99.8202
99.534
99.8761
99.9194
99.6183
99.3748
99.3206
99.8969
99.9455
99.9577
99.3485
99.9039
99.651
99.904
99.8242
99.8389
99.9422
99.9404
99.8656
99.741
99.9617
99.4564
99.8185
99.98
99.9243
99.7676
99.8871
99.8903
99.7551
98.7429
99.8338
99.9627
99.9089
99.8218
99.6585
99.8443
99.9096
99.749
99.0153
99.4338
99.7907
99.7602
99.4886
99.9671
99.8954
99.9065
99.9518
99.7857
99.9308
99.9127
99.9481
98.7661
99.828
99.7669
99.9289
99.7169
99.9251
99.7311
99.8734
99.5473
99.5876
99.8752
99.441
99.9745
99.9532
99.9469
99.9397
99.8873
99.7937
99.9615
99.5886
99.7685
99.9604
99.9251
99.6079
99.3142
99.619
99.9348
99.3592
99.7294
99.89
99.9204
99.9189
99.4196
99.3081
99.6599
99.9075
99.7063
99.7529
99.6387
99.7295
99.9035
99.5793
99.9128
99.9123
99.931
99.9293
99.791
99.8242
99.2558
99.8578
99.9512
99.8724
99.8655
99.8173
99.7703
99.7921
99.6425
99.9241
99.9313
99.6037
99.9535
99.8934
99.9485
99.9617
99.9244
99.8463
99.8625
99.9248
99.9307
99.812
99.803
99.5769
99.7819
99.5763
99.8535
99.2401
99.9199
99.8473
99.276
99.312
99.3104
99.6442
99.9595
99.9332
99.8709
99.389
99.8214
99.8553
99.9505
99.9538
99.9682
99.9473
99.8748
99.518
99.7781
99.3974
99.9638
99.2995
99.962
99.8328
99.9785
99.9041
99.9668
99.9626
99.8098
99.7677
99.9304
99.3016
99.829
99.315
99.927
99.9286
99.8365
99.4897
99.9766
99.9541
99.8378
99.8192
99.8675
99.8938
99.8629
99.4558
99.6844
99.9012
99.9248
99.8932
99.9172
99.9219
99.4665
99.8861
99.9388
99.8123
99.9558
99.8872
99.7768
99.8403
99.8471
99.4529
99.9328
99.9107
99.9141
99.7753
99.6113
99.7095
99.7201
99.9724
99.5824
99.4082
99.6968
99.9275
99.8622
99.8875
99.898
99.5544
99.8688
99.9556
99.7
99.9185
99.6112
99.2684
99.4368
99.935
99.3016
99.8934
99.9206
99.8643
99.9028
99.9361
99.9303
99.9631
99.8968
99.8763
99.2436
99.337
99.8963
99.8623
99.9166
99.7896
99.9717
99.9605
99.87
99.32
99.7426
99.8803
99.4732
99.8651
99.9587
99.33
99.8091
99.8299
99.6358
99.9278
99.845
99.9426
99.2424
99.1676
99.3909
99.8245
99.8733
99.9449
99.9267
99.2261
99.9567
99.7619
99.8778
99.9382
99.3989
99.8935
99.9508
99.939
99.9625
99.9424
99.8866
99.7405
99.8497
99.8973
99.7166
99.7272
99.9722
99.6367
99.9258
99.7927
99.9334
99.9477
99.7415
99.8554
99.9477
99.8776
99.9051
99.9202
99.8596
99.9
99.6456
99.9475
99.9189
99.8696
99.4306
99.3611
99.9339
99.8307
99.7597
99.8875
99.9534
99.5307
99.9773
99.7496
99.9813
99.9825
99.8766
99.7599
99.9309
99.7581
99.9631
99.905
99.9282
99.9316
99.9186
99.9163
99.8993
99.8944
99.8951
99.9223
99.9052
99.8
99.9308
99.2724
99.9215
99.9142
99.9078
99.9443
99.9539
99.8213
99.6932
99.5763
99.8074
99.9035
99.9528
99.3586
99.9461
99.8673
99.4606
99.912
99.657
99.9147
99.9167
99.8788
99.9202
99.8159
99.9597
99.702
99.7984
99.8092
99.2576
99.9585
99.7017
99.9092
99.351
99.8877
99.9269
99.8461
99.9117
99.8974
99.8257
99.7513
99.8875
99.894
99.9606
99.9035
99.6779
99.9438
99.804
99.9594
99.8961
99.9253
99.975
99.8764
99.8786
99.905
99.7815
99.7854
99.9552
99.408
99.9342
99.7067
99.7619
99.8629
99.1577
99.52
99.9308
99.8567
99.762
99.9214
99.3612
99.8859
99.7384
99.8766
99.8531
99.1339
99.6611
99.9138
99.9644
99.9118
99.7171
99.6395
99.9433
99.8701
99.885
99.8989
99.7979
99.9033
99.7948
99.7067
99.9056
99.9283
99.7597
99.9278
99.7347
99.785
99.8981
99.803
99.8216
99.6262
99.9418
99.8961
99.711
99.8655
99.7495
99.9387
99.9096
99.8959
99.9234
99.9605
99.9532
99.9491
99.9814
99.8751
99.8084
99.8679
99.8005
99.8937
99.6925
99.6093
99.9424
99.7868
99.9551
99.6193
99.9299
99.9135
99.9458
99.8649
99.9596
99.8841
99.8015
99.8925
99.7713
99.9525
99.9472
99.6455
99.4954
99.8994
99.8011
99.9328
99.7544
99.8929
99.4045
99.3322
99.9153
99.9029
99.9126
99.9318
99.5738
99.868
99.9184
99.7702
99.9083
99.9316
99.4393
99.9512
99.9686
99.7785
99.7783
99.7834
99.7589
99.8528
99.45
99.8821
99.9499
99.7736
99.9077
99.892
99.2914
99.8887
99.3355
99.9059
99.6103
99.555
99.5994
99.8798
99.4275
99.9388
99.9756
99.9674
99.9096
99.955
99.4603
99.9264
99.8276
99.7255
99.6865
99.1586
99.5079
99.352
99.9504
99.8916
99.9052
99.9393
99.9127
99.7985
99.9443
99.9423
99.9165
99.9086
99.4364
99.9628
99.9044
99.6753
99.9444
99.9303
99.793
99.948
99.9127
99.6675
99.8085
99.6717
99.6057
99.9478
99.2992
99.9067
99.9479
99.754
99.9498
99.6491
99.5018
99.8526
99.9729
99.6314
99.8833
99.8892
99.7201
99.7998
99.6986
99.3798
99.6574
99.8562
99.975
99.9589
99.8357
99.6032
99.8595
99.9257
99.7071
99.5578
99.8791
99.9719
99.8663
99.611
99.7069
99.8046
99.9795
99.9229
99.613
99.3943
99.3273
99.9504
99.8667
99.8755
99.876
99.9079
99.9278
99.6846
98.8288
99.9179
99.6366
99.912
99.7938
99.8676
99.2926
99.8052
99.9722
99.8952
99.8953
99.3257
99.938
99.9068
99.9466
99.9364
99.7989
99.8142
99.8636
99.542
99.9608
99.9224
99.8924
99.9316
99.4619
99.9212
99.664
99.6841
99.8323
99.7644
99.6004
99.827
99.9618
99.9383
99.9856
99.8078
99.8738
99.5847
99.5866
99.9194
99.6706
99.8412
99.8863
99.8539
99.782
99.8514
99.907
99.9464
99.5608
99.9365
99.9427
99.8749
99.4033
99.6189
99.9396
99.6748
99.8606
99.9103
99.8251
99.8709
99.4823
99.9273
99.9297
99.9369
99.8306
99.8619
99.9691
99.9223
99.8999
99.9319
99.9299
99.9138
99.9761
99.9619
99.887
99.9789
99.9397
99.9266
99.0083
99.935
99.954
99.9838
99.3141
99.9461
99.7872
99.4493
99.9595
99.9687
99.9665
99.2994
99.9276
99.9318
99.8954
99.6677
98.7762
99.7742
99.8562
99.7946
99.9204
99.9051
99.9356
99.8999
99.9438
99.8481
99.9033
99.9529
99.7694
99.1148
99.7472
99.9296
99.9109
99.7802
99.9174
99.9535
99.8185
99.9115
99.9268
99.4207
99.9618
99.9305
99.9566
99.7104
99.8918
99.8526
99.924
99.8751
99.8353
99.725
99.9192
99.7559
99.932
99.7828
99.8912
99.7433
99.9071
99.8777
99.7822
99.8634
99.8395
99.6005
99.9261
99.8629
99.9206
99.4512
99.8171
99.9767
99.8977
99.9316
99.8634
99.9184
99.9374
99.6882
99.9015
99.9612
99.7222
99.8675
99.7993
99.3206
99.9512
99.6189
99.6333
99.9243
99.9221
99.8759
99.7435
99.2648
99.9174
99.9509
99.7534
99.6143
99.9448
99.939
99.9165
99.8919
99.8978
99.8812
99.9131
99.9021
99.7431
99.8964
99.9217
99.3183
99.3745
99.7425
99.6893
99.8004
99.8794
99.7321
99.3585
99.7799
99.8969
99.7169
99.9229
99.9503
99.8746
99.8941
99.9446
99.8896
99.7553
99.9494
99.9176
99.8986
99.9103
99.3892
99.4789
99.8187
99.9125
99.9632
99.7851
99.6532
99.7189
99.6077
99.922
99.8969
99.9067
99.8797
99.9298
99.7448
99.1404
99.9274
99.6922
99.791
99.9364
99.978
99.6336
99.8993
99.7227
99.3545
99.9021
99.829
99.8571
99.4423
99.7421
99.8716
99.9751
99.8867
99.5533
99.529
99.7246
99.9344
99.8689
99.4916
99.871
99.9101
99.9384
99.9478
99.427
99.8993
99.8964
99.9136
99.9604
99.4906
99.786
99.7802
99.7735
99.9411
99.9602
99.4528
99.9639
99.5974
99.8558
99.971
99.5395
99.9216
99.976
99.8328
99.7965
99.9549
99.864
99.9351
99.944
99.8836
99.9022
99.9323
99.9126
99.8651
99.8982
99.8606
99.9781
99.4355
99.747
99.7752
99.9218
99.9288
99.9699
99.9184
99.2123
99.8771
99.9474
99.8969
99.919
99.9423
99.8456
99.5826
99.8983
99.9384
99.9647
99.7191
99.9393
99.4045
99.7682
99.8819
99.9136
99.8595
99.7692
99.8617
99.9136
99.7491
99.9133
99.8891
99.6461
99.9326
99.9011
99.9558
99.8136
99.6777
99.94
99.3698
99.9144
99.8111
99.9404
99.5624
99.3945
99.2414
99.8955
99.9361
99.952
99.9216
99.6456
99.9066
99.9627
99.9545
99.3219
99.9045
99.9549
99.7737
99.952
99.8013
99.4142
99.7427
99.9057
99.7322
99.3189
99.736
99.7828
99.7835
99.924
99.9474
99.9257
99.8691
99.3785
99.9499
99.8886
99.7356
99.9159
98.8186
99.901
99.7833
99.9411
99.8758
99.966
99.5533
99.9396
99.9704
99.7374
99.8571
99.715
99.6652
99.7637
99.1609
99.3698
99.32
99.8799
99.8403
99.7945
99.9055
99.8596
99.2527
99.913
99.7664
99.9669
99.9042
99.9089
99.7019
99.6656
99.9831
99.9591
99.9342
99.8967
99.9665
99.4908
99.3819
99.952
99.2803
99.8658
99.4116
99.9045
99.967
99.3169
99.5336
99.9144
99.9619
99.8995
99.9308
99.7176
99.9639
99.5774
99.9341
99.9226
99.856
99.7902
99.9396
99.9027
99.9258
99.9299
99.7771
99.9389
99.8382
99.9066
99.9204
99.2855
99.438
99.9194
99.9477
99.9374
99.7322
99.9345
99.9622
99.9175
99.9242
99.651
99.9253
99.8768
99.6999
99.9133
99.6908
99.935
99.4007
99.8897
99.8911
99.6158
99.821
99.7671
99.7715
99.9451
99.9219
99.7309
99.8629
99.9571
99.8055
99.5615
99.8629
99.9305
99.9484
99.6441
99.9129
99.9009
99.9468
99.6125
99.8849
99.9164
99.9125
99.8889
99.7038
99.9485
99.9629
99.7435
99.9025
99.8968
99.8569
99.8991
99.9041
99.6667
99.9166
99.828
99.6031
99.9411
99.6832
99.2058
99.9707
99.9249
99.9151
99.4039
99.977
99.8903
99.9018
99.9165
99.1521
99.9153
99.5213
99.9195
99.8897
99.8853
99.6449
99.9599
99.894
99.9113
99.916
99.4312
99.858
99.9495
99.9421
99.8994
99.9268
99.9081
99.9558
99.8857
99.7131
99.9396
99.7005
99.9044
99.9595
99.9669
99.5283
99.9206
99.9402
99.9104
99.8495
99.9274
99.8545
99.8437
99.9084
99.8248
99.9044
99.9704
99.3717
99.3189
99.9514
99.8589
99.6232
99.5956
99.916
99.7304
99.7833
99.8853
99.756
99.9534
99.9302
99.9494
99.9326
99.9381
99.9207
99.7735
99.8618
99.8896
99.8461
99.7754
99.8108
99.4164
99.8626
99.8003
99.8029
99.9154
99.9017
99.9705
99.6455
99.8552
99.9563
99.7276
99.8224
99.936
99.8997
99.9853
99.7334
99.9645
99.936
99.8912
99.603
99.7975
99.7597
99.9373
99.7759
99.8679
99.9597
99.3628
99.8095
99.9625
99.8167
99.9777
99.909
99.9338
99.9543
99.9199
99.6309
99.9522
99.8346
99.853
99.3944
99.883
99.3925
99.8766
99.9456
99.9275
99.9548
99.9571
99.8184
99.9129
99.8945
99.8948
99.9457
99.9002
99.6386
99.2429
99.8389
99.138
99.8647
99.7847
99.9671
99.9528
99.9207
99.9515
99.9305
99.9479
99.834
99.7126
99.2458
99.6048
99.6505
99.8347
99.9222
99.9443
99.4444
99.8585
99.8208
99.9198
99.9256
99.7857
99.3292
99.972
99.7388
99.8908
99.9194
99.8974
99.8823
99.3272
99.9613
99.9474
99.8896
99.8441
99.9209
99.7326
99.9303
99.9009
99.9067
99.8569
99.9439
99.9304
99.9098
99.9358
99.9028
99.9222
99.9375
99.9574
99.7752
99.1853
99.9044
99.3079
99.3497
99.9285
99.9912
99.9503
99.9298
99.8186
99.9537
99.8466
99.6909
99.9354
99.5352
99.8871
99.796
99.4648
99.87
99.9314
99.752
99.9628
99.86
99.8959
99.8887
99.5859
99.7367
99.4443
99.4281
99.8906
99.7314
99.8928
99.8874
99.928
99.8305
99.9594
99.0436
99.4165
99.2767
99.9346
99.883
98.5981
99.2152
99.9241
99.6378
99.7802
99.8823
99.9491
99.4032
99.8994
99.6661
99.6111
99.7415
99.9344
99.1773
99.9351
99.5872
99.9084
99.7417
99.8276
99.9621
99.7984
99.893
99.8962
99.2787
99.7143
99.9109
99.7716
99.9197
99.9583
99.74
99.9637
99.8914
99.94
99.9527
99.8776
99.9002
99.0647
99.6119
99.9573
99.1983
99.7973
99.8952
99.9333
99.928
99.5268
99.9423
99.9336
99.3389
99.9301
99.3755
99.8204
99.8827
99.4015
99.8973
99.6215
99.927
99.8858
99.8414
99.8817
99.6111
99.682
99.3924
99.7812
99.2432
99.8034
99.8935
99.826
99.9152
99.9652
99.9543
99.9185
99.9424
99.9514
99.3735
99.7838
99.228
99.9496
99.2959
99.6679
99.9137
99.9472
99.9319
99.9252
99.5507
99.8007
99.9633
99.9542
99.7902
99.8276
99.9414
99.9167
99.5296
99.7199
99.6585
99.946
99.5405
99.4973
99.9426
99.7411
99.831
99.8556
99.5231
99.8524
99.8646
99.9223
99.8925
99.9408
99.834
99.836
99.8751
99.167
99.8696
99.8889
99.3819
99.877
99.7512
99.9535
99.9408
99.8568
99.9354
99.98
99.8959
99.8645
99.94
99.8776
99.7976
99.9505
99.922
99.8955
99.79
99.7691
99.7661
99.5529
99.9298
99.9206
99.9535
99.388
99.5845
99.9539
99.8741
99.7439
99.9638
99.8329
99.9488
99.8671
99.849
99.9232
99.7729
99.9171
99.9116
99.4651
99.6381
99.9048
99.1676
99.9243
99.8351
99.7927
99.914
99.8591
99.9059
99.9248
99.89
99.5038
99.9015
99.94
99.9413
99.9217
99.9325
99.4837
99.9564
99.5073
99.7579
99.8581
99.6595
99.9548
99.8925
99.6696
99.8574
99.8686
99.7414
99.9876
99.1794
99.9322
99.9042
99.9072
99.8955
99.7146
99.3766
99.8093
99.5036
99.8152
99.9655
99.9713
99.8138
99.8795
99.9388
99.9014
99.9115
99.237
99.8881
99.9271
99.8424
99.114
99.7156
99.9102
99.6181
99.8226
99.444
99.9326
99.6019
99.8978
99.8544
98.7755
99.8852
99.9654
99.9825
99.9436
99.9536
99.9568
99.8863
99.9406
99.3188
99.8944
99.8856
99.4795
99.9398
99.7721
99.6524
99.9775
99.955
99.5836
99.9751
99.9318
99.8814
99.9437
99.91
99.5602
99.942
99.7928
99.8414
99.973
99.9403
99.2621
99.957
99.8594
99.7931
99.9267
99.9145
99.6364
99.874
99.9067
99.7819
99.6197
99.9231
99.9348
99.9109
99.9405
99.9249
99.7393
99.8592
99.9126
99.9538
99.9291
99.8736
99.9336
99.2299
99.6112
99.9665
99.8768
99.8874
99.8779
99.7802
99.9705
99.944
99.917
99.6249
99.9882
99.5847
99.8864
99.8327
99.8365
99.8989
99.8039
99.6867
99.9062
99.6355
99.7609
99.9665
99.9093
99.9724
99.6954
99.9448
99.312
99.2335
99.8923
99.9859
99.8211
99.9057
99.7903
99.923
99.8411
99.9483
99.9398
99.2945
99.9277
99.9395
99.7604
99.8684
99.9117
99.936
99.7833
99.9661
99.9563
99.8226
99.7571
99.2206
99.7427
99.9691
99.9627
99.9572
99.8995
99.8888
99.9011
99.9466
99.8933
99.942
99.9272
99.764
99.8482
99.8707
99.899
99.6126
99.6671
99.9031
99.9267
99.8797
99.9423
99.749
99.7058
99.9046
99.6497
99.9308
99.9325
99.9376
99.9177
99.5964
99.8827
99.9639
99.9099
99.6108
99.5863
99.8407
99.9354
99.5264
99.859
99.3612
99.9042
99.92
99.8728
99.8714
99.9529
99.8406
99.8975
99.9403
99.9386
99.9017
99.8686
99.9599
99.7963
99.8977
99.8469
99.7446
99.837
99.7842
99.8344
99.9273
99.9838
99.8564
99.9551
99.9001
99.925
99.791
99.9425
99.9038
99.9358
99.5998
99.7568
99.6314
99.5615
99.9199
99.6677
99.9544
99.6385
99.944
99.9395
99.6588
99.3515
99.5741
99.5538
99.9084
99.9374
99.6322
99.3607
99.8991
99.9716
99.8447
99.9122
99.6745
99.7483
99.7791
99.3932
99.5362
99.9675
99.7488
99.3167
99.6324
99.8026
99.9071
99.8381
99.8104
98.8121
99.9807
99.9539
99.9197
99.929
99.9308
99.9017
99.9137
99.8727
99.9182
99.934
99.8221
99.9545
99.8238
99.9014
99.9442
99.8896
99.8187
99.9162
99.638
99.6641
99.8133
99.8611
99.9108
99.1704
99.8964
99.8876
99.872
99.3473
99.9719
99.896
99.9515
99.9251
99.7848
99.8871
99.4954
99.4921
99.9472
99.7922
99.8439
99.9511
99.7428
99.938
99.9636
99.8763
99.9378
99.9288
99.8972
99.8414
99.8112
99.7484
99.5185
99.8289
99.9172
99.8001
99.88
99.9537
99.9541
99.9055
99.8792
99.9367
99.9095
99.9726
99.9619
99.7689
99.9262
99.9289
99.3507
99.9048
99.8746
99.9083
99.9348
99.855
99.8828
98.967
99.6592
99.9106
99.7908
99.6651
99.9303
99.8787
99.9226
99.9337
99.9801
99.7388
99.3787
99.9578
99.8337
99.9211
99.8953
99.9046
99.6133
99.9298
99.7155
99.8055
99.7885
99.7234
99.8973
99.5536
99.9266
99.901
99.2206
99.7776
99.9107
99.8702
99.7814
99.9053
99.9264
99.8827
99.6241
99.9539
99.8958
99.3548
99.7797
99.1168
99.6417
99.9477
99.7309
99.9003
99.9288
99.9554
99.9213
99.9077
99.5224
99.9559
99.7554
99.8475
99.925
99.9256
99.954
99.9324
99.892
99.9104
99.9274
99.7621
99.981
99.9121
99.3546
99.4196
99.8282
99.2444
99.9332
99.9448
99.8948
99.8928
99.9183
99.9154
99.8858
99.9202
99.9769
99.8828
99.909
99.912
99.956
99.9123
99.7998
99.826
99.7526
99.9531
99.8034
99.7955
99.5828
99.9484
99.9531
99.8893
99.9329
99.9167
99.8902
99.6937
99.7735
99.9473
99.7973
99.8768
99.903
99.8729
99.8534
99.2911
99.8892
99.8161
99.9353
99.7783
99.6881
99.3907
99.9208
99.9066
99.9315
99.7585
99.8736
99.8043
99.9387
99.981
99.7815
99.8852
99.7982
99.9267
99.8733
99.969
99.9292
99.5336
99.8357
99.9035
99.6011
99.9266
99.3031
99.846
99.8996
99.6834
99.9117
99.9276
99.6974
99.9233
99.934
99.9601
99.9373
99.9039
99.9479
99.8396
99.9606
99.799
99.9656
99.8171
99.7992
99.7093
99.4355
99.9018
99.9215
99.9585
99.5471
99.9689
99.9526
99.142
99.664
99.9132
99.8826
99.9542
99.8987
99.6761
99.2708
99.8809
99.921
99.9546
99.8413
99.9194
99.8284
99.9679
99.7632
99.791
99.9081
99.939
99.8845
99.9231
99.7745
99.9513
99.975
99.8811
99.8847
99.7725
99.9111
99.9383
99.9247
99.9522
99.9123
99.8257
99.7798
99.9147
99.9441
99.9281
99.9314
99.9095
99.9385
99.9491
99.8835
99.7984
99.7804
99.875
99.8884
99.7324
99.8539
99.4883
99.5285
99.9039
99.8206
99.9443
99.8214
99.6997
99.8658
99.8915
99.8254
99.9755
99.9114
99.7356
99.9803
99.9038
99.9264
99.2632
99.3583
99.9289
99.9412
99.853
99.9692
99.9088
99.9447
99.9141
99.9441
99.7682
99.9288
99.8751
99.5699
99.9152
99.9297
99.7879
99.8837
99.8067
99.9348
99.3387
99.4768
99.8911
99.7857
99.9478
99.9714
99.8993
99.4243
99.5966
99.2859
99.8435
99.7978
99.8523
99.9571
99.8656
99.8707
99.7693
99.7383
99.846
99.8895
99.7307
99.9486
99.3144
99.896
99.9072
99.9515
99.9596
99.7225
99.6253
99.9476
99.9541
99.8958
99.4703
99.9084
99.9369
99.8173
99.5612
99.1763
99.8878
99.5638
99.6907
99.8084
99.1879
99.5296
99.5939
99.9496
99.862
99.9451
99.9117
99.9766
99.9637
99.9002
99.9366
99.9228
99.7696
99.891
99.8283
99.8467
99.1397
99.9019
99.8914
99.7444
99.9401
99.6852
99.9663
99.9451
99.952
99.8914
99.9234
99.9627
99.5728
99.9391
99.9079
99.9298
99.9056
99.8677
99.9457
99.711
99.9318
99.8312
99.9429
99.9113
99.8913
99.8917
99.2872
99.9304
99.9125
99.6742
99.919
99.7581
99.3842
99.9
99.8972
99.8251
99.7347
99.7986
99.7196
99.9858
99.9329
99.6758
99.7731
99.8924
99.2942
99.9005
99.9404
99.9671
99.8961
99.94
99.8384
99.9429
99.9617
99.4075
99.5794
99.8229
99.8841
99.9632
99.8948
99.8928
99.9152
99.8132
99.3086
99.7857
99.614
99.8628
99.9393
99.8492
99.5447
99.5522
99.89
99.7665
99.7787
99.1521
99.9267
99.8036
99.9097
99.9051
99.9563
99.6797
99.8453
99.9046
99.9208
99.9716
99.7714
99.9615
99.9133
99.8324
99.6302
99.4159
99.8477
99.9843
99.8943
99.9329
99.4546
99.9553
99.8818
99.6153
99.849
99.8942
99.8724
99.9851
99.9247
99.8187
99.9603
99.9586
99.4387
99.7368
99.9291
99.9632
99.5677
99.9613
99.8723
99.778
99.8022
99.7692
99.9517
99.9302
99.9617
99.9934
99.8665
99.8805
99.9408
99.9544
99.9472
99.7521
99.6275
99.9039
99.4062
99.9002
99.9864
99.9439
99.9258
99.6173
99.91
99.2726
99.9651
99.8901
99.4255
99.5289
99.4628
99.8784
99.9115
99.9041
99.891
99.9066
99.9384
99.6311
99.739
99.9344
99.6203
99.7942
99.9083
99.5963
99.751
99.9135
99.7341
99.9332
99.3337
99.8917
99.7139
99.7375
99.9096
99.8001
99.8779
99.9489
99.7718
99.9055
99.8179
99.7346
99.5387
99.8793
99.8645
99.8951
99.9367
99.8937
99.8414
99.8277
99.9254
99.8566
99.5336
99.9051
99.8438
99.6128
99.923
99.8105
99.9207
99.7052
99.9414
99.6304
99.6097
99.9248
99.8387
99.9465
99.9074
99.8303
99.3969
99.9713
99.9048
99.5878
99.9275
99.796
99.9322
99.9255
99.639
99.7657
99.693
99.9066
99.7337
99.4219
99.933
99.9448
99.9156
99.929
99.8998
99.7403
99.8672
99.322
99.8439
99.4723
99.8435
99.3997
99.8915
99.8184
99.9376
99.8658
99.8507
99.9481
99.9018
99.8873
99.8035
99.9393
99.9275
99.9078
99.9688
99.9433
99.7069
99.9384
99.9165
99.9455
99.9029
99.6212
99.8716
99.8245
99.8388
99.9619
99.1769
99.8236
99.8054
99.7459
99.9078
99.882
99.8981
99.9633
99.8174
99.9249
99.3343
99.9415
99.8941
99.8528
99.9237
99.5668
99.7895
99.9669
99.8643
99.6688
99.9304
99.8142
99.3595
99.5464
99.9338
99.4535
99.6034
99.9532
99.8975
99.9524
99.654
99.8204
99.9778
99.304
99.8807
99.954
99.8805
99.6619
99.9684
99.9069
99.8153
99.9841
99.7052
99.8346
99.9346
99.8249
99.8083
99.877
99.9701
99.8426
99.9554
99.8724
99.804
99.895
99.9242
99.9172
99.9625
99.758
99.4682
99.9143
99.9082
99.9314
99.919
99.929
99.9754
99.9278
99.7655
99.8529
99.7949
99.9345
99.8984
99.42
99.3148
99.3864
99.8706
99.7568
99.9223
99.3584
99.9446
99.9201
99.9731
99.9436
99.9045
99.9239
99.8484
99.9184
99.96
99.9164
99.9617
99.9018
99.7996
99.9468
99.9226
99.9155
99.6689
99.9433
99.9298
99.9226
99.963
99.9739
99.9365
99.7747
99.7517
99.302
99.9277
99.8886
99.8655
99.3069
99.9089
99.7003
99.571
99.8725
99.9291
99.7565
99.93
99.9222
99.7024
99.7903
99.9702
99.8972
99.9348
99.7814
99.8064
99.9268
99.7859
99.8226
99.9017
99.9775
99.8958
99.9566
99.8051
99.9333
99.9705
99.9621
99.7782
99.5979
99.9335
99.9252
99.9279
99.8711
99.8619
99.9488
99.2939
99.7628
99.9022
99.7475
99.654
99.8715
99.3121
99.4798
99.9497
99.5066
99.4516
99.7548
99.7968
99.8934
99.9436
99.8756
99.8002
99.4695
99.815
99.5275
99.7571
99.7284
99.5469
99.8943
99.8542
99.9308
99.8962
99.9517
99.9172
99.7303
99.6059
99.7256
99.7508
99.9155
99.8457
99.9461
99.9331
99.8672
99.6229
99.9306
99.9587
99.9152
99.852
99.7886
99.9158
99.3477
99.3632
99.9437
99.7758
99.936
99.9133
99.9001
99.9407
99.8613
99.8755
99.9588
99.8612
99.8639
99.9592
99.8306
99.9541
99.8062
99.8154
99.8926
99.7939
99.9489
99.8678
99.8972
99.961
99.7661
99.8302
99.8965
99.9147
99.656
99.0025
99.9411
99.4419
99.8657
99.845
99.854
99.9278
99.8923
99.9701
99.8659
99.9854
99.8717
99.8827
99.9437
99.9638
99.939
99.6555
99.8709
99.9109
99.9682
99.669
99.7756
99.8818
99.958
99.5859
99.9051
99.9249
99.9491
99.9562
99.8515
99.3232
99.9725
99.9295
99.7492
99.9162
99.9295
99.8043
99.9484
99.9192
99.7757
99.9519
99.9069
99.9452
99.9624
99.8539
99.8718
99.9113
99.9279
99.895
99.8836
99.8952
99.9139
99.9334
99.9352
99.932
99.6121
99.7643
99.6953
99.9146
99.9374
99.8303
99.764
99.9535
99.7529
99.9533
99.7877
99.8898
99.8271
99.3671
99.8979
99.9075
99.9332
99.355
99.9414
99.9586
99.3157
99.6213
99.9449
99.9613
99.6482
99.7277
99.3957
99.9147
99.9662
99.9368
99.9556
99.9594
99.775
99.764
99.9326
99.6415
99.9465
99.9568
99.384
99.6921
99.8608
99.9481
99.965
99.4086
99.8935
99.9538
98.7375
99.2696
98.6216
99.4828
99.78
99.9536
99.7752
99.8488
99.9136
99.9523
99.9415
99.7961
99.8587
99.9636
99.9246
99.9216
99.347
99.9506
99.9234
99.8725
99.5409
99.9184
99.6138
99.8316
99.9114
99.4257
99.9035
98.9262
99.8017
99.7646
99.6564
99.8388
99.9334
99.974
99.8615
99.7903
99.8946
99.865
99.8523
99.786
99.919
99.8671
99.9232
99.9231
99.9192
99.2165
99.926
99.9553
99.6385
99.8554
99.9706
99.7868
99.9352
99.3615
99.9522
99.7239
99.7558
99.6399
99.975
99.385
99.9176
99.9789
99.9198
99.9492
99.979
99.924
99.9313
99.5602
99.9082
99.8817
99.9026
99.8893
99.7899
99.7806
99.9593
99.9402
99.8019
99.7746
99.8775
99.9451
99.7749
99.5883
99.9086
99.9231
99.8957
99.8219
99.5055
99.9263
99.951
99.9387
99.9523
99.9275
99.8144
99.4508
99.7292
99.7858
99.9587
99.9637
99.8476
99.7129
99.9045
99.1909
99.9155
99.9613
99.8607
99.6304
99.9451
99.5765
99.9163
99.9561
99.467
99.6597
99.9411
99.914
99.8928
99.9357
99.7672
99.8557
99.9709
99.9259
99.9574
99.9119
99.9576
99.6463
99.9257
99.7166
99.8445
99.9338
99.8257
99.915
99.9144
99.8038
99.9746
99.9348
99.8474
99.5955
99.9118
99.9085
99.9382
99.8883
99.844
99.0807
99.7703
99.891
99.1265
99.9147
99.3399
99.9555
99.9007
99.7735
99.946
99.7887
99.6549
99.8839
99.3123
99.9605
99.7882
99.9183
99.7987
99.9441
99.9468
99.8866
99.554
99.9274
99.7898
99.7897
99.7438
99.7192
99.9486
99.8176
99.9198
99.9105
99.8701
99.8087
99.7946
99.9495
99.8759
99.838
98.8749
99.9659
99.856
99.8477
99.8659
99.7844
99.8929
99.5903
99.9088
99.9191
99.9631
99.9203
99.9388
99.9006
99.9078
99.7301
99.9416
99.9475
99.8009
99.7341
99.6743
99.8516
99.6954
99.3753
99.9386
99.8758
99.6214
99.9118
99.8367
99.4267
99.9744
99.5579
99.6196
99.731
99.7882
99.634
99.8919
99.6942
99.9359
99.7802
99.9403
99.8897
99.6508
99.9536
99.9226
99.6788
99.8785
99.9087
99.8985
99.9168
99.9517
99.8866
99.136
99.9084
99.9267
99.9224
99.9019
99.6447
99.8037
99.5703
99.7758
99.9049
99.899
99.7777
99.7536
99.9186
99.8187
99.8443
99.8412
99.9691
99.3837
99.7633
99.1657
99.893
99.9367
99.9234
99.9328
99.7887
99.9293
99.7376
99.9353
99.7707
99.4488
99.9339
99.9134
99.8752
99.9001
99.9268
99.6077
99.8374
99.9239
99.9483
99.9665
99.9132
99.6575
99.8229
99.9143
99.2644
99.8002
99.2807
99.9775
99.7119
99.9798
99.8694
99.9502
99.7993
99.954
99.754
98.7997
99.4257
99.9219
99.7815
99.6923
99.8975
99.9482
99.9644
99.8854
99.7678
99.8679
99.7004
99.6542
99.8636
99.8881
99.909
99.9102
99.7912
99.4999
99.8932
99.9059
99.9097
99.9634
99.9649
99.8963
99.9077
99.9491
99.6657
99.9045
99.9095
99.9516
99.9337
99.9725
99.9159
99.9546
99.7408
99.87
99.9781
99.9215
99.9369
99.9372
99.7519
99.8677
99.9661
99.9641
99.9084
99.3603
99.9391
99.7945
99.8127
99.9108
99.9551
99.9309
99.9528
99.2113
99.7343
99.8997
99.9624
99.609
99.9545
99.7571
99.9356
99.9713
99.8915
99.3461
99.8869
99.9027
99.7032
99.9148
99.9357
99.9113
99.4979
99.9444
99.9583
99.9517
99.3985
99.9621
99.9312
99.6725
99.9629
99.4372
99.8518
99.9563
99.4259
99.7657
99.9219
99.9484
99.9156
99.9663
99.9281
99.9237
99.705
99.8539
99.9669
99.6196
99.8704
99.942
99.9753
99.9383
99.9044
99.9345
99.9289
99.9055
99.8911
99.7718
99.93
99.9331
99.8922
99.8317
99.9261
99.9122
99.7887
99.9156
99.8809
99.9344
99.9238
99.6322
99.9591
99.9171
99.3881
99.9377
99.8714
99.9366
99.9557
99.9083
99.3029
99.8922
99.9189
99.7448
99.7561
99.9207
99.9486
99.9461
99.8614
99.9157
99.9493
99.237
99.8439
99.8812
99.922
99.5852
99.829
99.8177
99.4878
99.3414
99.8763
99.7681
99.8962
99.6867
99.9383
99.8797
99.8703
99.8723
99.6167
99.9531
99.811
99.6254
99.9194
99.7996
99.922
99.9155
99.9311
99.9079
99.3678
99.9545
99.6995
99.9365
99.9108
99.9425
99.9247
99.8176
99.5701
99.9594
99.9577
99.9004
99.8826
99.6632
99.6747
99.778
99.8982
99.8001
99.8816
99.8486
99.9483
99.9588
99.9059
99.9022
99.9147
99.6059
99.9328
99.9401
99.8784
99.9034
99.9585
99.9202
99.9388
99.9137
99.9083
99.7902
99.8182
99.9126
99.8645
99.8164
99.8709
99.8909
99.9675
99.8226
99.851
99.9328
99.9032
99.3272
99.9212
99.8932
99.8733
99.9136
99.797
99.7878
99.8873
99.9208
99.9239
99.7955
99.6618
99.945
99.1875
99.856
99.8924
99.6521
99.9356
99.9275
99.7451
99.9703
99.8407
99.9623
99.8869
99.8662
99.7524
99.9001
99.8678
99.9432
99.8742
99.7216
99.7628
99.6678
99.9213
99.936
99.9146
99.9278
99.9805
99.9171
99.6205
99.8737
99.6273
99.3673
99.7853
99.9725
99.9411
99.9203
99.8917
99.8846
99.9097
99.697
99.8843
99.959
99.4541
99.8841
99.8794
99.9231
99.8901
99.8891
99.4986
99.9525
99.9232
99.8644
99.8629
99.9013
99.9446
99.583
99.8516
99.8134
99.9273
99.9721
99.8199
99.8508
99.862
99.9256
99.5925
99.1468
99.9278
99.8763
99.8994
99.9531
99.8857
99.91
99.8483
99.1935
99.9328
99.5714
99.8752
99.7038
99.8559
99.965
99.9381
99.8394
99.992
99.4768
99.3352
99.7492
99.8418
99.828
99.7695
99.3684
99.9334
99.748
99.6114
99.864
99.6324
99.8942
99.9399
99.9445
99.9513
99.9
99.9693
99.9252
99.8908
99.4523
99.9044
99.6816
99.9295
99.9397
99.6414
99.9615
99.9079
99.8751
99.9369
99.8518
99.5937
99.8933
99.9335
99.8538
99.8466
99.9699
99.9453
99.9228
99.9159
99.8021
99.8935
99.9374
99.4014
99.9093
99.2366
99.8859
99.8272
99.9383
99.9275
99.7943
99.7824
99.8907
99.8943
99.8903
99.8985
99.8055
99.886
99.9416
99.6919
99.8168
99.9081
99.9215
99.9472
99.6348
99.7746
99.9371
99.9454
99.6487
99.9011
99.9262
99.9425
99.9759
99.5262
99.5352
99.8341
99.6733
99.82
99.6477
99.1494
99.9094
99.899
99.9768
99.9165
99.8237
99.8678
99.9244
99.9404
99.8762
99.8913
99.9654
99.4063
99.9034
99.7952
99.9316
99.5141
99.9065
99.8039
99.1342
99.9322
99.8907
99.9781
99.7944
99.6697
99.9203
99.9359
99.9502
99.552
99.5716
99.7593
99.9401
99.9689
99.6195
99.9342
99.9106
99.9388
99.7463
99.9032
99.8953
99.9205
99.8935
99.9234
99.9392
99.9077
99.9478
99.9497
99.9515
99.9404
99.9216
99.6729
99.8882
99.9013
99.9406
99.7625
99.9449
99.8623
99.9433
99.8623
99.6321
99.9692
99.8233
99.8786
99.9245
99.5689
99.3411
99.8639
99.9096
99.593
99.6689
99.2186
99.9028
99.8759
99.8846
99.795
99.8107
99.7275
99.8112
99.897
99.9278
99.9134
99.8214
99.7903
99.8581
99.9128
99.9098
99.4224
99.9499
99.9347
99.8683
99.858
99.2973
99.568
99.9085
99.9265
99.7884
99.7414
99.9178
99.8971
99.9541
99.9257
99.8978
99.7634
99.9147
99.923
99.9467
99.9234
99.9352
99.7204
99.8732
99.8787
99.5958
99.7433
99.6221
99.8043
99.8906
99.8891
99.8805
99.707
99.9062
99.9193
99.9213
99.9304
99.635
99.8937
99.7591
99.9141
99.741
99.509
99.358
99.7725
99.639
99.9659
99.9792
99.8736
99.9355
99.8719
99.9346
99.9105
99.9741
99.9513
99.8774
99.8892
99.9253
99.4578
99.9133
99.9416
99.0802
99.9569
99.804
99.9711
99.8227
99.9202
99.5556
99.936
99.9497
99.9313
99.956
99.7376
99.8951
99.9531
99.2815
99.684
99.8956
99.9328
99.62
99.7982
99.9361
99.9441
99.787
99.7602
99.8969
99.9274
99.6327
99.8675
99.7561
99.9652
99.7357
99.9308
99.8039
99.8348
99.8469
99.9186
99.8958
99.942
99.9267
99.7719
99.8033
99.8431
99.9096
99.9324
99.935
99.949
99.924
99.7273
99.9378
99.9183
99.9426
99.9253
99.8726
99.9065
99.9214
99.9014
99.7804
99.4629
99.9191
99.9196
99.9358
99.9235
99.9342
99.7025
99.8459
99.9375
99.823
99.7058
99.7939
99.9078
99.8939
99.3273
99.826
99.8782
99.8179
99.9133
99.5843
99.9194
99.3056
99.8432
99.4148
99.9047
99.9426
99.9043
99.9355
99.5524
99.96
99.4726
99.9285
99.9362
99.9598
99.6208
99.9172
99.7664
99.969
99.9109
99.9163
99.9271
99.9665
99.4652
99.9515
99.9181
99.9058
99.9748
99.9616
99.3707
99.8611
99.8643
99.8523
99.8516
99.7891
99.8048
99.7553
99.9064
99.5642
99.9048
99.9649
99.5529
99.909
99.8685
99.9466
99.97
99.9646
99.8836
99.9409
99.7454
99.9751
99.4581
99.8904
99.393
99.8292
99.9672
99.9564
99.7472
99.877
99.9224
99.9269
99.8679
99.9139
99.9053
99.848
99.9472
98.8985
99.9264
99.9418
99.9174
99.8424
99.9044
99.5003
99.8414
99.7704
99.8875
99.9044
99.7493
99.9022
99.4847
99.8892
99.9498
99.5551
99.19
99.8848
99.9408
99.2148
99.9435
99.7737
99.9227
99.9213
99.9684
99.8262
99.8276
99.9047
99.2794
99.9121
99.6431
99.9329
99.9559
99.9042
99.9601
99.7319
99.9284
99.9499
99.934
99.9458
99.8994
99.3325
99.7012
99.9626
99.6231
99.9256
99.9166
99.9012
99.8963
99.9585
99.9562
99.9234
99.9028
99.547
99.9304
99.2994
99.7948
99.942
99.9089
99.9798
99.6759
99.9299
99.8697
99.9055
99.7242
99.6724
99.9085
99.5497
99.8994
99.4653
99.7266
99.9165
99.9634
99.8099
99.8126
99.9443
99.8783
99.9222
99.5297
99.9626
99.938
99.9317
99.9657
99.8692
99.8983
99.9607
99.8002
99.7958
99.9566
99.8868
99.8513
99.5693
99.5856
99.9493
99.9503
99.863
99.7042
99.8278
99.9084
99.8623
99.8265
99.9222
99.5187
99.9576
99.6473
99.9438
99.9327
99.9267
99.9339
99.9107
99.8981
99.9292
99.9039
99.2992
99.8903
99.8797
99.9491
99.91
99.699
99.5483
99.8695
99.8915
99.9221
99.9328
99.9303
99.9357
99.9413
99.9598
99.937
99.8853
99.867
99.9313
99.9155
99.6543
99.7987
99.172
99.8332
99.9151
99.8355
99.8449
99.9266
99.8036
99.8709
99.9128
99.8807
99.9607
99.8788
99.8899
99.8299
99.7292
99.4516
99.9838
99.9475
99.9378
99.8442
99.6059
99.9341
99.5937
99.7212
99.8989
99.9445
99.8358
99.8957
99.8604
99.9144
99.8029
99.9152
99.9187
99.9268
99.8656
99.24
99.8761
99.9104
99.8187
99.7819
99.9738
99.5959
99.8658
99.3608
99.8795
99.2415
99.8078
99.9163
99.8313
99.7375
99.8829
99.7968
99.9012
99.7226
99.9353
99.8166
99.9045
99.93
99.9071
99.8897
99.9175
99.9367
99.8879
99.9162
99.894
99.7734
99.4014
99.5931
99.915
99.7857
99.8257
99.9193
99.4007
99.9106
99.8587
99.9037
99.9178
99.7702
99.3484
99.9544
99.9678
99.9556
99.8277
99.9633
98.7064
99.765
99.9241
99.9416
99.9478
99.5975
99.868
99.9364
99.754
99.1136
99.7535
99.8191
99.8919
99.8243
99.9661
99.9158
99.8954
99.9297
99.9316
99.9334
99.9573
99.1534
99.2914
99.9341
99.9094
99.9184
99.7588
99.8693
99.9134
99.7401
99.8034
99.7806
99.8901
99.9161
99.9159
99.5869
99.9652
99.5499
99.9049
99.8944
99.5605
99.8722
99.3307
99.9082
99.9038
99.8834
99.81
99.8072
99.9727
99.9263
99.8987
99.9438
99.7717
99.9402
99.3732
99.4614
99.4677
99.9706
99.9752
99.9155
99.8028
99.8975
99.5915
99.7366
99.8993
99.4446
99.9152
99.6401
99.7465
99.9011
99.9132
99.6245
99.6343
99.8961
99.9
99.9189
99.6623
99.8277
99.8855
99.877
99.4128
99.909
99.8723
99.8292
99.8839
99.7755
99.8149
99.9302
99.9197
99.3449
99.9418
99.7896
99.8997
99.8505
99.9231
99.9382
99.9465
99.9095
99.5327
99.734
99.9474
99.9253
99.9546
99.3541
99.6429
99.9487
99.9429
99.942
99.9302
99.7823
99.7894
99.8857
99.8645
99.7914
99.8837
99.9308
99.8978
99.9206
99.9262
99.9164
99.9208
99.9071
99.712
99.1547
99.7871
99.8941
99.8126
99.8319
99.7909
99.9154
99.7903
99.901
99.9536
99.7916
99.7966
99.9372
99.9221
99.736
99.9144
99.9314
99.886
99.9386
99.7832
99.7475
99.9352
99.9328
99.492
99.9115
99.9151
99.914
99.8224
99.7495
99.9577
99.7846
99.9671
99.863
99.7616
99.8695
99.9058
99.8131
99.9609
99.6183
99.7962
99.8814
99.732
99.4571
99.9009
99.8612
99.9613
99.5951
99.9515
99.9013
99.8086
99.9798
99.9496
99.8222
99.2952
99.9615
99.8912
99.9273
99.3228
99.7405
99.7766
99.7375
99.9278
99.9001
99.9491
99.349
99.942
99.8749
99.9697
99.9279
99.981
99.8852
99.9007
99.9607
99.9111
99.7835
99.8217
99.9606
99.9516
99.7565
99.3899
99.9304
99.9075
99.8965
99.9536
99.9621
99.952
99.944
99.2871
99.7427
99.5498
99.7546
99.8342
99.7746
99.9181
99.3833
99.4733
99.9031
99.9388
99.6787
99.3259
99.7887
99.8247
99.3414
99.9606
99.8337
99.9401
99.8411
99.9354
99.9182
99.8943
99.8464
99.4628
99.9175
99.906
99.9263
99.9547
99.7226
99.8333
99.9557
99.9021
99.7351
99.9304
99.6209
99.9453
99.6891
99.9058
99.8623
99.9701
99.9482
99.7035
99.9179
99.9542
99.9853
99.5565
99.9022
99.5904
99.1365
99.9689
99.9093
99.4111
99.8446
99.9382
99.9097
99.8516
99.9634
99.7823
99.5349
99.9192
99.8611
99.9154
99.9831
99.8065
99.354
99.8849
99.344
99.8284
99.9182
99.8982
99.4105
99.9515
99.8752
99.9309
99.8971
99.7685
99.748
99.7686
99.9068
99.9556
99.9536
99.9296
99.9068
99.8948
99.9399
99.9445
99.9265
99.9067
99.9291
99.9728
99.9135
99.7242
99.7952
99.9502
99.9532
99.9465
99.4698
99.7696
99.93
99.7654
99.9706
99.7562
99.7389
99.9154
99.9099
99.8519
99.9728
99.8366
99.9346
99.9837
99.7666
99.9393
99.8465
99.6759
99.9323
99.9553
99.8042
99.9026
99.8949
99.8629
99.9829
99.3979
99.7929
99.9472
99.5658
99.892
99.6554
99.8382
99.9613
99.594
99.94
99.7983
99.8401
99.9533
99.8375
99.3836
99.9192
99.596
99.9216
99.6091
99.8315
99.5093
99.6731
99.9268
99.8723
99.8425
99.7892
99.8913
99.7619
99.9439
99.9082
99.9215
99.4152
99.6137
99.8822
99.973
99.9107
99.7933
99.9067
99.9739
99.8084
99.9539
99.9718
99.8618
99.9625
99.7928
99.8222
99.9793
99.8806
99.35
99.892
99.8881
99.79
99.6867
99.929
99.9904
99.8652
99.9544
99.8791
99.6111
99.9581
99.8729
99.6324
99.9208
99.5149
99.7962
99.8609
99.9044
99.7716
99.9121
99.7512
99.9266
99.9548
99.9522
99.6907
99.6954
99.9292
99.7529
99.9567
99.8846
99.8973
99.5469
99.5661
99.6548
99.8
99.449
99.8978
99.743
99.9272
99.938
99.9742
99.8948
99.9095
99.7731
99.8991
99.7371
99.8822
99.956
99.805
99.6944
99.9238
99.9145
99.95
99.719
99.7952
99.7621
99.6181
99.9609
99.914
99.5796
99.9251
99.9508
99.9227
99.9049
99.5477
99.5753
99.8694
99.9132
99.901
99.5104
99.407
99.7595
99.8639
99.8602
99.9089
99.943
99.9576
99.5826
99.7707
99.2854
99.9808
99.6921
99.9204
99.8092
99.8069
99.8558
99.9349
99.9003
99.9167
99.7748
99.9048
99.7574
99.9006
99.8921
99.9261
99.7916
99.8364
99.8731
99.9332
99.9233
99.6755
99.7293
99.8339
99.9293
99.7367
99.2831
99.8994
99.9177
99.8398
99.9056
99.5511
99.9028
99.9102
99.9026
99.8224
99.9008
99.9034
99.7564
99.7651
99.9195
99.8933
99.7593
99.8356
99.8373
99.9263
99.9239
99.3374
99.9383
99.2433
99.916
99.7634
99.7472
99.9686
99.9608
99.9017
99.8704
99.5288
99.9072
99.8701
99.9185
99.9144
99.9166
99.6937
99.9453
99.9589
99.0176
99.9123
99.6381
99.9752
99.9476
99.7448
99.4919
99.8153
99.9103
99.9516
99.9409
99.7907
99.8626
99.3911
99.8921
99.961
99.6689
99.1363
99.7473
99.802
99.9159
99.451
99.8848
99.9367
99.4848
99.8648
99.6757
99.8028
99.7754
99.9755
99.3441
99.7334
99.8726
99.6254
99.7259
99.9759
99.7978
99.8007
99.8763
99.9364
99.9381
99.8836
99.9009
99.9162
99.917
99.7628
99.7785
99.93
99.9299
99.654
99.7646
99.5739
99.8869
99.7404
99.5045
99.9302
99.9402
99.6003
99.5595
99.5987
99.9535
99.5764
99.8404
99.9333
99.8145
99.9507
99.9454
99.7582
99.9554
99.4152
99.7807
99.2707
99.9715
99.9613
99.8074
99.9032
99.7332
99.7526
99.7746
99.9489
99.8216
99.9161
99.8827
99.2996
99.8315
99.9372
99.9288
99.9248
99.8153
99.8978
99.9257
99.661
99.3678
99.5486
99.8938
99.8129
99.732
99.9093
99.942
99.9371
99.9378
99.925
99.7428
99.8956
99.9582
99.6191
99.8938
99.7802
99.912
99.9391
99.8207
99.9305
99.9008
99.9073
99.77
99.9247
99.8589
99.9428
99.7356
99.895
99.8553
99.9214
99.7071
99.9156
99.8727
99.9535
99.9134
99.862
99.86
99.8915
99.953
99.9171
99.8634
99.8521
99.6381
99.8406
99.304
99.9455
99.9351
99.1769
99.7549
99.9581
99.9505
99.9627
99.9312
99.9571
99.9117
99.8528
99.9471
99.7008
99.7092
99.9436
99.9093
99.9186
99.369
99.802
99.6472
99.7654
99.9429
99.7914
99.9571
99.8872
99.9408
99.8974
99.8771
99.9393
99.7842
99.7293
99.6914
99.8699
99.9299
99.9083
99.9262
99.7598
99.9222
99.7802
99.9147
99.7701
99.7274
99.8732
99.8983
99.9495
99.9143
99.8925
99.9754
99.8264
99.8929
99.8052
99.8813
99.9409
99.9097
99.9543
99.9015
99.8876
99.8444
99.8924
99.7276
99.8444
99.8858
99.887
99.8503
99.8092
99.7988
99.9596
99.1783
99.9376
99.9534
99.7561
99.8919
99.8573
99.7706
99.9247
99.971
99.7706
99.9131
99.3294
99.6016
99.9499
99.8453
99.9039
99.8739
99.8564
99.702
99.9418
99.946
99.8813
99.7532
99.8949
99.9441
99.9751
99.9001
99.5736
99.8843
99.9223
99.6263
99.9197
99.9388
99.9352
99.9721
99.8774
99.922
99.87
99.9777
99.8789
99.351
99.8174
99.8275
99.6164
99.2753
99.7806
99.9128
99.9309
99.4209
99.9335
99.7915
99.7621
99.9125
99.9536
99.6993
99.8804
99.5835
99.7343
99.8876
99.8649
99.7892
99.4131
99.958
99.737
99.6949
99.6849
99.6396
99.9381
99.9189
99.9299
99.9492
99.9184
99.9243
99.9291
99.9022
99.9324
99.367
99.8878
99.5576
99.4627
99.9588
99.9589
99.5771
99.9443
99.911
99.9582
99.6011
99.9567
98.7351
99.9563
99.8855
99.8669
99.6063
99.3378
99.9069
99.7542
99.9567
99.912
99.6308
99.912
99.9209
99.8718
99.9408
99.9508
99.4228
99.6474
99.892
99.9196
99.9275
99.9336
99.9456
99.9002
99.3093
99.554
99.9153
99.4583
99.9293
99.7579
99.8381
99.6894
99.7277
99.9067
99.9178
99.9447
99.9655
99.932
99.8793
99.8873
99.8911
99.8546
99.9057
99.9228
99.2575
99.8719
99.8567
99.9229
99.8058
99.8514
99.483
99.9329
99.5984
99.9049
99.9512
99.9176
99.9679
99.9459
99.5816
99.9605
99.669
99.6373
99.7171
99.6824
99.9425
99.7565
99.8621
99.3604
99.8805
99.9224
99.3787
99.9062
99.9657
99.8676
99.9632
99.6424
99.9594
99.7237
99.8219
99.9452
99.6829
99.9158
99.877
99.8119
99.8886
99.9501
99.5711
99.8353
99.2539
99.729
99.6334
99.6111
99.2858
99.916
99.8541
99.9182
99.9717
99.8193
99.9141
99.8599
99.6503
99.7465
99.9138
99.7863
99.7385
99.9898
99.3156
99.9284
99.6524
99.6707
99.9281
99.9517
99.7956
99.8221
99.888
99.8274
99.9302
99.5695
99.4077
99.9001
99.8092
99.7575
99.4603
99.6316
99.8013
99.7932
99.8293
99.4057
99.9572
99.6495
99.8106
99.7376
99.9428
99.963
99.6036
99.8043
99.9161
99.9488
99.7474
99.8838
99.7146
99.8926
99.2335
99.9031
99.9437
99.8835
99.8454
99.9109
99.9656
99.7801
99.9644
99.9734
99.9124
99.8769
99.8187
99.7579
99.936
99.8913
99.8934
99.8719
99.9117
99.3635
99.3279
99.9643
99.9382
99.2736
99.9587
99.8743
99.6524
99.8901
99.8912
99.5078
99.8644
99.9549
99.8898
99.9526
99.8416
99.5909
99.9633
99.8494
99.8678
99.9046
99.3468
99.6506
99.8834
99.9645
99.8901
99.8614
99.6603
99.8027
99.4815
99.853
99.8544
99.9128
99.7294
99.7712
99.8274
99.7097
99.3545
99.929
99.849
99.7325
99.9054
99.6355
99.5841
99.9546
99.8176
99.3928
99.8997
99.8988
99.7984
99.9818
99.942
99.9223
99.6681
99.9209
99.9021
99.9057
99.9232
99.9046
99.9144
99.3084
99.659
99.9392
99.9008
99.981
99.9506
99.9435
99.9633
99.8845
99.9259
99.9023
99.8199
99.9599
99.9442
99.9131
99.862
99.887
99.9281
99.6187
99.8026
99.9076
99.8959
99.7529
99.4682
99.9116
99.9209
99.9003
99.7231
99.9511
99.9498
99.9631
99.9539
99.743
99.8971
99.6419
99.8702
99.2739
99.8134
99.8952
99.5355
99.9447
99.9462
99.9597
99.289
99.7772
99.9644
99.6283
99.7541
99.7733
99.6866
99.8617
99.6811
99.9105
99.8967
99.9658
99.8475
99.8451
99.8673
99.8727
99.6107
99.8811
99.9801
99.8128
99.9093
99.8408
99.9058
99.9439
99.485
99.7761
99.9226
99.9297
99.8111
99.3275
99.8881
99.9167
99.7579
99.948
99.8858
99.9692
99.8994
99.8694
99.9138
99.4248
99.9261
99.8644
99.9051
99.9126
99.9036
99.7288
99.3233
99.7532
99.9477
99.9562
99.7318
99.9087
99.7892
99.8843
99.9404
99.6654
99.9368
99.9075
99.9445
99.9252
99.3906
99.7097
99.8808
99.7589
99.8221
99.9153
99.9332
99.9125
99.8302
99.7919
99.9593
99.7487
99.935
99.9267
99.8512
99.6252
99.6051
99.8647
99.3474
99.9471
99.445
99.9172
99.932
99.9563
99.9655
99.9132
99.5045
99.9617
99.781
99.9389
99.9307
99.894
99.6807
99.9095
99.9012
99.944
99.6436
99.903
99.9163
99.9223
99.2775
99.9237
99.9611
99.6715
99.8664
99.8926
99.9524
99.9013
99.6913
99.711
99.8873
99.7908
99.9664
99.9706
99.858
99.6134
99.9043
99.9572
99.4551
99.7375
99.9475
99.793
99.2892
99.9419
99.8041
99.9585
99.8046
99.8904
99.9305
99.9442
99.7946
99.7452
99.9431
99.9419
99.846
99.9552
99.7886
99.9398
99.6067
99.7585
99.9421
99.9338
99.8386
99.9331
99.3874
99.7925
99.9228
99.9269
99.6664
99.6211
99.7146
99.3971
99.7501
99.6045
99.8574
99.7602
99.9161
99.8756
99.9046
99.9034
99.9592
99.5143
99.8158
99.848
99.9363
99.9369
99.7754
99.9462
99.8889
99.7637
99.8727
99.8598
99.9087
99.9182
99.9399
99.8261
99.895
99.9136
99.6441
99.9157
99.7019
99.9722
99.9761
99.4482
99.7268
99.892
99.7932
99.7389
99.9243
99.1725
99.8846
99.8699
99.8449
99.7137
99.9311
99.7176
99.9028
99.825
99.9153
99.2843
99.8871
99.3943
99.9542
99.6454
99.5657
99.8678
99.392
99.746
99.9755
99.3058
99.6412
99.8417
99.8369
99.825
99.9172
99.9285
99.8743
99.6841
99.7328
99.9761
99.9534
99.7038
99.9641
99.9397
99.6938
99.3303
99.7642
99.9018
99.9235
99.9059
99.896
99.951
99.8833
99.9456
99.9462
99.8951
99.8836
99.5064
99.9332
99.864
99.9374
99.6943
98.7583
99.7397
99.8847
99.9391
99.7799
99.9761
99.8815
99.3801
99.7776
99.879
99.9249
99.3647
99.7616
99.8685
99.9228
99.6209
99.8295
99.9015
99.8483
99.4795
99.9551
99.9329
99.9501
99.8796
99.9232
99.9097
99.2877
99.9506
99.9368
99.971
99.7996
99.8967
99.7218
99.2148
99.8849
99.4746
99.8666
99.7718
99.9119
99.6168
99.9237
99.7992
99.8974
99.8658
99.9509
99.8065
99.927
99.8828
99.8713
99.6796
99.918
99.6981
99.7557
99.9322
99.7216
99.8857
99.9315
99.872
99.7664
99.8983
99.9424
99.9094
99.6324
99.7386
99.9183
99.8917
99.953
99.793
99.901
99.2003
99.7721
99.9881
99.6949
99.8905
99.9606
99.946
99.9218
99.9172
99.9449
99.4847
99.8346
99.5055
99.9431
99.1655
99.7892
99.7881
99.9025
99.9253
99.7089
99.4508
99.7788
99.871
99.7877
99.9225
99.9411
99.9464
99.8079
99.9751
99.6153
99.9242
99.7793
99.4464
99.8786
99.911
99.8929
99.6725
99.9375
99.9432
99.9238
99.8474
99.9442
99.8005
99.7677
99.9307
99.954
99.3827
99.954
99.9525
99.7659
99.3753
99.8811
99.9664
99.9307
99.8458
99.7667
99.7565
99.5097
99.299
99.6811
99.9353
99.8599
99.9495
99.8982
99.8027
99.354
99.7969
99.8376
99.9547
99.8838
99.8766
99.7779
99.5871
99.9251
99.9479
98.9891
99.918
99.3873
99.887
99.9068
99.9567
99.9475
99.799
99.7796
99.3115
99.8126
99.7867
99.1894
99.9662
99.9386
99.8607
99.8651
99.9829
99.8159
99.8304
99.5372
99.9579
99.7501
99.598
99.952
99.9378
99.3473
99.4776
99.5831
99.776
99.9273
98.8116
99.7188
99.9023
99.8184
99.8865
99.8702
99.7706
99.6539
99.9363
99.9616
99.8887
99.9873
99.9088
99.7669
99.5843
99.87
99.8282
99.9388
99.8912
99.9202
99.2198
99.8947
99.9574
99.9013
99.761
99.7811
99.8404
99.9659
99.8886
99.9074
99.6775
99.8499
99.7699
99.7348
99.8225
99.9396
99.897
99.9006
99.9326
99.9272
99.5914
99.9215
99.9379
99.5303
99.2896
99.8184
99.9655
99.8438
99.7945
99.9058
99.9475
99.4604
99.8806
99.9408
99.2834
99.6763
99.2461
99.8436
99.8015
99.9087
99.9264
99.9435
99.7117
99.896
99.8977
99.9474
99.8923
99.8673
99.7679
99.8876
99.892
99.8968
99.8588
99.8959
99.9273
99.8116
99.8742
99.9716
99.8704
99.8871
99.9304
99.9473
99.868
99.9128
99.9101
99.9154
99.9363
99.9025
99.9296
99.9099
99.9464
99.7989
99.8793
99.851
99.9725
99.8751
99.8796
99.8813
99.9421
99.9343
99.9268
99.9376
99.8983
99.966
99.4728
